0.00776445500728548 0.940854139840733 2.00992167826245 3.06069844363754 2.06388774242118
0.024683578754741 0.815281313056524 2.24452552590058 3.01999802136017 1.84632861458051
0.0195924373090845 0.85417715259361 2.27487517786307 3.13934188290849 2.13870637298377
0.00839561279123776 0.948909854267354 2.07395739946023 3.07243146811773 1.95809191562705
0.190595084360869 0.817055447688745 2.01794530127152 2.71882567494223 1.62229514236926
0.0163330641773471 0.89336415131592 1.99489852096472 3.05614032163788 1.91389586283203
0.0342457063974213 0.896678066399343 1.92954168852988 2.80503130025615 1.75174451536715
0.00824321244727941 0.904376883471878 2.08800077129482 3.00221131487786 1.95307524834942
0.0903989235432476 0.93000522244588 2.29843544174632 3.14755739803908 2.13388036463744
0.0180956250268707 0.852874821676688 2.09684197520754 2.97587400317806 1.75269219291098
0.0138213488184442 0.971134598364328 2.09756279922524 3.05996498639476 2.00072691606743
0.0107052865364797 0.977561820548464 1.90885077657073 2.98466116550725 1.88119537713245
0.0722567503181787 0.852237660988734 1.98407776810912 2.96593813180666 1.68658910611424
0.0155358271385292 0.84261212453796 2.19810577392419 2.85577795681199 1.76045659848725
0.00851741797277164 0.898283709959636 2.10635932090249 3.01290034365568 1.8425853598044
0.0734878054164125 0.789970923126295 2.16186275039344 3.02206246867782 1.61927326540446
0.0248739284709254 0.815752796811319 2.25845918220257 3.25363719676226 1.92804384106345
0.00779102647918862 0.951037296926894 1.99942577043147 2.8233368177055 1.81690710430998
0.0091308684050758 0.983095721201626 1.9704480491247 2.97565835788017 1.77674138031059
0.0100960016495888 0.984287973089013 1.92112029405801 2.88190291480102 1.87333137798911
0.0100414141032574 0.965158695982194 1.92652463299352 2.91084307890431 1.92803167127901
0.0276804102777758 0.948616612644912 1.85029779946228 2.88419742228106 1.5877660160219
0.0149160067622976 0.878472996657072 2.23715630426856 3.0630426638112 1.8230144999707
0.0109454671895368 0.926761090253612 1.96775698584244 3.06944877223334 1.77683283387388
0.00771823108233735 0.952782773261223 2.03142083129453 3.05262033097843 2.18309733130058
0.0729895808639752 0.994858796139251 2.16332316171657 3.03088709751722 2.28827205590701
0.0106788795141927 0.993108813572931 1.98970530757277 3.00859609486835 1.65170357154572
0.0152403784339507 0.895812433591535 1.99609164936824 3.04322356887128 1.73405397311085
0.0738180152483469 0.780092184149686 2.38075985836554 3.19507822392302 1.56484174857254
0.0176505290349652 0.864210246336523 2.06361956664949 2.88422164769187 1.83503561380631
0.00821297594964344 0.937161178772064 1.99779248840507 2.96826907151029 1.78040410686836
0.0342040220358905 0.933862911552268 2.2394268460628 3.15975746955783 2.09437564724226
0.0112709817826634 0.999099604119741 1.91008123233178 2.968290851543 1.93125246738141
0.0161920562589282 0.983511804012633 2.08369615645954 2.96354966049401 1.78622769394159
0.0101296240836353 0.894017333834279 2.0561922718376 2.83623707366445 1.78924883075948
0.0088857005588084 0.918287319323245 2.01756243997946 2.95616108033735 1.77445399383766
0.00790200215072464 0.954433411181418 1.99165210354109 2.77312181153782 1.92507899257146
0.00758331579817232 0.947538435659768 2.02098859685975 2.86379480678408 1.72306337645086
0.00877268439286287 0.895091507980615 2.12668001336805 2.86788429683695 1.99393825574614
0.0107292495403255 0.884474977273697 2.07546346512562 3.12870456986239 1.95066565384821
0.00818104790482244 0.905017996187132 2.09780328473971 2.85888890776463 2.07652523537304
0.00785321239675638 0.939542702438675 2.07362918745341 3.05720360947497 2.04304421689597
0.0230801026047749 0.865720690439559 2.2888589506085 3.15850353351218 2.16656916448237
0.0146911006405033 0.94179063891755 1.91070781934116 2.94671157793594 1.82213580968717
0.0101076982200751 0.965630543714311 1.92508631294037 2.97147272788359 1.90074767660958
0.0157147528582921 0.950232360459578 1.89200206222341 2.75873555778715 1.89983454996641
0.0459600550775636 0.914043107837061 1.87707270629876 2.75362264638071 1.67346242962634
0.0094915137637148 0.938331768315654 1.96769084495652 2.94285270651772 1.81385397540372
0.0083493523315549 0.970725712661458 1.98052590051261 2.76199677513431 1.94182279723809
0.0233577737577569 0.824375584364942 2.1737066255713 2.99619209011477 1.60042598395542
0.0463339529009565 0.923337797184221 1.85962969938365 2.87803396226506 1.82299472291079
0.02763515716989 0.830437690755383 2.12102547252311 2.94997979642491 1.67883432322189
0.00763485623879418 0.927960478476923 2.04279452714923 3.06226627519903 1.96627323057423
0.0110588401929122 0.915663200402535 1.98841514605839 2.73071084498832 1.78230919836779
0.0118970727733719 0.873196150969945 2.20174827584384 2.96093659254311 1.8917656489439
0.0105779704500238 0.989829023704232 2.002154304966 3.04682506473773 1.85296844664353
0.0106616083486613 0.924584939208525 2.15482655200953 3.23646649086829 1.97031977315811
0.0456018511463677 0.965775246770544 1.79478535181548 2.8545539820237 1.64003979817014
0.00867607007352113 0.943755682806123 2.09167801928326 2.99462323109849 2.05388018786546
0.0381128347628894 0.793979685896083 2.26454396442673 2.95469427104591 1.87522675870973
0.0722286573182051 0.782632260391395 2.19294892610417 2.92506598527174 1.76466279839454
0.0108471326256953 0.97814214274518 1.90644190953378 2.80506607161055 1.84436892959175
0.00864113002679894 0.969752037279255 1.95887929502182 2.85814980847511 1.95429945551723
0.0103719778371963 0.909237586206386 2.01162961006666 2.75639704426798 1.65416709433726
0.0321439795199067 0.960200794235657 1.82391780833391 2.74319467965966 1.64622603207537
0.0252756834862482 0.978017020575745 1.81924089498259 2.74409258819877 1.7876466315379
0.0147992317245464 0.949874963571501 1.89806407083429 2.75054016002599 1.63029523697747
0.0106478131905389 0.964387294067798 1.91817104494221 2.98885219618889 1.90426904395593
0.00769856325219443 0.954174592218784 2.01691647675917 2.88484729836949 2.01090619494013
0.051607799554416 0.978773967241466 1.77145549730516 2.61979268391295 1.68829740948859
0.0260256817790518 0.850075202816796 2.30594507234731 3.12153339598568 1.90416769581507
0.0274427573216137 0.899232884153947 2.27333168913792 3.13361570841806 2.07999357080649
0.0105744767865305 0.921760758628585 1.98186372070359 2.95887957631409 1.72740490979435
0.0102603736941351 0.960692846595843 2.08453065327896 3.07925963046226 1.9897833223606
0.00790074847741691 0.936268415352857 2.08130068609177 3.03261729434309 2.04616920571299
0.0114474561544837 0.930754013401278 2.15486137770363 3.14036445855478 2.08879261320754
0.0117434647590742 0.893260055200195 2.19844453405105 2.96024745421303 1.91551440485824
0.0107435533441389 0.993363261130501 1.91382771448765 2.89454936970986 1.93162441655832
0.00917482801081823 0.90607535841254 2.14864472935396 3.1480891165382 1.78127056583316
0.00901985169240181 0.969271626817572 1.94584611924427 2.99104796341821 1.82226172321381
0.0118892580586014 0.904840032421252 2.00310668379164 3.01467881723531 1.7746587141051
0.0103057533571378 0.880882588520328 2.17137268681129 3.1158757483503 1.97879211041191
0.00769875605219982 0.952941222954953 2.00908601628503 2.94408971970234 1.95542077036015
0.00781574850014731 0.944565290960566 2.06180615068969 2.95427165810658 1.88190870848983
0.0244186788741317 0.96749936671961 2.15517782143946 3.24133131765554 1.93467031505068
0.00862875944831501 0.92999493152613 2.11317453600933 2.97537567491248 1.95052208791714
0.0397155290173566 0.794188688313425 2.30353052498491 3.17407057785316 1.74162387368565
0.150123750102054 0.741604231727879 2.36798648477229 3.05219686055584 1.67474948450934
0.00757704910864578 0.926313107462935 2.05664787621387 2.93766509446051 1.87465407890167
0.00807583504156166 0.949023399084812 2.0631349284915 3.04167875285738 1.87745469343235
0.00799956211273258 0.915962606897318 2.10446043180347 3.21175674964774 2.07272197179508
0.0152322816932483 0.957267737229094 2.13738207113332 3.13470625976011 1.90172706979962
0.00975556927104062 0.904938650156814 2.03241149654578 2.85688891654644 1.84777625297756
0.0126967295818374 0.985141216543875 1.88021771778492 2.72021371871964 1.95064778263882
0.00799902546734974 0.952856000486222 2.0502759351955 3.07890795298375 2.10218086285125
0.030690994489511 0.817959869447804 2.15551980349463 3.01177581768941 1.73233587609663
0.0185146719264056 0.943641063777687 1.88764776622852 2.88743816550182 1.77044541050076
0.0122779955035239 0.921826160849725 1.96344910945114 2.73439244577915 1.89945505118966
0.00757061656473406 0.931628494136344 2.03983528676267 3.06260889760288 1.87640361210242
0.0094594870268828 0.884947432286003 2.11959812028084 2.99988232987247 1.82963710860488
0.0364827330386111 0.823343602728399 2.11461718897094 3.08613866711172 1.79067072438232
0.0179218678034286 0.86773549632806 2.26253487317986 3.06144175373905 1.97199643941363
0.00776174396514796 0.924288891473047 2.08792895114663 3.09625509731043 2.06845733949177
0.00940000034846515 0.965863721917963 2.05673941782348 2.91833239928906 2.12891090584258
0.0127282977220562 0.902323416790701 2.00064099210122 2.84158395735442 1.80737100630574
0.0147136780646797 0.882009121584419 2.0344770258483 2.95038835797754 1.68675865386508
0.0134712121143121 0.886622918910506 2.0328540809688 3.01327190898422 1.86904430949051
0.0345549420922374 0.910000712781395 1.90216327887274 2.69561025354955 1.84316643050565
0.0105213934295295 0.883001701510648 2.17946916290086 3.01058325752701 1.81670858715029
0.0079938523127548 0.924191643884152 2.10026633378632 3.0006009649154 2.02485968129774
0.0363713501523779 0.899475653093282 1.91985978989261 2.68636935555925 1.66991463216273
0.105122508831213 0.858669710373896 1.94816840510589 2.80734265608171 1.63454268887428
0.0100394781388042 0.883282454098672 2.16601548678038 2.90970159061836 2.01915477846729
0.0160044185439238 0.873730023853931 2.24747028880326 3.32662970687364 2.13583714274921
0.00860134776986315 0.937691076047516 1.98639173074255 2.67467312781618 1.8705224013705
0.020089363318645 0.870070350826252 2.27347918915086 3.26208137429074 1.92386357504605
0.00952919035785033 0.894590881806279 2.06825064086162 2.81787005344433 1.92809139806761
0.00839539037279752 0.919938448902101 2.02670981775858 2.9919336580369 1.80093574705834
0.0464524042519571 0.986176033805567 2.15717018604087 2.94784497813557 2.23011768516495
0.00875554996323631 0.894648664502553 2.12191904874578 3.14420162218318 1.88739476781249
0.00790682005528478 0.950371102827812 1.99304530802096 2.93847702648615 1.96486619493719
0.00876509189949643 0.931509121651883 2.11419175561255 2.96199582382614 1.98206848078315
0.00960848896655384 0.921389580630962 1.99670619697423 2.86683581519307 1.789823283461
0.010727127222793 0.924937356286022 1.97377889672455 2.86839544256415 1.8952735038018
0.0267231595436499 0.84246865287797 2.08459209453298 2.76237893869824 1.65865576708364
0.125287443353603 0.910804323014422 1.83103698311963 2.71070142964866 1.82896502214471
0.01208926216231 0.933339574829809 1.94429741082534 2.96959452988312 1.89802795095104
0.0196459816552121 0.981178850043061 1.83648030165821 2.67826504108565 1.89708647902421
0.0187350448877172 0.845477151282464 2.11876388143119 2.96036197840703 1.73861042456227
0.0318505760499381 0.918975406646926 1.8904564732923 2.76852610952209 1.64928981661686
0.011695339609578 0.986852281347157 2.03339676985762 2.99300139513732 2.09490391858766
0.00865673401447753 0.900941802600294 2.07541272967548 2.89731451669735 1.9420276057555
0.0255043934031051 0.863148049331768 2.29912232041644 3.25078673214318 2.04180995072642
0.0117015602567877 0.897177941936422 2.19549910596133 2.9818893962518 1.93609207792453
0.00858493273900149 0.962844437429446 1.96032917447879 2.75806209488155 1.84680751298973
0.0331957667104004 0.961475430853313 2.18827572548286 3.22969149290002 1.9725591954514
0.0446442355507455 0.816791856545418 2.35689569032609 3.40196008474727 1.81757019886522
0.0115336402256217 0.987240045201329 2.02977800145879 3.2632596333981 2.06675308181366
0.0122263414361878 0.908069006793464 2.19160548675358 3.19193339016842 1.90146463115918
0.00997026658705697 0.953246823351117 1.93945067821401 2.91810572130287 1.88194174846684
0.00765312081190358 0.925999162977751 2.04673953772553 3.04738262225511 1.95526023171273
0.0184232752113314 0.991511873260032 1.83450326902431 2.85909464093621 1.7490419387119
0.0528828046823479 0.912458398465255 1.87201429368713 2.89444131751223 1.63633114661285
0.0101406889874903 0.877653262209573 2.12857942830853 3.09164828105002 1.6871538906104
0.0094017584151846 0.893563618085762 2.15509422080956 3.02737873971606 1.91083066699919
0.0480545780540965 0.867360577574476 2.34252404072029 3.22111091624779 2.03108376583942
0.0078178423528028 0.917909713213191 2.05974668443744 3.02580190084047 1.97882898810852
0.00768981615549392 0.92500880789417 2.08217713654586 2.86833636313209 1.75996473109981
0.0113550627942022 0.992479427777939 1.89899303554268 2.85811455105861 1.97262877935795
0.0122757939316602 0.898549370566847 2.20083466190155 3.17697456973962 2.01747611541396
0.143263941658718 0.987343255232233 1.7080562989082 2.69166975536888 1.72240099768809
0.0104435782767649 0.991116729228745 1.99257721908736 2.97786630348658 2.04228381575477
0.179530780843472 0.82370864787103 2.00433248433639 2.85159737053684 1.67059825165528
0.487457869057401 0.704637889865376 2.38142867314372 3.1680137826695 1.62164254117446
0.0108580031607906 0.88331439405119 2.07696207831054 2.84578462228752 1.80312832953477
0.00807318299243482 0.946661767173443 1.98933891514654 2.9951527011584 1.88644796864895
0.0101070614772953 0.89767836450342 2.17182314332541 3.26416654985747 1.79667770610238
0.00848758115482603 0.898989530095067 2.10140799888069 2.97222330582917 2.0593589256475
0.00934459364153832 0.948850769765844 1.9551381140316 2.86268567472613 1.81204314129056
0.0197161297498679 0.984540546444914 1.83326418011177 2.88587581880072 1.82169722100001
0.0209104085190557 0.845097273015129 2.28126105121163 3.16070494722823 2.01251514954163
0.0539123057665499 0.784075419873514 2.3390405726754 3.1479299393432 1.80522509312114
0.00776846258666371 0.944995372796167 2.05828665209128 2.91655766113581 1.96059879384919
0.0221087305369059 0.87509233580758 2.27931348505166 3.23304063279568 1.99198562446907
0.0369802060348745 0.824254184655841 2.34031617228667 3.1968697176661 2.00974143975788
0.021969349826403 0.88073265800254 1.99800421356353 3.00459531040551 1.9419473864195
0.0281586824864474 0.808805405145952 2.23467910781364 2.93598804298364 1.67789533443183
0.00931641774164142 0.954423107678148 1.94912866190038 2.96381396749098 1.67612079947815
0.0182718734965769 0.865934146430028 2.05457843339501 3.07710201178755 1.88170877999086
0.0120281673032644 0.923551000816426 1.96247342508923 3.03301127212657 1.78941866258804
0.0204329594990804 0.976482118823201 2.12179252920342 3.07964482754902 2.1239273478484
0.017511604757385 0.995104713516249 1.83771003199846 2.86743372088088 2.00139716608016
0.0724737514727281 0.806358302810293 2.39719021066815 3.04913740486928 1.8044885957189
0.0101159784856254 0.884322575859707 2.09084763907862 2.97385377193132 1.8450184058218
0.0495930776941015 0.786634853671377 2.3297454946536 3.11427515313815 1.8885097184714
0.0156827161708859 0.908217276108151 2.21766439319192 2.96401566772074 1.97972786185249
0.00772633327745448 0.923198270603144 2.04888407314766 3.05401801527642 1.86887104480411
0.0118409067319725 0.897299659734678 2.02187043292491 3.02019384377397 1.72711597373204
0.0136412820667423 0.954364596068735 1.89996063232701 2.98724566120528 1.77568010081496
0.0114893432957651 0.886548483100122 2.05588557234988 2.96960743607329 1.84558670717707
0.0118434221166259 0.881895101424599 2.20339858679172 3.14347378535823 2.0497967578691
0.160446076305054 0.825130942676974 2.44154277466264 3.24529594771678 2.10087819239691
0.00767865721167961 0.94842033651424 2.00878003567468 2.79164323669337 1.89642170098007
0.29353768513326 0.71969413275186 2.35869783445178 3.11402590323308 1.75078603449019
0.0146619173224896 0.970833009107338 2.10445569536016 3.1161139224308 1.93310639756299
0.0128960569060879 0.878403666839858 2.21746181390731 3.17696953305121 1.90296315725429
0.0450766376194021 0.787715001506134 2.30586600244034 3.12729598331117 1.86936733892229
0.0219651700673735 0.85252163018232 2.07425840226156 3.01748267484135 1.78333811287322
0.0286614132608447 0.960765589297642 2.18003213801649 3.00372691010468 1.99183957830479
0.0513938777568077 0.918430480722028 2.28693585088336 3.11208142977506 2.13005855520258
0.0372436148118692 0.965878170777144 1.80699487790106 2.66237328699138 1.60487126696712
0.0138567379022407 0.967234707444572 2.10681354673164 3.2297850044823 2.10860729322829
0.0153453926959803 0.98852610489681 1.85527429315844 2.81366376173125 1.86934839196222
0.0111845869081048 0.987376965851358 2.02377068624293 3.01109670413847 2.05395766178347
0.00956933365365048 0.958251304746601 1.94058802629661 2.95493948493758 1.86324318692603
0.0195203894214204 0.881586586139038 2.26342723104347 3.15854654123077 1.77352985880621
0.0101414135532653 0.946800900347887 1.94524627137982 2.7984213467107 1.94584904799907
0.0144992223560797 0.929748570115666 1.93182431977413 2.79356566194547 1.66318613949206
0.0114760745096101 0.86563053857284 2.16726904128361 3.07203059639944 1.9219335424795
0.0115806684629072 0.885713381533858 2.05709100870552 3.07200529057444 1.73172282782509
0.010371048455254 0.875167569082536 2.1549999499669 3.14885656969405 1.96087353700487
0.0109493084893631 0.914563714440007 2.17074237573175 3.04398980200142 2.09471996518857
0.00786593701231073 0.943086928327005 2.00202718908272 2.96781896255639 1.86747905237074
0.00817654366164661 0.923436144490907 2.10804805693687 3.15171853432035 1.89150211065671
0.257602765686077 0.938858434193076 1.75054807732103 2.66093235277438 1.71712729421852
0.0196141962296371 0.83136544843226 2.25030914767241 2.93524398359186 1.81404492128659
0.0326689508248171 0.863998468706346 2.00757801317819 2.87467747652699 1.7024951416476
0.0123674190639706 0.951250844763599 2.12814636534663 2.97194271743263 1.85828593617345
0.0279711214377811 0.822239047951177 2.30519787113733 3.31627896312866 1.96191346649747
0.00759441450664414 0.936291185453223 2.06363437988739 3.11212093389734 1.88841833486404
0.0161268698871142 0.858038324531612 2.24914757234417 3.08765430531757 1.95837695990092
0.0153370291437523 0.935958527572511 2.17676570174724 3.14505501305192 2.01934383667797
0.0095592727555866 0.934892485809134 2.12411594749318 3.19414776618185 1.76217026088517
0.0190111983860605 0.830296011128298 2.22867368555744 3.1997441722633 1.92791512304549
0.0201581256924938 0.904880875424702 2.24343898243713 3.14134018676073 2.03214929140687
0.00833294917658279 0.958888224158197 1.97044038641725 2.90836952380267 1.75591039006033
0.0080046607219454 0.949963961044175 1.98883150773226 3.11221210382679 1.80726695692219
0.0105958752046648 0.934144759219007 1.95881401292795 2.77691438707997 2.05696345248388
0.0119286831264411 0.887444659731317 2.04729911945011 2.79529883910752 1.97619612224158
0.0294806973574047 0.814651085889971 2.30215432611269 3.13712008434258 1.87856987068104
0.0285915362644355 0.810798644733241 2.28366850416752 3.17199533687522 1.99142796184451
0.012296668053164 0.861277079544085 2.18854944822844 3.05444307194584 1.98604534458735
0.0104473481004041 0.943008578305524 2.12314591150553 3.11701835393818 1.92440830358734
0.00837551892601618 0.971672522004047 1.98479178247977 3.06254411054959 1.89205656859772
0.025485387279756 0.975758805395448 2.14059436626465 3.09209754954255 2.13894042466024
0.0102389028711606 0.99213132116065 1.92864872350605 2.84692518921249 1.89309140853618
0.0097903272411792 0.905680041943605 2.02983555705539 2.90462664556429 1.77785964632426
0.261076294907142 0.898309947652134 1.82236680526779 2.72708356335491 1.74803061017935
0.0152872793955599 0.864953502370502 2.24282440131099 3.13691112659616 1.79761339324268
0.0210236623371913 0.884053330701559 2.26805379648476 3.10858587228862 2.10256687549509
0.00911297051819875 0.945935047898836 2.09682113004673 2.98776617962751 2.03413245505314
0.0104680434558819 0.944809151083013 2.12013461765575 3.25640189846026 1.94444913838967
0.0133520093142653 0.856178545437324 2.20500115829981 3.08262350909854 2.00971044398479
0.0205574171894597 0.903277220460365 1.95268295751988 2.85414868853731 1.75098742034698
0.0453227085626056 0.925540424010306 1.8570165277114 2.68255692952534 1.67978573046918
0.00927583151470576 0.887089304917768 2.13342910680672 2.99085908479122 1.76501055669253
0.00770167082614475 0.926985618816044 2.03992482569478 2.8272973368663 1.97015056659912
0.00970252335901444 0.94108098921244 2.11603264763957 2.98121799028813 2.06356191237787
0.0181524485767512 0.833874780560237 2.18851180037422 3.03109346198521 1.67724417409226
0.00892978950956968 0.972921769262553 1.94936983288352 2.88606605976609 1.83297654529938
0.0112861032286354 0.987061015649314 2.0265290198968 2.98956998895844 1.9152040134732
0.012378956163681 0.863226038596914 2.1982671832508 3.07032501657618 1.80531734583942
0.00785056731903543 0.935425266576891 2.08042565662883 2.98412546226265 1.71348046183065
0.017109836260972 0.925256364523779 1.92489822343398 2.88663481801149 1.7631989310703
0.0084980252021735 0.972606035427804 2.00055627136256 3.07314404002093 1.90091608061579
0.00864207788809553 0.896391358470636 2.10393446238943 2.89415523730606 2.03232848959057
0.0315219849132079 0.811323372074057 2.30776775559721 3.14443054257718 1.93579476656188
0.01649038649013 0.982140590324347 1.85192553340907 2.89448244142693 1.65206816175115
0.0541416666065435 0.876684949021478 1.94422789471437 2.69802937140912 1.54297135378969
0.0102313374479106 0.992207088750964 1.92923788403472 2.87335442173104 2.05386417267081
0.0151954543074909 0.957112282149635 2.13746744713222 3.09584986765572 2.12620098394279
0.0113847211612849 0.866289913359603 2.16550714624802 2.98285026389095 1.94562481817823
0.0948747542115348 0.913950042549868 1.83854384120879 2.7936238390072 1.67284000709921
0.0147872845426058 0.898507691327239 1.99294783091084 2.78596467349721 1.74989625983675
0.0457835161073613 0.805562967465202 2.15371588277879 3.15058361709871 1.58391713624955
0.0102027959563835 0.936379908550254 2.13129379928775 2.98693031861312 2.05582787076525
0.018633398974472 0.838238973006779 2.15140299248235 2.89517322650415 1.8356206451714
0.0091834736713715 0.98144141546014 1.99329363812922 3.045389848289 1.97228666273503
0.0184268305719455 0.865721613335896 2.26625429975392 3.0473576229745 1.93304412405631
0.0112036481882384 0.992114767249312 2.0065591108317 3.07738050375625 1.94451773746524
0.013512777262223 0.854008686805007 2.15622345048813 3.03707225505027 1.90346218175624
0.00779500208856013 0.957252323705091 2.01812254618162 2.97009264870277 1.99021249656878
0.0155788891963555 0.904483697067301 2.22123653796085 3.16903491062 2.00897866970182
0.00778346656015821 0.931735920961374 2.08237824616406 3.04737168115799 1.91062920772809
0.0139948634134301 0.941198872764978 1.91628399825324 2.80550749079629 1.69900997257009
0.0273602877190106 0.811522071160788 2.21677300117036 2.91178478496034 1.84213281028136
0.0182160371263831 0.838698852369725 2.25102368496286 3.15739066328494 2.0355844387926
0.0110634242986453 0.982712329384545 1.90197087846539 2.84137481298209 1.88728637716847
0.0281176205467904 0.809707953867736 2.22319045902776 2.99914137951298 1.85063809030443
0.00966733562628734 0.98417080083044 2.00058026359925 2.83074883480671 2.10469474332058
0.0143920295551036 0.924459579721702 1.94203907845018 2.89968136682791 1.88239608334496
0.0147748521918496 0.988643167102275 2.06003207891667 3.0752468244442 2.03378472948907
0.0117930006464717 0.893503369769813 2.19891057761311 3.0644332725053 2.02628517832985
0.00804476746717642 0.964791812978274 1.99833750352793 2.91884421120987 1.84719372519951
0.0153489294664815 0.850702988179374 2.13440131122042 3.15960452964281 1.90593752767766
0.0115502357429463 0.865666207089962 2.14554605581757 2.98518106232948 1.84833809414187
0.0336586179872942 0.838640661616942 2.33199066489384 3.21169647969727 1.87507485319298
0.00816342061845718 0.919115322743912 2.03677517423988 2.81170115724501 1.91705275294659
0.0179233022273936 0.926209775452334 1.91926487690313 3.01851671068652 1.70926726044948
0.0210726553664923 0.834195756177702 2.27356537863253 3.29776902861242 1.89846978359484
0.00771719847103146 0.920908432547486 2.05800725950958 2.9676073077743 1.90006372360039
0.0175002105980189 0.962589407942511 1.86623256170139 2.86072413065578 1.76930854827747
0.0295753712106495 0.94870796078741 1.84570199954192 2.63627980505971 1.81553856532664
0.0110864887584024 0.896259111056325 2.03403973476532 2.99114380571544 1.74983201482071
0.0264701754634807 0.825259419065403 2.30029836838139 3.29361182204955 1.7068762736748
0.0175208166543426 0.955528181757661 2.15329297458735 2.93171403914631 1.94817741463991
0.0111263306310898 0.868805416537851 2.16808683873333 2.96717030305987 1.86263572887481
0.0110748582460286 0.871595634452487 2.12282102996554 3.00482925743051 1.89324428516348
0.0160007952841158 0.983650483277955 1.8538437770065 2.95908343867203 1.85669864300281
0.0674742208102737 0.80474122041556 2.11889268366672 2.91239239776998 1.4942840238704
0.00978495588277317 0.973164864730799 1.92674619835109 2.77083915239558 1.90477967733798
0.0120644152137941 0.954231861115009 1.91340365357481 2.87135089695569 2.00978432058457
0.0180645360702373 0.832962711610255 2.20930441869591 3.10168485185545 1.73293107984883
0.020010681642006 0.832013103368236 2.25815334668599 3.02403979860383 2.00188809858831
0.0127741217101468 0.978608588957038 1.88280798415261 2.93517858534176 1.82577522431086
0.0149064552818025 0.908976596051905 2.2119110733605 3.11863669198145 1.86823755545254
0.0119064700910509 0.99779951675231 1.89287718902439 2.78090647011867 1.73360741983148
0.00790790700794655 0.947666315137706 1.99514842829104 2.80664297330775 1.91122559849261
0.011148061729161 0.869616097257437 2.17446490745818 3.0952598240824 1.98938351428431
0.00780308600827797 0.918337763664219 2.05941948646777 3.07882531402855 2.12692226917526
