0.0135990600030755 0.884984712437388 2.23585339490161 3.04749694706201 1.89134890036426
0.00844741247426794 0.972712300473185 1.95920377781409 2.87513296935207 2.03917186006508
0.0196626742389113 0.825471130165429 2.20358848082098 3.01573738252414 1.80001622089284
0.00912654734446276 0.965643715962169 1.93942798076041 2.9617607733793 1.82970676010494
0.0134655779582058 0.857551782137281 2.1192521597873 2.98920175497372 1.9180440347957
0.0251937901821973 0.907332648701582 1.93034488301695 2.98811298011485 1.69749474607597
0.0350850618517921 0.837609323321098 2.07368379465132 2.99885335438351 1.81385788726338
0.0111625952446516 0.873893442637649 2.09206942209613 2.9092050253559 2.04214746951918
0.295865014556147 0.983425054982133 1.68938993990992 2.68807214638079 1.65850767715968
0.00747141298790271 0.949716807855947 1.99567710852862 2.75962120413469 1.98053341192609
0.0387813611031942 0.978154120737918 2.1649232209276 3.10773566518127 1.98753335293911
0.113183326356934 0.804573727505022 2.08536697985891 2.82132480004092 1.74497638690992
0.0141489819322612 0.941687798447498 1.91445813020283 2.81028215392877 1.80400359824858
0.0224710863772848 0.822568691907155 2.18291264616304 3.17700005523863 1.6974934118433
0.037941819535058 0.909471223842009 2.28831555652368 3.20346746340311 2.09360033088827
0.0246418476062455 0.881814271427134 2.29214152073948 3.07750998844563 2.05130748028099
0.01084181461161 0.865387997112807 2.18977281685527 3.04922656931281 1.71826263823741
0.0195661006590353 0.91008953178415 1.94304233911957 2.84798977940319 1.8328870049107
0.0166768113994505 0.90369159840702 2.23818396539404 3.11292724072547 1.78574766701804
0.0389791806444132 0.797548549890279 2.3261635768757 3.15079926708378 1.90263441490954
0.018408246255057 0.977850737067001 2.11218451855223 3.03244529278782 2.08197405559604
0.0458720854039486 0.817726938138763 2.11171863000316 2.96540478038856 1.67566623562652
0.0389144500518639 0.858826735183472 2.34306037549605 3.16074867664349 1.938912914947
0.0111331564682946 0.895558574863257 2.02829721931103 2.95261100009279 1.77676213230397
0.00862708441728407 0.929153122599103 2.13053026341526 3.16307370886592 2.13564597762512
0.00735370973728148 0.937293766585584 2.01312535088247 2.98037697839681 1.87390139186007
0.00845075436797525 0.925712235596972 2.00132983521553 3.1004017368983 1.94880794438209
0.00824044205883898 0.941020999708335 2.10192672817337 3.0974024158953 1.99264081681695
0.103855066045713 0.845261473833181 1.98486840025468 2.77979244877809 1.72256886763364
0.00987979899887903 0.897156139015492 2.18601497696885 3.16933740936049 1.8777932466437
0.00879879945254147 0.885192127194926 2.15500275090498 3.12867463876627 2.08231753800622
0.00755247518320712 0.955207613024677 1.99037384672576 3.06713104994217 1.88989256798846
0.0155605856665812 0.843668729201824 2.15263533482966 3.00267338136592 1.84044515144079
0.00787812379662945 0.968466879440832 1.99141719526027 3.04039703989876 1.82852849616754
0.0175355734469493 0.883930747851192 2.00881547722651 2.85034127225734 1.86761678563105
0.00869023876066109 0.907267538659984 2.15709096761417 2.97893718043399 2.03060794567645
0.0360336596658381 0.812286734098748 2.34016114774203 2.98054915359107 1.83004323073934
0.0596140679898085 0.835151603226589 2.04215899303105 2.89060231309233 1.61812541606557
0.167667203668423 0.740620681813022 2.38511297002336 3.11684921801699 1.90990800140728
0.0121994573723 0.920680861491578 2.1870319064661 3.1942613099013 2.04604269575647
0.0095822177738312 0.875537859785093 2.16751702175663 3.15534275428435 1.8798810224498
0.00862816073329062 0.96865272377166 1.95053668946559 2.92568252519713 1.91928602573923
0.072375169029192 0.876939244192805 2.36368442725847 3.15434299917627 2.00028376295794
0.0121666134273603 0.961520635184456 1.90380982957062 2.96764691379799 1.80552012061887
0.00960647712825399 0.935828584884156 1.9647790633137 2.93671659912072 1.66265458519583
0.00712908084422526 0.948446744198581 2.02967588719746 2.9832662299318 1.67701075385508
0.0196689840654185 0.970623401968447 1.85047539989772 2.53966584267013 1.86619445510871
0.035194521021703 0.809460499699879 2.16978567640025 3.02345740784268 1.95374861186788
0.0199936681745813 0.996804061000498 1.8291884113349 2.91493610542904 1.91337527220847
0.0647059071034362 0.986257558903288 2.17589084929064 3.08753230500485 2.30239849857869
0.00919910984987649 0.886611525504534 2.08809995941541 2.95779513231419 1.92174528573571
0.00737984458963827 0.912304235947302 2.06951268926528 2.89106048754916 1.71014326085951
0.0147919579728539 0.920552090388191 1.94580738488587 2.88362058273856 1.69925113243175
0.014992394411491 0.852201833864566 2.25021417343173 3.22835772881075 2.00757859150115
0.0199280979975798 0.856218032502708 2.28885915504272 3.13809257847653 2.05937325590759
0.0124691047036585 0.988610205977458 2.04064437831126 3.2474708006038 1.9922078927391
0.00948807876258284 0.883413614307248 2.17897092083116 2.87309849058336 1.82755515874304
0.132148476547072 0.884715625507958 1.8856859952312 2.87032823171698 1.70282056174419
0.019657678020557 0.837964786136382 2.28182669090506 3.09054914823339 1.90686925348952
0.0413057399116834 0.900242908641283 1.9134483735389 2.6980912975802 1.70428932030621
0.00766871082965834 0.904768801247435 2.07954143967181 2.96004304156615 1.84376670873659
0.00870301851984734 0.957363926915953 1.95328956884903 2.80947619270018 1.92566803344856
0.0261088891276277 0.97174895726906 2.15348531000584 3.14701523574481 2.1116038147552
0.012428856445337 0.978735279127886 1.887690500115 2.82005193774025 1.92610995862495
0.0172978892227408 0.859740160416745 2.07546075997935 2.87871593273535 1.79931339603866
0.01846037843922 0.836930303151887 2.2697868507377 3.16910863204841 1.86838703109849
0.0139705328764663 0.882136788324888 2.03579450525029 2.89549140526134 1.89605287057068
0.00704751208938391 0.937934750519222 2.03228097747713 2.8516422457431 1.84803515674687
0.0102921063116082 0.867808259607957 2.17003501910005 3.17514024212325 2.08616942037697
0.00743184285717456 0.958248869835334 2.02114694983512 3.00435629809736 1.95399516133424
0.0108868772642851 0.922242753336374 1.97299022731166 2.82406403645506 1.67789711532516
0.00722244609311652 0.91464297099332 2.07668178531667 3.02381028386969 1.90428788420676
0.0130537526013274 0.899323933914937 2.00100704508727 2.80177013297874 1.87715802670588
0.0104936875827425 0.975743054445818 2.05556497565877 2.96312683287112 1.96260581547119
0.0290122378377306 0.817561434022332 2.31714605842299 3.16635736474762 1.9140718427775
0.02513108055439 0.811743273364986 2.23583418431726 2.98099679815877 1.74538177683086
0.0982416683622803 0.817301548777156 2.42297532896274 3.32562070009091 1.9836122567497
0.0364142472191164 0.796760429879989 2.23450582425985 3.12938517209334 1.56447578728831
0.00787351258099673 0.956026289497496 1.97635602584435 2.81197969601822 1.6675055784472
0.0127871309184702 0.925070590958961 1.95099380053203 2.90076466880809 1.9946484241232
0.030449925204085 0.875642868547448 2.31301115452518 3.20501839880988 2.13275195568562
0.010395545120657 0.910700395740685 2.18144516860727 3.21323154451687 2.19317133692336
0.00860340587014999 0.977365662843045 2.00125729375236 2.87810790406552 1.98220061538362
0.00815385402490644 0.898933835584142 2.1435281419094 3.00603285682173 1.82587241517997
0.0133015154308103 0.865876101759054 2.09021931602075 2.98657650568485 1.81519469477449
0.0150359474267398 0.984685582318098 1.86305257375531 2.98090360330025 1.82060382510611
0.00961400985358006 0.95270253938808 2.10235006164804 3.07541213878357 1.99580173429532
0.00793532749773575 0.939089074383391 2.09809441357223 2.83285717951291 2.03178113315733
0.0163257985390657 0.870508986502212 2.26353699600408 3.07590887767514 1.85987901477029
0.00757751560477798 0.935545680390959 2.09375850469737 3.33767256086122 2.07699666314685
0.0146073136947589 0.876748852930682 2.04529202611182 2.65431037263516 1.97054506367277
0.0251832730473766 0.963978800540798 1.83976191261107 3.02348559401263 1.78514148877499
0.0164815776480044 0.973895932918305 2.11215892497455 3.10886902500908 2.12281512376119
0.0073046025642724 0.931390406575176 2.02469151409333 3.04483777327607 1.86901242171886
0.0157094440308382 0.946285706282162 1.89868920692625 2.71228354530271 1.80083182380025
0.00726463186787163 0.923118388732968 2.04398583039735 2.90268838815792 1.9694421455599
0.0542935442598907 0.828442742631219 2.06672528397882 3.03183635135059 1.57194020208406
0.010751153391114 0.886358389106115 2.20414551206148 3.02024986033133 1.89613571856115
0.00883904104916563 0.888854926908728 2.09076425757834 2.85114204838119 2.12723585495649
0.0101349533255755 0.919976256233355 1.98585730887294 2.98604220835798 1.8654379477927
0.0485027024910663 0.851920260323494 2.36226885713175 3.21416350138897 1.98147043961344
0.00911061634050777 0.941793906833551 1.96328257244537 2.88924362630489 1.85177431604706
0.0126925194158157 0.875474780936788 2.06624994268976 2.91371229403377 1.95877279959707
0.0301477235180846 0.878955203903939 1.97854889742797 2.96515107919173 1.78704334304025
0.00899843375729433 0.97266964265998 1.94101404293137 2.98098728102409 2.17445009762714
0.00770587324623827 0.917556385279542 2.1219676549627 3.01989542668035 1.83422040280852
0.0109124355211928 0.998965433135468 1.92635524458844 2.95455083414309 2.09070274240343
0.00727859218091492 0.911984670362107 2.08506843301075 3.06509248199778 1.9253393462389
0.0214623438531676 0.821298435668968 2.26181989521924 3.09195618944595 1.87047277800592
0.00994535222467771 0.984151644423706 1.92303802208011 2.92958306135793 1.91619528017221
0.00751965138229704 0.960659909187609 2.00113031854967 3.01172642013713 1.81202211211962
0.0298030093166399 0.804837475973561 2.28596957700493 3.06811501826646 1.83775746408169
0.00869997224824685 0.894939856346893 2.07248486234095 2.97656500849603 1.85109451770552
0.0108576141087761 0.94950762442923 1.93033043618327 2.76646399074743 1.70679992417363
0.0179865043605662 0.844691191602532 2.27388403738463 3.09800852464761 2.06923391085599
0.0100590227130907 0.961991598656488 1.92653656118107 3.07898080605339 1.79909743344123
0.00754858610190898 0.938335967900975 2.08756640200783 2.87348743375901 2.01420374563467
0.0167826616972361 0.864536850089921 2.06448948028833 3.05214146040579 1.7850851305325
0.0235913696957643 0.829726979261538 2.30106168255221 3.11291853183271 1.98901456784836
0.0183530097609959 0.841098402479569 2.27398623310829 3.27673539486942 1.77839478284469
0.0114597016207762 0.876088361646556 2.07976411919345 2.85442501489524 1.78526872742789
0.00863657927392554 0.886696419702742 2.14929290900238 2.90940019306369 1.84674403872123
0.00881322720582347 0.958182952003357 1.95037636242047 2.9531293278159 1.95342513228059
0.00974819893148016 0.87289418152349 2.1639763284814 3.02991383168376 2.12469151735653
0.00910874599638248 0.895405696233396 2.0605283472701 2.83623391100617 1.89703788914
0.0358482601040081 0.962942167495784 1.81821370912464 2.92516595102419 1.79583903406042
0.00957528800306128 0.893426387724148 2.18233309784673 3.1355728195729 1.93985163005871
0.00887065406836692 0.948147668059263 2.10012785229285 2.93918711138393 1.98878192238405
0.0141459835926117 0.84491882098373 2.21719065482149 3.15861542253051 1.92321454093427
0.00792653524910588 0.954308969566953 1.97541982138377 2.95016350683196 1.81943935126895
0.0284286588505659 0.805688442480379 2.26698983490805 2.89552624436901 1.74798817943623
0.173521219662752 0.818050073900096 2.45452606070141 3.27864135632542 2.01825108179532
0.0166151584392848 0.95436122772505 2.15645945033463 3.30071694166525 1.96324537363954
0.00984938219550332 0.966570674231651 1.92621029198931 2.61622868278421 1.83755015484457
0.00778746044860304 0.941438888660519 1.99199880618201 2.89631059483646 1.72390943181766
0.00910045486590627 0.879266245949078 2.14790845051894 2.93857665296089 1.93459810859445
0.00921021946902548 0.891437409453393 2.1747716183501 3.19804565666649 1.87635513286164
0.105573975431165 0.998219319399075 1.71967536243736 2.75563411531726 1.76027105541557
0.00790049187738824 0.896774300235477 2.106870043232 2.94460937618173 1.86271061600665
0.0120965096132748 0.918694125795071 2.18892145062121 3.11751001570174 1.92020586388868
0.00715183271920109 0.929998345101166 2.03582420671118 3.03644974194333 1.9637475231132
0.00853053256300925 0.977802937595614 1.96852920252975 2.88458139707078 1.92539137557317
0.0072519414170379 0.922397018445234 2.09737268942817 3.00629088223368 2.03209241971514
0.0080961558851962 0.932815839850603 2.11330856296652 3.25548373515951 2.06281204393429
0.0268725646589558 0.893546208262071 2.28639121788771 3.23981198046668 2.02474980406771
0.0412311233011696 0.907778764048527 1.8988250734545 2.9189979559863 1.52163170775608
4.20416827797719 0.729472522529187 2.11061705968281 2.61254074332419 1.52296979307464
0.00918251571241274 0.897601670279318 2.05248530895872 2.97156252204522 1.93497929027961
0.0535582700982535 0.910807775854645 1.87861633541445 2.67735049439197 1.77971786337453
0.352985709416849 0.717100641094842 2.39527936244143 3.200924284109 1.68190954810921
0.0248052824903318 0.827331739782741 2.30585466360494 3.14961410037234 1.92980651565733
0.0114599872434365 0.878466061865368 2.07207845339125 3.04308996597748 1.77830062967147
0.0108371359923412 0.871372375775631 2.10830445118812 2.99320775150234 1.79060369509389
0.00755516323428346 0.914740542988805 2.0513383838996 2.93041964659649 1.73435040047082
0.0374348228317805 0.833917238211571 2.0791694169068 2.91811997577425 1.71977058219159
0.00796993944057189 0.9701807168808 1.99107153883562 3.17006277963388 1.98010560844359
0.00722842528347691 0.951925327148727 2.03054553157286 2.95705232334743 1.819118181837
0.03235022715662 0.955538591011495 1.83428494251278 2.62472115546251 1.62131697104783
0.00911388649469103 0.882154037720917 2.16385566886767 3.13748517212431 1.92505808099476
0.0119678409666413 0.898453432460588 2.21089395649705 3.09604750481602 1.93606718586513
0.0291010134033449 0.885170139121114 1.96694322513034 3.06674531882867 1.86915564602016
0.00778318821313671 0.933578272452631 2.10370753309263 2.95491961379631 2.11726059143049
0.0398153605263187 0.797296409153634 2.32957598885545 3.27013222485708 1.60158518071178
0.0321041168533937 0.805253173228321 2.30937504224896 3.0028262066794 1.9987072764328
0.32190827070916 0.721898991943809 2.32311627862991 2.97179660977329 1.64132905853072
0.068870959639688 0.885434885745744 2.35169076929052 3.11771925737343 2.11026160255336
0.0192782021547605 0.8993397970242 2.25520299028398 3.18910972558376 2.05317468218509
0.00751507770894718 0.92881545762832 2.02059294509739 3.00318281389641 1.91036849348825
0.00902435106207235 0.945481611418097 2.10840663328672 3.12916050559434 1.9578503619951
0.0629046916231688 0.837417824528341 2.38716793810327 3.1682973234191 1.9409467557126
0.00752184911186872 0.908799523926987 2.11575499019256 3.24796981762611 1.88665288356047
0.0361220432040483 0.809701920362511 2.33764980466306 3.19288990585378 1.88709084650213
0.00715139212278634 0.922206308357921 2.05445106943101 3.00489416950733 1.92643432064522
0.0139610247366921 0.924103932327073 1.94449827304745 2.80408238987149 1.69639089634964
0.0122835807338016 0.990497700053592 2.03208431131871 3.07816367149488 2.09970428871303
0.00853361941973032 0.895588159555727 2.15640424636527 2.97847432573575 2.01340005781017
0.0231847947082137 0.885168552018835 1.98313386250888 2.75675223409359 1.83800362431771
0.00846932833652251 0.918478868055756 2.0154577481709 3.01192111701663 1.68341080954242
0.0129791357515896 0.970123273143097 1.88876374846394 2.85187337458804 1.81320456740032
0.00944745180165029 0.880119895733736 2.1080818083086 3.10186125810471 1.88125629492221
0.0189959375865052 0.934429294222699 1.90168836690113 2.89976394413155 1.81167263297876
0.0127305108425329 0.870020059531319 2.23189891876372 3.15886468354859 1.92663995510207
0.00937645541281928 0.879543741563769 2.11391620199052 3.04280685210948 1.94270009689979
0.0100317528255094 0.873199970092222 2.1226529960038 3.02180061495284 1.66718240896713
0.0112970959368565 0.981945915300866 2.04770927915355 3.00128463431808 1.78965817905939
0.023683512209676 0.821061135620034 2.1798719167138 3.00237763758314 1.74408525467316
0.065734203878631 0.972043512829392 1.77263932759056 3.00973690392456 1.73616889884897
0.0117011589933771 0.874071404094881 2.21881455971356 2.94691398600392 2.00162534568896
0.0155841135584323 0.849106901069364 2.25413820671019 3.11293453710068 1.80200717145454
0.0118545824480965 0.950131678245481 1.91982389765523 2.74925619224946 1.65058110989679
0.0181729863858076 0.88301350451217 2.0078699545684 2.87606172561621 1.62988603732046
0.0357841258194169 0.940004824020439 1.85091832583713 2.87782239632142 1.80395049287241
0.0076410220389794 0.91776780264844 2.03985021292424 3.09008211245783 1.79746240347
0.00862813631172624 0.926113238363978 1.99706867860955 3.12786057286794 1.86141963680974
0.00749992710713593 0.947128941714718 1.99605507791092 2.78470469346644 1.77432350469308
0.010909889374275 0.915096465419442 1.98666372685825 2.927335450367 1.70268834216981
0.00873635324847331 0.884381331255409 2.12092644675783 3.02665922802987 1.97731976661267
0.0147114350607719 0.944173915891267 1.90735353678198 2.96739941651383 1.90087803605342
0.448278179438863 0.769562213927482 2.10504262183579 2.76859785617923 1.57611553286221
0.011305364246504 0.905398027176853 2.19749917740929 3.13128764962278 2.0675781563981
0.0299952168966673 0.804120097300021 2.28306278327869 3.13261537775518 1.67774947064946
0.00705401164111088 0.926827840243613 2.05133110178035 2.94564112922786 2.05607722924636
0.0848436729246935 0.970481772266397 1.76154952212562 2.82223572468391 1.87692265388207
0.00824780612567187 0.901045127359348 2.1476826679693 3.13017497748237 1.80860323871886
0.0232850774802744 0.953492713078135 2.18402350898548 3.23485749194821 2.06015355032817
0.0129127633068015 0.905156908553086 1.98920715662396 2.87506160639716 1.83682508488406
0.0217679360635413 0.818708600162368 2.23884641896533 3.13633620070183 1.84079306832017
0.138287034401327 0.781167092274535 2.44524944074473 3.35837436591068 1.83369326746696
0.0132636228517985 0.848396227544316 2.20215941149364 3.17950603431244 1.8856776764102
0.00750642551825792 0.906366673542207 2.0859895395607 2.87284972613407 1.99253497229811
0.0118422050218001 0.901694984772447 2.20664656079691 3.15804842744695 1.85318986332016
0.00911415600559534 0.970976761147387 1.93814101093241 2.88322781256077 1.81619725402978
0.0124519511867451 0.884267442518748 2.22571595049552 3.19212181199117 2.04700856840702
0.0112379489831625 0.883771832071093 2.05893619764217 2.902755780143 2.03168720681591
0.0172114763580029 0.876012972165274 2.03032969902595 2.91554150718322 1.7435095965406
0.0249222716143997 0.999721794700456 2.07952070455352 2.99560284626978 2.06361130508344
0.00715386210511414 0.945380604111968 2.05021177362945 3.05408977087422 1.98769817282734
0.00977930527187209 0.934397033926037 1.9647240242123 3.01509896042353 1.83225415986428
0.0140662527252745 0.8742209442806 2.24505481954022 3.27125433009919 1.67721842203182
0.0122700095779974 0.982608906211748 1.88763198285646 2.78821247687753 1.84463265460949
0.0209899120907795 0.884641309319367 2.27707073053237 3.17121402002424 2.09638648477189
0.00880901471253312 0.95160806019307 1.95644406307748 3.01830281694533 1.86779323263624
0.0103449244754505 0.989470094980125 2.00301466469721 2.85424936009232 1.96308153140964
0.00862948659586029 0.968672717996588 1.95050051006019 2.88762420478161 1.8294157119274
0.0301811709495439 0.992416249703004 1.79875662097567 2.67915833353277 1.81117731276341
0.0366531906238157 0.99890588013703 2.11048615629987 3.13770787610768 2.11930501115259
0.00927344134135834 0.98603551048221 1.95240953619168 3.00555078865293 2.00419556809578
0.00725909113512744 0.913087148101508 2.08005675174729 3.0858391727055 1.9818395943846
0.0127976112053669 0.897822234362201 2.00654249728111 2.85640822689587 1.91620405452962
0.0888939527260665 0.996296352635372 2.16906647251286 3.24946252793947 2.11400349153575
0.0101221595537852 0.951745696538884 2.11143228178707 3.0439458033898 1.97551122553259
0.0720689802940119 0.775224419413436 2.23119813922906 3.06755999773815 1.67728163019123
0.0327481411458394 0.896082706056891 1.93589641715861 2.74875023756258 1.6730903607243
0.0114407920483396 0.895251948981 2.20806424394679 3.03982477958033 1.95373885806525
0.02996085961584 0.836914129775194 2.33096053952479 3.2220850699161 1.96221585162577
0.014762899090884 0.932447698007525 1.92521685085315 2.8417680410232 1.76450310787131
0.0072174847034336 0.951525961094039 2.03108641547828 3.00043197248231 1.95554472876724
0.0230767712872241 0.871327548651315 2.016519480137 2.9353696122251 1.76166460055571
0.0317408449856599 0.819660727570055 2.14184682686019 2.75467331034562 1.64852335682957
0.0103492846248668 0.918164225619347 2.17185948320979 3.05681480107844 2.22227669703681
0.0533710882491041 0.804253349503918 2.14313881644251 2.8717736438945 1.74302231537238
0.0151175767300364 0.996118371849525 2.04132573023666 3.0025002898172 1.9813033090875
0.00707832941952669 0.920675742682647 2.07686245159289 3.02461422309394 1.78476554132678
0.00742304026692424 0.946953188335513 2.06321202242179 2.95851189711031 1.81314715413489
0.00883064882381555 0.945595325075503 1.96298834791388 2.85053626719396 1.82782140363875
0.0102669357772861 0.915926475753848 1.99230289952955 2.96095324985259 1.70029453348375
0.0166590019768654 0.990168240568946 1.84975420957685 2.89456107244206 1.8875652447029
0.110550199642227 0.752286879369501 2.33954611460218 3.0191916288173 1.74763901908906
0.0135809557622231 0.912697822819582 1.96862269288933 2.80929714879619 1.85540922862067
0.00700087258356938 0.930846352350405 2.04900333238104 2.91949202166085 1.81442279672838
0.00771438702444725 0.900716937690274 2.11587840411169 3.02340900425403 1.86523036910586
0.00898533246151727 0.981719864276717 1.95190203025059 2.99140858201363 1.824874510623
0.0544795004162585 0.782480403026248 2.23863877006701 3.18442812557802 1.61392528813492
0.00833324261540008 0.966922864594684 1.959485975768 2.95137628703353 1.76981452116201
0.0136016766798245 0.853032119779339 2.23116388046951 2.95068618227896 2.01095467590778
0.00928343151103555 0.980146082934595 2.01556172721952 2.95456601581599 2.21540013851797
0.00735505128309707 0.956639584596036 2.01221196920138 3.10918916258465 1.89714667221782
0.0129826937645014 0.995107914587301 1.8790079594849 2.84981667174014 1.7976125870122
0.015533420243812 0.943989645310539 2.17101853518246 3.20053359601623 1.86367271289083
0.0228161249792165 0.965496118813577 1.84493280990212 2.64332530355052 1.84712971220981
0.00763130613510784 0.90205709343374 2.10644702576631 2.97429746641687 2.01142185728683
0.0202373293796876 0.850542821524268 2.29094359088217 2.96262930186362 2.09055357222415
0.0215644696894693 0.91504507379206 1.9263669658176 2.75750541436776 1.61347862973333
0.0104026421779167 0.940949174884944 2.13643714976255 3.18753339793784 2.09714324060055
0.00946086837333789 0.988122321580946 1.95123917809019 2.94797619257504 1.8233215534179
0.00701293828020738 0.930632009665777 2.04749984953469 2.96149350446417 1.87432923962915
0.00808790968481097 0.904452983821085 2.06095957888415 2.98400335866745 1.96490987124037
0.0107312778110545 0.902082502927102 2.19420166762004 3.15457529745859 2.00950275189818
0.0176333794806902 0.959175772586686 2.15137118692797 3.07247458699518 2.05480504726254
0.00936171095631264 0.910635238596111 2.16684354876428 3.02787011664044 1.90045435939617
0.00736481792684555 0.946919950593958 2.06035207992328 2.99970373118543 1.93369044219024
0.00879472914312465 0.967762346663943 1.94611921142903 2.78549534605599 1.96684372834316
0.0527757075305803 0.870147640917792 1.96363182188205 2.73784476801884 1.67747401500476
0.0317302108061373 0.833211298346605 2.09567512482282 2.8264252331479 1.86999042530427
0.00736212971875002 0.925755716108602 2.03296257963504 2.90777965673079 1.94378069039241
0.00894232607464551 0.916461078880918 2.15337197761859 3.19759466277218 1.98511277163501
0.0106688725847403 0.906512333908187 2.18922098504565 3.12065319036362 2.02568573894822
0.0100218936198004 0.969340771197565 2.0670019188661 2.95421360040002 1.98192564011403
0.0691960274970236 0.86386210156486 1.96281264966516 2.77119004611513 1.82170567731625
0.00755236104646489 0.904062162636715 2.10615555602224 3.01970859157075 2.05162528118918
0.00970392039587196 0.956307538442663 1.93683605912276 2.85496834897753 1.86935965038445
0.00990143939264495 0.935730613515545 1.96101459692486 2.90081790849988 1.68167181963545
0.00715908378430058 0.931099763770037 2.08197935741628 2.8838003821141 1.91070307982305
0.00791465898305309 0.907241884178311 2.05861449327941 2.93108373166104 2.06564409040376
0.0292728558819773 0.907173639638432 2.27537505743464 3.26647337169623 2.02559521330023
0.00716008110744876 0.916450340700251 2.08297440510851 2.87199059055392 1.86497944878163
0.0181231230058936 0.837924407107394 2.14838573212856 2.97028428629527 1.62918681417205
0.016607467616091 0.835500050397401 2.18581570506614 3.02793886313366 1.82215393317677
0.0262682107969548 0.953301596404742 2.19268159628664 3.09677167630808 2.0571808841025
0.00800715887950487 0.894562306305926 2.12074904983076 3.05491410745938 1.67551525585545
0.00955886314088602 0.947549036750307 1.94883628459822 3.00164281717764 1.89761162722309
0.0131085027110775 0.938883025643294 1.92572652901721 2.95693218429332 1.73421503544653
0.0245548577097465 0.838276959607487 2.10502818937514 2.91974852469031 1.82862323612416
0.00745609510494162 0.958666631096718 2.02191093453429 3.01660114053476 2.00227561141015
0.00866727244221739 0.912962957733917 2.15176257447149 2.88346538586078 1.96998884021759
0.351637993796642 0.788532779591124 2.50134975612069 3.30096486172805 1.97413372522354
0.0199003049535476 0.894575757467191 2.26298841674996 3.28086802704453 2.07844228274692
0.0142283890992797 0.870437348581423 2.24745664481615 3.02791787075247 1.82692698931811
0.0430180891713845 0.801692183279571 2.17657571696581 3.2001140116715 1.66458406726979
0.00956135074957224 0.98398784053728 1.93327522287673 2.94724887984029 1.9478971853574
