0.0151708557824809 0.927134918958056 1.93337500616946 2.92440792127098 1.77515896806443
0.0087997161837427 0.908262838590075 2.03944867234245 2.99688289581218 1.72877092587033
0.0140331307277052 0.85398209896966 2.12859162830091 2.95233628830304 1.71635426640435
0.0107388158643207 0.98316907396081 1.90655465336171 2.81278962360896 2.00552048350839
0.0260858938851113 0.814069290896504 2.30729219801813 3.06444092389384 1.77242976981745
0.00779966823042446 0.937837754558202 2.0075434857144 2.94660632232576 1.84795079935865
0.00906841390070408 0.935205489768694 2.1154309934771 3.14243315128752 2.18629628738539
0.00890182073171359 0.891329193935212 2.1563345555902 3.05110785210569 1.89101584033657
0.0118294477189672 0.861049146345016 2.2097441019811 3.04284748581988 2.01202133234019
0.0265781064844656 0.986067895872805 1.80597883971364 2.91197493857831 1.88386474988032
0.0102674024530401 0.869382998920209 2.150054749453 2.99767378585025 1.95283972838838
0.0220272528994365 0.8942434831486 2.2683375056002 3.04737176500672 2.09720028279406
0.0118276786314073 0.937136751821651 2.14734039547513 3.1851284174199 2.15948375608451
0.00799840593390977 0.906634915534303 2.12119424988378 3.07746378528323 1.97605661988975
0.0268050807499335 0.807783521730065 2.22894797909577 3.13790159098322 1.82798246206958
0.0696979131577299 0.979833310332642 1.75233736112972 2.80072497069396 1.70826875307073
0.0145623100396163 0.841105106629258 2.21426200228358 2.9678531843848 1.79166040929398
0.063732025813351 0.963241195619969 2.21630248572924 3.26332438439457 2.2688714644933
0.017783118958242 0.99485251482154 1.83392847422916 2.79889842683208 1.65923554743561
0.0323845032831172 0.926573345158925 1.87905743974987 2.68554474945435 1.79070792768154
0.0429438510074657 0.814494593465034 2.37243526166776 3.28785439356394 2.11343163119847
0.216504603904354 0.790601419105293 2.48968276832715 3.12092165243655 2.0414270199689
0.0159749245487416 0.847332497141641 2.26202487135284 3.00276174315074 1.7579949968172
0.131203095008906 0.744095058667453 2.31486521918361 3.06568989472518 1.80196379804258
0.0164995004422818 0.850559017882324 2.11395860538844 2.96725830364672 1.77556830643635
0.00799624279255652 0.959342601356002 2.02239626554726 3.07486679233263 2.17825348269018
0.00799899578318851 0.916029955457231 2.11720938915921 3.02820087288111 1.79746202462387
0.00862124069670546 0.894179270468503 2.08937820529438 3.10197975331645 1.7854092103752
0.00944959025545025 0.88882242263153 2.0813314724993 2.9835082454178 1.87424213334501
0.010260998622168 0.916263755343762 1.99600490540385 2.74987915404815 1.90136187281618
0.0106020504111491 0.91560363534494 1.99306634606555 2.90382520759364 1.92735422385619
0.0492242749091936 0.920445902332158 2.28227243272746 3.10404012764314 2.12397635287646
0.650615488985001 0.771420037825608 2.07988522867767 2.86670117712973 1.52374280542103
0.0100363493034697 0.889816443123629 2.06509119853553 2.97451579041676 1.8609399530688
0.0136390515636851 0.945768288509602 2.14541158687892 2.97340588701834 2.0463214823959
0.016201439976641 0.884235575442711 2.01818359576642 2.88587942969969 1.85122226448153
0.0095684798109599 0.977871653323492 1.93178504346363 3.19463508060881 1.82160041695705
0.00869093053960488 0.891712647952016 2.09703586235528 2.97415274453327 1.9329695889246
0.0247043744650958 0.930975899623397 2.22166957155036 3.24655297203812 2.08276276194933
0.0103566428013176 0.872558765947549 2.12248333846617 2.92963396692416 2.01101728484366
0.00863332800353481 0.972991709153407 1.99281190313951 3.11247322749607 1.94067741421553
0.00998813703426681 0.872438305023308 2.16782362617956 3.07184737205368 1.67262789236039
0.0174715236029357 0.991491777334213 1.83774159628466 2.78395836772609 1.84871122431651
0.00931955930747982 0.96989554053363 2.03441238238819 2.85266930227743 1.81373882830002
0.111877894992279 0.747293122387164 2.34542373877553 3.15126974294708 1.82366563082149
0.0125903651997721 0.872252397219307 2.2293934536791 3.24099810269318 1.92201765889051
0.0113454910251028 0.966180253122829 1.9068776408317 2.97506445477432 1.92287544899588
0.0121288216345702 0.89094375384785 2.21427039008794 3.14684827413952 1.95703246810305
0.0229777801807674 0.94197596648267 2.1963915717239 3.18361243490457 2.00575330199454
0.566175986674712 0.71867070506244 2.2555862418895 3.08151487080602 1.57199366256376
0.0076887363804944 0.952887405269993 2.02404425979863 3.09993115530271 1.97108498341243
0.00835516472212594 0.910855759866752 2.04467065754643 3.1636644818959 1.89443767066006
0.0130267751536395 0.986507387605981 1.8746660457982 2.78024199014646 1.74310007834411
0.0200640654101226 0.831347338368476 2.28660043304079 3.09170009843405 2.0282572756031
0.0084264694178916 0.923918478805024 2.12066324214462 3.02612764255511 2.19226422247233
0.00753151048770513 0.91955770483512 2.06065758430769 2.93876251793363 1.79757978931382
0.0116600161076852 0.965735628798899 2.08290034155103 3.09137348123685 1.98186161942758
0.0121878018750345 0.857118995613365 2.15064369283938 2.96992948934294 1.7621920098191
0.05421740753149 0.777406466517739 2.26356806814444 3.10643252848987 1.61005061792318
0.0465745545629895 0.950823511770073 2.22430785333911 3.17847139516014 2.23256873217786
0.0144800803573943 0.898271547713589 1.99607712902781 2.93257381521773 1.81304635623684
0.0147286310709602 0.97335158407489 2.08997021304318 3.07953414728095 1.89999894648695
0.00956375285910456 0.974438574831364 2.02462838151102 3.01352387729562 2.0948760387589
0.114520299467204 0.807603118724271 2.0749060161885 3.02342398636353 1.76980925231384
0.0194552054252673 0.910808069536948 1.94390728607357 2.9773232113972 1.64001407996661
0.0088602595381732 0.955920309490603 1.95583078569817 2.90393568717518 1.75006170603387
0.00999265356098373 0.925215863562014 2.14732975680598 3.24909935400256 1.99888791399591
0.0250958988902161 0.936654663730236 2.21258499556336 3.13290151959368 2.05489721365147
0.0124912226809609 0.937446367707324 2.15267408570215 3.13023572373438 2.11040265479371
0.0224173469251131 0.960347693042196 1.84958923104169 2.87600122357268 1.60688700664413
0.0161556377939836 0.98613085395973 2.06498661265134 3.20944573749778 2.16615631120402
0.00782096352533903 0.926340046886447 2.02658229304034 2.91045843235385 1.99227278842107
0.00807400850212355 0.92703875939717 2.10609720309003 2.92130043271787 1.95164710251945
0.0108320905356662 0.938656715753517 1.94811982258028 2.62635380249633 1.74229526942358
0.0102713844243367 0.99217030284819 1.93783507428896 2.99421676846515 1.9067940421794
0.021940312617418 0.81658745014648 2.26140112624758 2.86522291572765 1.77334356772136
0.111109428201864 0.756784142369282 2.25719745709694 3.11888262370446 1.6457410427133
0.0226218722880977 0.889998443668114 2.27547504730851 3.24468825124822 1.87800846833866
0.0136104203559828 0.884832736825719 2.23333852096394 3.10158535311537 1.8492989533842
0.0518074762524013 0.832634475086585 2.38347338558097 3.25871197803073 2.09767969757843
0.0185624691292795 0.901597527458709 1.96660503250974 2.85323314810447 1.72774517850902
0.0111117035850283 0.945145278160007 1.93512530472796 2.75622428696272 1.80657312922986
0.00983360063501883 0.949139903709511 1.94563815468925 2.97522082647859 1.78888307488533
0.0642642907855046 0.804248379973427 2.40675311147903 3.23137342737003 2.06148568377864
0.00764383612736357 0.924236045874363 2.03948284907414 2.94044984091719 1.86405356960317
0.00778843053431314 0.926227605762559 2.09690994480966 3.06157697329767 1.89072033209394
0.00768643751832512 0.9533944115333 2.01043290796578 2.88867642878695 1.81265713058008
0.0156423315056278 0.894413291041771 1.99740499312076 2.94599745826144 1.6529773984044
0.0102532429481509 0.924344329985998 1.98001010944881 2.94209916032829 1.89229026218659
0.120327031777315 0.904290116607016 1.85202918005077 2.79870849645914 1.81590171920688
0.093292452997133 0.803203948678948 2.43457957412951 3.1473515758706 1.71069410331833
0.0161198683731397 0.922647242712934 1.93632925782784 2.99729807492594 1.54317773688144
0.00956708515871159 0.876247898640377 2.1457121845449 3.00968909566843 1.79472116987156
0.018304368694439 0.920135228215555 1.93058774506501 2.9481688380805 1.74659027111583
0.0159447009475536 0.880951429606083 2.25381390518926 3.06084253174693 1.95563046531046
0.0200216473269727 0.924602191942527 2.21717678607117 3.14155987053962 2.07925089667461
0.00977160337908392 0.94638717451436 2.1046355917499 3.02592952851633 1.88385876980618
0.013051882763613 0.980155072272793 2.05775570824811 2.9151500577481 1.89669523276161
0.00816593867708917 0.961609472023817 1.97721128675314 2.83138941066723 1.99660964707742
0.0193625125374821 0.956917141753306 2.15311968540978 3.26138757571693 2.21097803778359
0.00812923821660783 0.964390256238406 1.98607080236477 2.94339823436995 2.0332580710051
0.0610218573856584 0.807577563322237 2.11882411913128 3.09683110398716 1.72808673671626
0.00982143485327728 0.944204753792153 1.95256680113823 2.71099429162362 1.90093877533722
0.00851479088966633 0.897751512130548 2.14382585792073 3.0584003144478 1.85223867739551
0.0220587792042345 0.815844351398071 2.24339879521875 3.03878492478426 1.90552862038312
0.011421852135405 0.888706103960359 2.04719545247476 2.97980937821395 1.78691958867062
0.00858591150467848 0.95420792881506 1.96409605240736 2.84150283606921 1.69467224727237
0.00739895693021312 0.925845051366625 2.06131376199551 2.85847895705856 1.75354369450019
0.0104161892258249 0.896575637453724 2.03981779846127 2.98093910379302 1.63846813802268
0.0466098933078049 0.978163161915045 2.16568825868899 2.94844828212645 2.22753461620971
0.0198548776987696 0.949545182976705 2.17052344925745 3.25851570771745 2.22390072649492
0.00802348496749307 0.949491863163998 2.0577175846264 3.19388953853527 1.86930285056747
0.0080760595843616 0.9636922066987 2.00223681121775 3.09436347642862 1.94415653377579
0.0106887944422876 0.878870143776728 2.08825472118809 2.92985176029702 1.82352049322431
0.00890055003182657 0.899334367913127 2.15656810193416 3.06127482797386 1.89423559928248
0.0121728750793317 0.888911151515584 2.03804707398853 2.75698068893479 1.76470264446576
0.00926529009728316 0.891502784986831 2.16809264251414 3.26554835893213 1.93048732484929
0.0133101496226431 0.847761387289979 2.18409845182479 3.00509035876245 1.95507068723188
0.00806687012958374 0.959282667799183 2.02748356795722 3.00536555678697 1.89733240020124
0.016244553925753 0.845842172359059 2.13462096640891 2.9657777367591 1.77979633097469
0.0200122470192335 0.933195365008658 2.20232722958847 3.08113030722739 2.09323758955743
0.00741931045407987 0.928455290442191 2.04786901633039 3.04963327368243 1.80733733229382
0.0283796289574007 0.814857929178672 2.32374639095554 3.20573910576975 1.99266612152542
0.00799340049403067 0.952987878551503 1.98499742771856 2.80172976064888 1.92352153744183
0.00769294622024229 0.919832019406369 2.09969535067407 3.07273518919385 2.0884718616103
0.0113856208757081 0.929881428584365 1.95706311856448 2.99888712362585 1.70264117140163
0.0087326342919868 0.973316179411066 1.9986236537014 2.94304250940093 1.90750086081342
0.0114172785736941 0.982836317322833 1.89551611077704 3.04605233309616 1.80104020665437
0.0273577367739604 0.830568263177637 2.32895384232325 3.13788015931838 2.05512400498047
0.0100698866626261 0.924505682608931 2.14952337922107 2.91739469847616 2.03218657812106
0.0508569755080945 0.787311526704147 2.21511237441424 3.04643869305282 1.69825424481839
0.0110781779785184 0.996243116521133 1.96566937237525 2.9656501886337 2.11635628808441
0.0756990748272547 0.947073571535382 2.25770387088575 3.19296042557672 2.10170962786613
0.0127250410256757 0.883308912745066 2.22616976359603 3.17832808930939 1.78634463898069
0.00956988059240831 0.964304194490076 2.05706337491684 3.0235348219825 1.88155550743817
0.00778649024935605 0.942859512351726 2.00187368009698 3.00760181764945 1.88696727639072
0.00753317713293065 0.922091733483213 2.05249219454651 2.89313361854534 2.08384880900935
0.0171215575892105 0.909315701319508 1.9572354171365 2.79662360634381 1.81522025780044
0.0141229075752756 0.843117537319722 2.19968403577728 2.95455174265271 1.75453736006066
0.017215132576996 0.916156279521733 2.21848530747751 3.27459781226249 2.08346411783038
0.00875998109977767 0.919059954069512 2.01504412254623 2.93749921938923 1.86292897737101
0.00866023412554626 0.92278690058265 2.00943816798944 2.92231966030849 1.8994280666573
0.0110373509061083 0.876446012884348 2.09023588334026 3.01857029001237 1.78372956989964
0.0206657751623549 0.984919464958011 1.82730329320114 2.87006793171967 1.7910704051952
0.00819363653349987 0.915432672496522 2.03803525405707 2.99126214137263 2.01429719604274
0.0265423115268558 0.906026556275556 2.26630064789346 3.27037817123913 1.99394684846609
0.0148229042850008 0.846770519746667 2.24602151890002 3.04442965658943 1.88204656209579
0.00970388679070621 0.959051042996092 2.07372115028903 2.96838415999173 1.84359468544968
0.0130333076705386 0.897566592537267 2.00864248928588 2.9497513183087 1.6657245918808
0.0127476261125631 0.862655437726051 2.11269366756915 2.96086165013786 1.79594162406283
0.011537156488183 0.940754361082756 2.13761006640011 2.86293499468474 1.99950119137736
0.00809777670909875 0.903899639611739 2.07652889707327 2.94930854896199 1.81530918285576
0.0119242034521799 0.97774994826079 2.05285815728536 3.04252483606387 1.91877293694365
0.0239627574195533 0.862011221144947 2.03919101435652 2.92536803481903 1.75412874334843
0.0299228582288647 0.851299870641806 2.33179086803479 3.43329898283684 2.0085324097701
0.0435352195079524 0.892705895731122 1.92726066303955 2.85907842884074 1.73990981495114
0.00761908459749839 0.951196147320349 2.01880684701932 3.01792599611017 1.84664197105603
0.0530625386976366 0.775025990355605 2.30975789133454 2.97525217524559 1.7972393198106
0.015907054020398 0.892632378251437 1.99992350056347 2.9659432532167 1.80839651674813
0.00818735462242997 0.900127609891215 2.12833344466481 2.96703266942241 1.90446431519182
0.0119917829839555 0.862277479458467 2.21578067193978 3.08874799416986 1.87199168840072
0.0093564686740028 0.977285022293928 1.93805213166144 2.93424462780781 1.91296645309065
0.0141304532333134 0.859982249435192 2.24737374334325 3.06925078493782 1.92806315964823
0.0121120316155161 0.94253016204009 1.92930291207677 2.80499575037025 1.7434517213571
0.00750441126814111 0.932546665040505 2.07138846320475 2.93530748755819 1.80382494329856
0.0078205065231836 0.915795774514267 2.05181822339068 2.86991312632275 1.82797803667787
0.0111977778840532 0.92226366967546 2.16661065584247 2.97935544333689 2.19861441087857
0.0115673195867304 0.993373264992072 1.9932055420809 2.97997161080773 1.85844136993023
0.0120267848016566 0.999461822675276 1.89281756879357 2.91353621265339 2.00852486944272
0.0117751423195065 0.90199538614226 2.00999077470673 2.89271556475023 1.91006249613682
0.0264216086738969 0.906954906299243 1.92942339441114 2.90646015502935 1.59832281956899
0.13671611405724 0.748508084980132 2.27269755022917 3.15281581821616 1.83240368980536
0.00882594332805699 0.885860450713262 2.12823289985032 3.05340337540131 1.89824911347246
0.0149478896616902 0.87598920941586 2.04786245162026 2.79621297444045 1.7497967578477
0.0118189429924686 0.882271705670307 2.06031130246586 3.13335581395919 1.90860960968445
0.0818344716752968 0.824345585026294 2.41800427360755 3.07257427447527 1.93344447280509
0.0102616878510653 0.987088995626573 1.92003247078262 2.9377760619688 2.0947400108828
0.0153855437936079 0.863239866838113 2.25961940637226 3.22809272802378 2.02590284257691
0.0171263064695768 0.997702406275864 2.03658092915724 2.91274366741441 2.01291552931104
0.0583730102421551 0.883530295593769 2.34474582793815 3.20185948049933 2.08701879061446
0.00929253923984271 0.982589774537727 1.95958858175887 3.07520589186327 1.80975146792781
0.00845607446482681 0.967644901990458 1.96683809220545 3.12811881516434 1.89776820413532
0.0193683763095155 0.871255279927015 2.03400418623086 2.86156752670224 1.59138760884884
0.0486050738583169 0.937868669908492 2.25138813295481 3.19844268586949 2.06208468718944
0.0130248936414439 0.995585202679065 2.00711642416776 2.92249139446228 2.01549817703912
0.0221319497303806 0.821619500252582 2.18818884447387 3.08646703120367 1.83576776704198
0.00765711491590056 0.950092760278078 2.03461230055209 3.07291335962126 2.08115453729865
0.00978074849403174 0.973543675429096 2.03276756448494 3.33151477943702 2.02750764693324
0.0131345200988127 0.956907422786816 2.11776508061866 3.12919092998372 1.993929604807
0.0110804617351754 0.925299348717185 1.96854340143256 2.88849752417441 1.79080304096779
0.0229571174731654 0.88295549883595 2.28444988858857 3.23451583480833 1.93055183088254
0.00891646647386626 0.884529884795141 2.1309079734566 3.08213914007844 1.97435244549943
0.0289821926030243 0.840610156007132 2.0819796654751 3.06117149320724 1.68245703698031
0.0484950544028018 0.994086629123684 2.12948171447084 3.32256241854367 2.06993213707392
0.0696936722724584 0.888060791877702 1.91113404663817 2.87143115493775 1.50665251217846
0.129913340190352 0.924762103442629 2.32355905676529 3.07242215744046 2.24769649520052
0.00753967279273289 0.945817088008554 2.01725078385962 3.0187771417695 2.00263584361591
0.0294375459154709 0.984812447042059 2.11963835650733 3.00227153495547 1.95730752148711
0.0148197001401787 0.873645345528961 2.05531439897079 3.03530516011281 1.78180730951664
0.0279671467996663 0.932515869266086 1.87790458452725 2.77587912779709 1.81244430326468
0.0131332976539917 0.965965602681812 2.0963655427832 3.07667120794425 1.9879148144293
0.00777676875997403 0.954962838593485 2.0001314817337 2.84611519638988 2.00767775392764
0.0588342736799859 0.917849558281338 1.86104023439829 2.74517853918058 1.69984745766523
0.0120624849830156 0.981103820242215 2.04437246176895 2.88030848132535 2.0301798769554
0.00970176004452289 0.964095633523788 2.06012145454266 2.98114525799462 1.7507480318221
0.0159268154997117 0.861012414282118 2.08384086385367 2.90574103145031 1.74561964086393
0.00995477457648072 0.989179612144744 1.94186662131238 2.93233742756737 1.82435924104029
0.015839285721659 0.858407142752555 2.26413340352538 2.95720560617534 1.82198928021655
0.0596685400031492 0.781996736300243 2.38358106392781 3.19784325872469 1.7283118914694
0.00914817461869188 0.891810467785683 2.07927369190509 2.91140060659421 1.93980577357756
0.00818843955137884 0.962330536523564 2.02170035975793 3.00251751212732 1.98159750870253
0.00765280651521751 0.929290092836684 2.02835614639268 2.97062403119867 1.84705747505435
0.00856242619812845 0.905978941438582 2.05179029067344 2.94527645922121 1.67702609661104
0.0150834850911872 0.839606890171286 2.19043041949641 2.94289454763257 1.76415771804735
0.0097272526404496 0.939255950112365 2.118616907591 2.99685093202561 2.044484638744
0.00906772646294678 0.883030911847171 2.12578381611206 3.05689720961195 1.79732179032615
0.0108484302838289 0.872203197253563 2.11023891419257 3.13718655203398 1.65087184543539
0.011077851902276 0.902537340263672 2.01635929043518 2.84154025253638 1.60257882099979
0.0193184673770617 0.857835570420008 2.07108816023107 2.92186995277381 1.83965999468563
0.0121013049775453 0.899086421321727 2.01352884710349 2.87010598944689 1.99276980420978
0.00968108379924834 0.881132854699956 2.17588587533043 2.94388739961982 1.98117402059209
0.00894962723454796 0.888257286359166 2.15542003759987 2.99386523513543 1.79073477490927
0.0115203681397632 0.861483678984912 2.14530187999518 3.19701854470113 1.96511284923853
0.0116558364167454 0.928481252229856 1.9569241429631 2.83859334820818 1.75426260429565
7.25656020637415 0.717519112327578 2.12150776785066 2.89868360728353 1.46184765273555
0.00874809521041234 0.945526173288161 2.0880014848677 2.93264427390744 1.95670730183029
0.00767456784487048 0.911455907951961 2.07861028229088 2.94163777153449 1.91247787430726
0.0100723592924525 0.89823150279842 2.04078464557298 2.97901582035708 1.65925432068544
0.0110707576146149 0.925510867071837 2.1600775997568 2.94053244553514 2.21945657980356
0.00755448456225898 0.916560731186503 2.0886570391821 2.85405005446192 1.80320563294256
0.0256216388806522 0.826909117125627 2.14019945686439 3.08511390239483 1.84355943842574
0.00851976865076855 0.908069693177044 2.14096231501127 3.01340982780709 1.98341056582238
0.0153389279058449 0.95450442015464 1.88862768233793 2.9151483858399 1.7376448810213
0.00806787423040965 0.912594074360645 2.04984840549926 2.72347177851546 1.989001450357
0.0909208137806424 0.757321395382011 2.38164765731067 3.18918735355871 1.76032440395386
0.0144022745227175 0.972020169384338 1.87357957384631 3.00011257244962 1.88630149758405
0.0187601600099203 0.878955911798073 2.2712667143344 2.70034155346064 1.92608027370316
0.0237459970471488 0.813969454005215 2.28158035340783 2.91255359682796 1.95591332131033
0.0140225793200885 0.85589151528012 2.12093871216742 2.87110367345893 1.85180901721068
0.00903022233923439 0.933180927205215 2.11842684650468 3.17525744897688 1.79196376687011
0.00760077972864488 0.947103103518257 2.04098931718016 2.94859059259625 1.96939044024913
0.0429738790854213 0.817136888516124 2.11856595015022 2.9433392523718 1.6045594963338
0.00748538697294006 0.928654365804088 2.04038191344403 2.96638138920001 1.94291950865141
0.00765744438395692 0.922588218769866 2.09508640227564 3.08085773182499 1.84490454276127
0.00772167302610824 0.909985357088673 2.08022641178866 2.9838531894989 1.90095546191473
0.0093429417891295 0.975459733893093 2.01461302548387 2.91152247852468 2.13148253027193
0.00874002936952442 0.955060926453032 1.95944214754127 3.00316071759627 1.79989693253971
0.0108438925309911 0.900295858454184 2.19082789844961 3.24270592882924 2.00326397324236
0.0160606772109637 0.929690331064708 1.92386527181139 2.91885444314412 1.89252674638858
0.0542379572032908 0.813988179014641 2.1085061066452 2.9805728086317 1.6601485116544
0.0096991385202944 0.92737492820037 2.13958434896723 3.19170641664831 1.99990981787957
0.00870959593384592 0.963990122132747 1.95515442570629 2.93501470411908 1.94734821255804
0.113154369501074 0.909766502036045 1.84422932616698 2.72413664915922 1.78918677934436
0.0122583072210693 0.858397183234661 2.2156020694854 3.08396250959242 1.86303351524743
0.0376978329469238 0.799173256733959 2.34465961377286 3.05780370678455 1.81069662734452
0.0129690945036963 0.962606691604345 2.10314977524107 3.36731014738404 2.02574081712662
0.0102374867032724 0.990955261527148 1.96559989372624 3.08663019329589 1.96072498853555
0.0132001720486395 0.850729425689838 2.22064927291379 3.07936844059024 1.87168950302639
0.00756644156515295 0.946062092278519 2.04137456347969 2.97783385203128 2.09500612890115
0.00898495880561621 0.884214030963857 2.14635454838451 3.06503836375932 1.81699915349625
0.0103420848285037 0.872961659360128 2.18705895078601 3.1393052878744 1.71478730630358
0.00898893388581645 0.976410067731594 1.95261980402524 2.98198877082156 1.97439100519171
0.0154638241311345 0.939902292763755 1.90985346437143 2.76265553440401 1.92006861556821
0.00853085515231147 0.89067924092218 2.11761214803543 3.09657300856133 1.66880161203885
0.0085311131864906 0.96810765003632 1.96333163248001 3.00603257925781 1.86277376382369
0.0142639061629991 0.884057076429378 2.23932521433784 3.18850258010513 1.89233330057508
0.00900913941861051 0.89848963576004 2.15980202691717 2.9368726293741 1.88665483663419
0.00821496220393514 0.903133650279247 2.07330422267677 3.01049632736643 1.95002325725483
0.0649751030480081 0.810348287054368 2.10539187444751 2.89740523595845 1.71956055791073
0.0294936741166954 0.869412191593296 2.31691711276866 3.28689961792722 1.90393351023116
0.0132108895950445 0.995738380513817 2.00887199694161 3.0295748190177 2.07436800028653
0.0130554393944393 0.886892855978102 2.22674756601971 3.16729233232593 1.69284904257626
0.0230025237874137 0.932354431700241 1.89146170210919 2.8869758715673 1.68346652858439
0.0096513569385258 0.942666024508692 1.95733389033306 3.07475747379492 2.01780551347428
0.00775631510751074 0.925717738623501 2.09621625539685 2.94111865309051 2.05790784889077
0.00878487922898951 0.927404631552313 2.12347094803383 2.98879431807929 1.97767017406191
0.00799123486207843 0.945144394366159 1.99106581428743 2.88051175961203 1.82449395051741
0.0414794839018461 0.990108792438575 1.77071882458276 2.85965204519165 1.75693703657153
0.031084237107089 0.95876261533573 1.82918448691356 2.93454405512308 1.53959704929863
0.00942425209144441 0.978203290967504 1.93657363314022 2.77279390040542 1.88110040063077
0.0110147294815773 0.960770308606638 2.08801719819693 3.03374189981493 2.08986266665365
0.00745878462734203 0.935709126487872 2.06110516879518 3.03721078783818 1.85283537199784
0.0259644110190565 0.855202978080114 2.31758462228046 3.12186047799013 1.9913563620297
0.00903453617135894 0.882835116564962 2.13876250283591 2.97810049030636 1.86967009540146
0.0201872191658973 0.901985666030466 1.95910140535822 2.87707243245739 1.92783499381185
0.00738736863150222 0.935941244187657 2.04253819620468 3.00216689393297 1.76553593837755
0.0345050180600489 0.920769061089794 1.88574395535973 2.83379750875924 1.73181373887697
0.00743664055735575 0.930263848232199 2.04178720974994 2.94147050021555 1.84126013228957
0.00997430505296312 0.929112325243105 1.9748846167169 2.90400222943694 1.84743250807679
0.00994318988956392 0.945636166370295 2.10877224216738 3.07111151702097 2.09722462166448
0.0150371750108956 0.938087115886867 1.91528652939515 2.86792976046136 1.7556353008238
0.00874403358350946 0.947429793431662 1.96738976084373 2.92018468214188 1.69416790230174
0.0242886089451383 0.81407848433491 2.28974364355132 3.00468558760954 1.82198749473711
0.0380322471578562 0.915998261372531 2.27446700058065 3.24211558558418 2.002885208593
0.026370863097366 0.948677604363464 1.8552199901084 3.01855513633643 1.90621409160778
0.0829095954297355 0.953388296183622 2.24998182835171 3.33897830020829 2.09299259685926
0.0106496498818208 0.968708151812241 2.06244083166977 2.84627208141447 2.02312920527482
0.00974969261602711 0.978569334313173 2.01374913107176 2.95743152255131 2.20398743542002
0.0161747017674846 0.857942665588364 2.26697140502623 3.16333051098624 1.77145975874028
0.00968806338985168 0.930425909856364 1.97661927995002 3.08548135197938 1.88417975741637
