0.00721984674786666 0.929566442409408 2.04337469276821 2.92070175782448 1.85851607963718
0.0105291279287185 0.865844606489779 2.13379569522528 2.88223074518174 1.76702150677302
0.00752069839679689 0.907236549813646 2.09614629741924 3.11650641676768 1.91251114530362
0.00799110208013648 0.918438076554657 2.03167709278919 2.74786614199491 1.94739322366411
0.0280021436938267 0.859628668385764 2.0341031871443 2.82730416593427 1.69249708524165
0.0388773382201483 0.814051925494376 2.37236545804586 3.24566606654578 1.98602597524925
0.0100238742038307 0.961929394337032 2.07511776344412 3.03706068042163 1.91405044953223
0.0522529801313106 0.765933020495302 2.3144399747957 3.01435533815644 1.83033983269864
0.0076067650931386 0.953205816037432 1.99189956528521 2.97990813475707 1.79951500705714
0.0119531101747872 0.87444777464795 2.22573010256406 2.95503023606688 2.01870433069562
0.00810501224138329 0.893732079462808 2.10565766903718 2.91939540099445 1.76948273208591
0.0104913244328825 0.999558006792496 1.94495979990715 2.954230262099 1.99241667552655
0.018891246192827 0.819251592834729 2.27317768517357 3.04122058836757 1.90543743509403
0.0264632407323606 0.898069137921791 2.27175875107516 3.24445584325967 2.03616429931269
0.00778410747241847 0.938845425040461 1.99957311847838 3.02516258466543 1.94127558661007
0.0113825818079545 0.913787051149284 2.18046020884507 3.02080991862675 2.2222492377427
0.0118708328687722 0.85219008633528 2.21284039918236 3.12962095999258 1.8216192798349
0.00928908695981305 0.900832452158469 2.16893893781844 2.91381337311262 1.84895243174658
0.0137415434126881 0.871865187490494 2.06745773543469 3.01472545482903 1.85099258439798
0.012374284441883 0.899351620912699 2.0108579433447 3.00557410703777 1.73913349310229
0.011485181238064 0.969862766056045 1.90058679612396 2.93843073498128 1.91585622620909
0.0632755927793596 0.864184908076238 1.97329948444423 2.69515219190208 1.76540841431405
0.686161571575644 0.928776948657191 2.36932891025464 3.33065490298025 2.12012138269346
0.00757989066021741 0.908465283636363 2.10981752413816 3.31278515898899 1.75340759622742
0.00784549073932673 0.904639349317597 2.12598518921191 3.06010051054816 2.01147540267166
0.010599216874513 0.991364642557544 1.99499311347481 2.96811745080289 2.06084361817602
0.0113034974671795 0.861836703312727 2.13181012929505 2.96741223169019 1.92817135438291
0.00800502842083305 0.900685595581654 2.08042508911141 2.95900196080425 1.84145914237498
0.00770381871865887 0.908247889351378 2.06969666888163 2.79478474663784 2.03323908197653
0.00719174449175064 0.940111066843263 2.0432998730858 2.86302970403987 1.813670736516
0.0076574333512924 0.903271633625367 2.107769141222 2.97420522006769 1.893610579302
0.0108268255161386 0.953293121200229 1.92701698960656 2.84090253201631 1.90636207569294
0.0107099287904043 0.898742228378731 2.0290618457819 2.85968327970897 1.76516462007997
0.00957489944701068 0.882178500641932 2.18421452746408 3.21950064590301 1.97457328659314
0.0392897171888206 0.811864247215646 2.13829517029168 2.86440497077191 1.78904479263912
0.00762773325574091 0.945637042884678 1.99643950785529 2.87672788662655 1.93504425383143
0.00858712790040045 0.898523400308291 2.15500954000351 2.95443930298299 1.75731646377019
0.0111878613560743 0.991605119433399 1.89183886482264 3.07082006907012 1.90881998798244
0.0119105049106596 0.850073560445559 2.18496894069004 2.90120525579839 1.71053102392688
0.00817254976258037 0.953778778204831 1.9698783357253 2.77566857222781 2.01189849296994
0.0112435116588524 0.900726799204589 2.01845208081153 2.91695165300734 1.98856801569562
0.0266660338026359 0.83780633961006 2.33109023285466 3.23201013243262 2.05681096857341
0.0208264516347722 0.991766554240899 2.07562151187732 3.20255110034611 2.00681179626822
0.0157286463128984 0.829461394632189 2.24194755624345 3.00529569436252 1.87975084246851
0.0115922429767465 0.934380512434772 2.14952108331254 3.07364579915277 2.06664325119924
0.00786838139782656 0.928809295597689 2.10277376990048 2.98970493787854 1.98258932751821
0.0110428517095897 0.928531551849203 2.15438272323529 3.16862781945889 2.14429379710683
0.0149541251462763 0.960446128864645 2.12225434053703 3.18981100758025 2.15777063779294
0.0126084742313789 0.846646661377093 2.17911649590012 2.97505127815712 1.89705256346504
0.0496072266180302 0.789500908943887 2.39379670738732 3.19518501014727 1.85011905174928
0.00791321282300983 0.896590683874007 2.11011246566417 2.93481058268637 1.78809794516371
0.00770376875508395 0.930408374987155 2.01619798124171 3.00342541781178 2.0561507694875
0.00769134424608414 0.932857191467324 2.09025971040667 2.86718392013572 1.81336303763196
0.0335795247684247 0.796270477372647 2.35031140962897 3.03508522989117 1.88760445460411
0.00902777236006261 0.957528262455422 2.06978331379867 2.96151187029064 1.87468102988894
0.0104832576894346 0.999943861679691 1.93065106935057 2.92272114486789 1.8815438957931
0.0323282259156087 0.869149795224302 2.31988058278999 3.12743181565288 1.92063746093057
0.0338110784342355 0.919326375898583 1.89584370360577 2.7261164384545 1.78202232363137
0.0419802420500137 0.813286055032889 2.12803390456824 2.90877527447036 1.65295680795128
0.00752308533681873 0.953273816204676 2.03369648020794 2.86456504839084 1.84620828434633
0.00760032221971979 0.922722681324888 2.10224730219945 3.04692339687664 2.0405706222406
0.00893542477600941 0.897359667486973 2.06115795526053 3.05692434085446 1.99107137471207
0.00842603582836917 0.966390999580447 1.95451726828538 2.85901750005971 1.86090285130661
0.575223830243598 0.695559792212496 2.53669635573991 3.12628781384199 1.76929358600805
0.0448227335052745 0.920930321485966 1.8771285706482 2.78303745670941 1.69662469097921
0.0087775239585647 0.900271721320939 2.15881975828097 3.22823501248648 1.97347667118313
0.0160840334130415 0.869266601392943 2.26428460774941 3.14221837134373 2.10003552916091
0.0178630264877512 0.864822081793872 2.05848491145436 2.94456121354592 1.65072181398344
0.00861920519830487 0.925902482650027 2.00156449561902 2.90056118881305 1.89814609037356
0.0137322711341097 0.922392390899291 2.18618227459625 3.3035596795356 2.0973709980043
0.0100356849856635 0.967867772359779 2.06017855438092 3.00326803801827 1.79663016119219
0.0123978299126382 0.915545897530719 2.18690856419092 3.21745642070256 2.04399962906417
0.0129772268177952 0.876451780131006 2.06182170612363 2.91115038228464 1.73274766619743
0.0175544979578445 0.992344010759811 2.05886132520814 3.02630009695386 1.93854672531753
0.00823648929676932 0.968235793981483 2.01686155442945 3.06099533064633 1.78605966296948
0.0127430644024735 0.873666832318576 2.07179190048226 2.84256783564205 1.72808940892884
0.00821537988180117 0.972052886580049 1.99709589388661 2.92046381776636 1.97413931485381
0.0471639199852922 0.77398621297301 2.27332031476115 3.06719716843669 1.70625535161693
0.00803807187508757 0.896349946469725 2.13230694480319 3.15180482584715 1.97063491637466
0.00791246986520219 0.896794944698436 2.10760660393143 3.01625875206577 2.04687518932208
0.0108934027067632 0.888205361593596 2.20394320227579 3.20493577936031 1.99019032962539
0.021954188971624 0.855318520970316 2.30362612674023 2.982497464532 1.91863761618771
0.00920439033529432 0.960923473911417 1.94012674802868 2.99598971297019 1.92145529990279
0.0229347749032648 0.931328154706438 2.21118577079367 3.10476543209698 2.01689990033308
0.047572628030693 0.99853025493303 2.11658841053031 3.05700164058832 2.07503391579243
0.011851265825043 0.921321963498289 1.96981084083115 3.01635798608705 1.84141277612927
0.00745916066642675 0.910682841337863 2.08007189850692 3.01179347039162 1.81436902285106
0.0108596855560092 0.953662481384488 2.10440842941393 3.10958630297341 1.9841065644937
0.00897112128521689 0.901062825232978 2.16251661455326 3.19715098819861 2.01737626494157
0.0476769760203832 0.821486580847122 2.38519339665217 3.21012635466078 2.01693182875962
0.00731666077987707 0.944362439715833 2.04670456428722 2.91552704827876 1.7856597962324
0.0073565984667453 0.914188206316278 2.07786079182666 3.04774890189398 1.74665205054473
0.0123899865791238 0.929675999930229 1.95005593652709 2.99673603580396 1.81656128181187
0.0256115027427131 0.864463998147169 2.02898423317252 2.97151771315637 1.71364570006025
0.00943588466652984 0.944019204848374 2.10657335173231 3.19774583941712 2.26578853207342
0.0444326615251193 0.776740864920618 2.26877651780685 3.02504786425879 1.83309608379953
0.0156043441188827 0.892471049173814 2.00383707411108 2.95782665154498 1.9810309059154
0.0113082897200826 0.855043618337271 2.1712878317549 2.97831740029647 1.67292634347051
0.0142897698506378 0.945865758478703 1.91018960380641 2.62673153426162 1.9193580698049
0.00831356501862237 0.959407093273807 1.96125513855054 2.90429388324052 1.86539949051782
0.0176205031135354 0.858148718314885 2.28099504972387 3.1037996378345 2.03121108931537
0.042464227522201 0.976809689923137 1.79089185529176 2.70298575198112 1.82612328945445
0.204950435867252 0.932591867015567 1.78564916475634 2.56652627400331 1.61939924855615
0.00754404475490454 0.906510317875988 2.09909203891282 3.02128443133256 1.84698129048019
0.00842489250831878 0.960700336105371 2.04796351893882 3.10896095754543 2.0416730343067
0.0616414493779757 0.772589319792353 2.23494467260327 2.82365246762311 1.71897896109356
0.0298477321096871 0.84362506680204 2.06997018533279 2.85818927860464 1.57268739673518
0.00769298259590862 0.905692246774259 2.11695520633393 3.08398863506266 1.74091287566565
0.0131462997736355 0.930554125829677 1.94290889892502 2.83752246969159 1.80996854132166
0.00716323086994527 0.928083387099111 2.05881779817238 2.8059913604192 1.95936413193769
0.015855380543102 0.828381800190057 2.23497410431262 2.97013828876021 1.8719606209862
0.0119775867778198 0.921247131192861 1.96887531913204 2.84833308135188 1.8033367929711
0.0164048581395013 0.902860904963578 1.97712455396935 2.94630518658746 1.6403852354311
0.0156739502693798 0.92650041290641 2.19096392748896 3.20515705372964 2.07891419322745
0.121680457611819 0.733260726289911 2.40518840790534 3.2057390260349 1.77832513196173
0.0276003544402608 0.869261124387613 2.30907573546806 3.24956931395624 2.05374439845248
0.0160371358208885 0.836050338503675 2.16585910613996 2.73439307209198 1.90483284991582
0.0384028062827261 0.81127603016746 2.14228457874229 3.05767123081161 1.65550485177713
0.0253342314583188 0.936556998273412 2.2086627945057 3.16650573674408 2.20998396427634
0.0147312386721786 0.924964257654773 1.94286776146976 2.90352012311076 1.92095055324122
0.00866131033326029 0.899421271539446 2.15650984794673 3.1113378436983 1.84872665367667
0.0200906469300845 0.862612159417219 2.05337730964248 2.94775495548656 1.74610604457117
0.00766168369910458 0.941119541991757 2.0730971314624 2.86818100993184 1.91163442985621
0.7422811942942 0.705311014246001 2.27118339694325 2.94566552440411 1.65652522536055
0.0100264797633515 0.961112235307074 2.07714527861878 3.02247926274216 1.87015863306341
0.00936577248430297 0.893437654229788 2.06304226158186 3.01183217635417 1.65254794879683
0.0099508725401427 0.991079859563655 1.91915189512789 2.8269365691433 2.03932327034641
0.00848809655326075 0.977154290957533 1.9617251876494 3.07916314595516 2.01090613442907
0.00793975604521427 0.940281052791997 2.08396835645763 2.98698405665797 1.99865658773067
0.0242159004168062 0.816952839651687 2.32143868043265 3.2765317742519 1.70984456489137
0.0139825475680893 0.919755830258875 2.19196304662471 2.95807554817081 2.07230830995973
0.0263052873907563 0.798310897334589 2.26837268700511 2.93988217030978 1.73344920333825
0.0110460770626868 0.989403649632225 2.01047571868004 3.29996547710946 2.08594942550426
0.0109691935161902 0.999612941206852 1.90237876762742 2.84180218454757 2.01826347803096
0.0114129196981026 0.987321852865057 1.88913835004353 3.08460352524159 2.02764662152682
0.0087146510798396 0.882785101493537 2.1249440373311 2.98877228132304 2.02280939706707
0.0098591330547755 0.981203618672769 1.91598979662574 2.76217061257917 1.9080871310676
0.0101247247569333 0.865009944806991 2.15953253664032 2.99701235450478 1.92042682681512
0.0108213059785291 0.874365969541091 2.20975534152603 2.87138650317764 1.86370244491986
0.00912034019838235 0.938317805309562 2.11279672389901 2.96649448384357 1.96857090216272
2.02166282262494 0.653560346758321 2.53529200567177 3.18590945444126 1.65263412394236
0.0103435612006924 0.966618934581604 2.067780402897 3.02325444662437 1.72976465941038
0.0186213686590217 0.881242062554002 2.01429294518982 2.92151150416992 1.60837677813928
0.0693868896624086 0.826635618617155 2.05610336923999 2.71819052815025 1.63157582691355
0.00810292114319322 0.965869169483162 2.01996791507541 2.8863268163836 2.06695071818592
0.0151398807041188 0.83205475294696 2.21049262517379 3.04476846263497 1.67274302291496
0.166461287242486 0.737109571546031 2.2753958752777 2.90252610183988 1.63111118889657
0.00866732872517531 0.91588820330352 2.02106376427081 2.93241079267605 1.96366209339988
0.00865114805158738 0.885398458815245 2.15358615117558 3.08420194284725 1.84117287955953
0.0220655118689319 0.811968074980107 2.21736493078246 3.04726090867824 1.7927905451226
0.0191853037543566 0.875909192984627 2.02436711823362 2.96453406278521 1.66192732829183
0.0155281413512235 0.983209326696665 2.07151823964423 3.13414093275532 2.25937308067961
0.226463812230802 0.855752680142361 1.93229963666556 2.82618568929525 1.77568080357603
0.0105067420717037 0.993956360140855 1.90660738407648 2.80726783988748 1.82873601100732
0.0557096200465022 0.982537173641064 2.163037860917 3.06431528713838 2.18768677525296
0.021389704139832 0.814486411870172 2.29534870874408 3.24129046821612 1.77991343302915
0.015941289165756 0.898156588430465 1.98949153542716 2.87167476533671 1.80974612688522
0.011857530168945 0.850603545580741 2.20301219760427 2.98585347913725 1.86185259609807
0.00944966981907055 0.936136266622514 1.96961766766086 2.81800409699545 1.79311694166752
0.00799674686280426 0.931380745096177 2.10218049429846 3.03953722102173 2.04403602848405
0.00728048600386483 0.930424521455 2.0745743900986 3.03884301294549 1.92876541532041
0.0108059852212739 0.860067552789202 2.19610432188936 2.89803028973355 1.7541985832334
0.0102731325527264 0.953949830753879 1.93249052106575 2.70861852322265 1.94289333935214
0.0124333227092887 0.848060799833607 2.17504593470266 2.87271514485083 1.84823805736539
0.00851631040819483 0.887118310306543 2.14858599401496 3.18562899871884 2.13377844647234
0.010481505375637 0.861261240745113 2.1732088522106 2.77618457491335 1.77093391992959
0.0118927134239431 0.897063341147665 2.20643487421399 3.12177803424177 2.01776586184428
0.0085584902707 0.945056869928447 1.97110229866224 2.91249108405967 1.80020125720568
0.0131962674113195 0.946249455492522 2.14016983864468 3.04624932544295 2.1256466251745
0.00843029526400146 0.974826278121271 1.95898785872621 2.83939605241221 1.79968056738037
0.231511434285157 0.711384560744932 2.40625397530926 3.04893786879741 1.58757441245051
0.0093372611241279 0.919908490791502 2.00097070065295 2.8394386764211 1.8730525706981
0.00765846027437503 0.935022699364703 2.00980090826938 2.88628993801336 1.80671910163654
0.00823180378497425 0.973052435783842 1.97014671231783 2.88148130170032 1.96613502601649
0.0597285860872955 0.978825347902555 2.17497024015197 3.43438075154366 2.13890115708806
0.0210011382186582 0.834110805549449 2.13160012797308 2.80466636587714 1.73663792815827
0.0203310610691527 0.973045587221199 1.84408001586638 2.8089729754207 1.72470888024387
0.0101505072799344 0.873560793107835 2.19614259180125 3.16690927669285 1.94565276154429
0.0079635138335893 0.934367779411919 2.00133349824717 2.87470934229861 1.72840368194249
0.0122748787659888 0.939307086541245 1.93460644444395 2.96190733178704 1.75048991655456
0.00725006052319273 0.942152123754209 2.0464729897543 3.04828058617208 1.83654319401184
0.0137792680840441 0.898361396228732 2.00222668753118 2.90739077461042 1.90678747315755
0.0190924583738313 0.817547943081948 2.22709310788504 3.06248676923351 1.8442170451093
0.00833533146575153 0.974990602308209 1.96774166601078 3.03060133183699 1.96780741786691
0.0714925805363979 0.845555023372335 2.39064275346928 3.22992813611801 2.12704154327222
0.0209705328635561 0.817024121002732 2.20091318613941 2.84597141170539 1.79262152888932
0.0464251018423692 0.829951603652534 2.0734474203138 2.75819677249609 1.83922516986207
0.0294009672649988 0.840249910960401 2.33796801306441 3.04087086911953 1.98531386283194
0.0759701906151055 0.85628006408043 2.38271601055953 3.35398719979927 2.17361223162166
0.0132395424290424 0.928663654842975 1.94560350183516 2.79229022444593 1.68282692854482
0.0110347504983923 0.856565628207721 2.18761365534391 3.07677692510515 1.84645819835962
0.00744303318388695 0.916467103669819 2.09990321718332 2.86151404363054 2.17786968382214
0.0177075199994252 0.97941988227734 2.09316711670472 3.08852485450786 2.06214129714536
0.0167955098099769 0.82639160720214 2.25825062236002 3.04622871885099 1.86857639692277
0.00822804963921268 0.921222815085686 2.12375743512671 3.05540267775978 1.97597861372086
0.0196929836500757 0.879849878071356 2.27267471901517 3.17969319248489 2.10994577147725
0.115393544871381 0.805918775201686 2.07924822828634 3.0121090114923 1.80958389722136
0.00842458715070736 0.930921801333558 2.11322491527165 2.93267479307341 1.77351097681657
0.0104644203518744 0.999724426187557 1.938785015861 2.78844601001445 1.9844397231968
0.00895681656292565 0.890958086174164 2.07983170949792 2.96000363116407 1.90326497976646
0.0306953110126068 0.798944259858725 2.21708435742458 3.02653734954532 1.67883340620522
0.014151547245756 0.839081459929092 2.24017272889562 3.15166427489055 1.74547891298859
0.132844312782496 0.86824652643014 1.92871956248066 2.82848549748379 1.83908805117577
0.00917646320872781 0.880600840340636 2.17161835064668 3.1525534488787 1.84629042768396
0.0114454423550135 0.859882766600449 2.21634937034482 3.20415895182758 1.91165668234752
0.0664862381954545 0.944577834787978 2.24851732542536 3.14170110409713 2.13233009647778
0.0209904811002806 0.948545024191517 1.87610425273226 2.85193378151714 1.76425652065945
0.00807417970360004 0.96977752873064 1.99899305042105 2.9566892502316 2.020988330029
0.00963395518094205 0.939603898521551 1.96141009163602 2.81700265517688 1.93658847511111
0.0394324428731554 0.894964342469826 2.30036083701047 3.35826265815542 2.05492694658715
0.0109913608368013 0.863768799242153 2.13072770037697 2.80846069114184 1.88734066177213
0.0103109897102756 0.993932753743588 1.91208450727768 2.72020025528921 1.89319649451957
0.0208896903616999 0.864529249581804 2.04509581899029 3.11235958898743 1.91336758979896
0.00731737453427925 0.940182895162292 2.01888484957846 3.04897752275826 1.94758301822653
0.0875086400329154 0.860140560803926 1.96555433435481 2.80390763199774 1.55673976070265
0.00763383615930231 0.959614919324284 1.99360034285958 3.01225404628643 2.01133393339628
0.010998625244673 0.993607393105787 1.99405668008729 3.10806099576901 2.00876979374476
0.00870458244826822 0.93506425432859 2.11154886660062 3.0587847620229 2.05732847805459
0.010473557276687 0.999898610646891 1.93317288307473 3.01719703857815 1.89915588524571
0.167850792943974 0.853469852068026 2.42276645781482 3.4169110778926 2.00028672640671
0.00762943575343729 0.96055774800547 2.00674098598721 2.82147194676775 1.78969253810423
0.0116102499756648 0.888964735483047 2.04280033203825 2.97832994360359 1.69285172224959
0.00896995525646662 0.975239579159096 1.93746506393512 2.88922066616413 1.80345785436941
0.00868871262451339 0.97973653081042 1.95456476101976 2.86805516899518 1.83084298887214
0.00940322073640165 0.881720314129908 2.17966035581301 3.39702939343759 1.90515233522822
0.0136758711019437 0.972035563569174 2.08709581455268 2.94381499780825 2.26875700262122
0.0249623875025463 0.800876249131812 2.2708188597201 3.01288185185553 1.7751475030276
0.010096354851829 0.877046252984285 2.09933346595112 3.21625242479727 1.97026365309522
0.0571259086232089 0.99995061500982 1.74550513393688 2.55382442117042 1.73925428345057
0.132299650346362 0.927261061284098 2.30998799709467 3.25825531129114 2.01644875647559
0.0105385170017361 0.861087621090236 2.16589819451773 2.87944299098764 1.59705792553829
0.0143177231638961 0.8355322828573 2.22249311305929 3.10329315475532 1.93550203807791
0.0173594046756119 0.911145570308198 1.95580421892032 2.81322272183351 1.88165670947241
0.0169823806858078 0.982564798674245 2.08160947823468 2.91825754722894 2.14251330287189
0.0159317316558408 0.920606558181414 2.20184715338424 3.12607218634053 1.87150944289732
0.011684742484637 0.8532493805686 2.16674756847791 2.99667413554527 1.7073503934907
0.0114166585493859 0.940379167382086 1.94024329794699 3.00118842472178 1.68569599290836
0.177931879045909 0.804538188800914 2.47242504461525 3.37336544751407 1.89324346938476
0.0109592590634932 0.912705265174276 1.99534259133522 2.89580078700914 1.85339149447445
0.0141284733216463 0.913010491737882 2.2030439645047 2.94137735410387 2.18093884617451
0.00790267978193574 0.901168866467471 2.12819885501918 3.09751280799738 1.8693559841521
0.0101389768347395 0.928816692941401 2.14391659026864 3.26814387293969 1.96778402869426
0.0103180618772719 0.870817802244961 2.19876712624109 3.04926620683269 1.69062690211476
0.0071779413436523 0.938032803426368 2.03687556030312 2.89502631717041 1.99223670949319
0.163254428739952 0.985265208633737 1.71061232289133 2.62563375388177 1.65460408436126
0.00894540988846687 0.982396162107494 1.94543033114486 2.97145464078884 1.87188482635511
0.0122571242231057 0.910874920745699 2.19240806650996 3.11024723923027 2.03460079132728
0.0101179486638872 0.918960947862827 1.99216596586236 2.762386083515 1.82574990301514
0.0130531534917986 0.994559338729688 1.86756518857334 3.0394129224036 1.94031998552094
0.010561365692556 0.991630006630022 1.90345654573067 2.77750660550308 1.81107666957899
0.0102007925033637 0.938871296376107 1.95535383676448 2.79125081665021 1.79282893304409
0.0368033442218378 0.849669925805445 2.34731687224329 3.07458996562689 1.90740827028993
0.0141873339592526 0.909681938852033 1.97557109415587 2.88324428941611 1.72764195620602
0.0350506794274811 0.852753463403062 2.34132734682077 3.20429292511266 1.96644323906209
0.0306118476367817 0.992717899722696 1.79225934950338 2.79096663110624 1.68361909916565
0.0130042618215354 0.854370361690201 2.13125536255107 3.01891992313776 1.92180677151658
0.0136961209370353 0.999782502015448 1.85978230801092 2.9393507294977 1.78200112007269
0.0112079170358503 0.858383850651824 2.20726690436709 2.92497241174823 1.82324239133214
0.0152869757960313 0.874921413280099 2.25464260817174 3.11838999168006 2.08133037570348
0.00874826844634569 0.936625996318354 1.98018028021962 3.00598960536903 1.90587242309137
0.0107680317050768 0.899646059946742 2.02623640379032 2.84746000918457 1.78536403535052
0.00748542859523434 0.908530953476782 2.09108755479032 3.12458853232622 1.78036235931093
0.220681355053773 0.795347983343847 2.07175275865378 2.82915702165415 1.6385260802059
0.0107679063726351 0.905721198214002 2.01237892214155 2.89335130764144 1.7960592635412
0.0168509395619461 0.981845653792914 2.08272702363822 3.19701918860518 2.14922113161003
0.0121264724169478 0.855183697176258 2.22606626643569 3.17539329186882 1.76905370769146
0.00747174118633218 0.909251014647818 2.09696042539616 2.93403588286856 1.86297598283222
0.00786195835568679 0.910493179825444 2.12451456542182 2.96703044009507 1.86365229489543
0.0090128383267176 0.879952310633102 2.12216946997296 3.06583219576586 1.84173024945936
0.0137852306244668 0.852167553760028 2.12884856623447 2.97177706562295 1.70311839467074
0.00992204704292955 0.920699446337614 1.99120075623457 2.91061193782175 1.79632853098688
0.00717398305207399 0.935976605248598 2.03890918092433 3.05705808594051 1.98971077491772
0.0182866590481835 0.823490865259346 2.19898918467912 3.02500834599368 1.76540727705134
0.00869796244998847 0.964055845434814 1.94805725337615 3.0077891766427 1.98165106603897
0.00735489310901878 0.950020348294856 2.02967192840132 2.89777514232186 2.02440247962535
0.0103254637203706 0.987814973785675 1.90692185516334 3.10968977533768 1.92046852494807
0.00767850258433992 0.904539815202391 2.11460550952096 2.97549145940364 1.85880906288038
0.0105215455596918 0.913786270164135 1.99788476671805 2.92242198547812 1.81466280274365
0.0217214636955847 0.972181527170172 2.12656547683959 3.07274939827046 2.0870859388586
0.0108971665432333 0.951832975525291 2.10874489998973 3.17257473961401 1.7780466467547
0.0127587872298639 0.903173252122874 1.99927145599357 3.01138917011395 1.82301416068541
0.0150500793745261 0.990461022374583 1.85291269307816 2.85046590574775 1.82710269798714
0.0333261253690049 0.975347113619606 1.80738977784182 2.80751587678652 1.66765117139604
0.0162632719447906 0.99950580016926 2.03045772220415 2.98288247272121 1.87846941130067
0.178746572055106 0.946905296668892 2.28860146190745 3.44721790811386 2.07743927365
0.00756779675317113 0.913119088628381 2.06181703003027 2.78437007651813 1.7457228565359
0.0134879290613075 0.840180514836836 2.21920004321171 2.94538390903629 1.91250527266608
0.00875920198338624 0.881128261539569 2.13799570730089 3.04816699825702 1.97977515449987
0.00838017998918504 0.931419628887575 2.11141682447096 3.06517432149899 1.88766272554794
0.00800951277448323 0.904193472243761 2.13353597194003 2.90618600482676 1.99985936613183
0.0102442729697531 0.871870743643169 2.11523959420237 2.89244023631577 1.92021880005742
0.0411940000869175 0.975472582152906 2.1614153662124 3.16954384996921 2.08620478196388
0.014403141366361 0.853029279774931 2.11861283764343 2.92896562675513 1.80905549843332
0.013144939822505 0.845271511877374 2.23194415968313 3.25278087020203 1.7693454253836
0.00915236190207111 0.916103641230746 2.14927264632389 2.95638096062997 1.84440844788653
0.0434794328709516 0.96999169706654 2.17630991438957 3.19186527697552 2.03948767560502
0.0130006521276139 0.913172512237413 1.97660789997388 2.93217662291485 1.76777799750773
0.0123615839550003 0.93015085131616 1.94943953432966 2.99114044977185 1.81057485559639
0.00857258170898937 0.885778799851212 2.14923942174536 3.1757578448162 1.73016022315918
0.014638396736239 0.936358813660168 2.16814853778984 3.13490771073889 2.00990648651754
