0.00819643292137676 0.964734970426858 1.9957768116996 2.92073253138578 2.05451026921032
0.0518992663158277 0.94575395475757 2.22474026515979 3.14840475469987 2.10179441668238
0.00944574515302973 0.887930131592574 2.15672457459156 3.17981176637281 2.00849413397269
0.0145880539514695 0.839059882084742 2.13945959967887 2.93180948749247 1.75938051329108
0.00756726959482 0.946790422808131 2.01536125577109 3.00422530912438 1.80907086160186
0.0130201487808882 0.998243799190227 2.0042261378887 3.06268893988535 1.90856480643348
0.0105619422079476 0.873251003338455 2.07635019740871 3.10980256573313 1.85490212404167
0.0110735158030603 0.998421910859861 1.94327249175705 3.01188186192441 1.82975871595277
0.0109939021062269 0.895786864461265 2.01231931837656 2.84951356574508 1.82457700947631
0.0211674691662245 0.989781390248471 2.08372959301864 3.06222894416283 2.15254109827596
0.00777416677360528 0.9441130213243 1.9967818742397 3.09414949943954 1.74925926224002
0.00948680949352796 0.982601321732616 1.95224899047485 3.02739888097413 1.99398529391935
0.0115549069601935 0.951593157556409 1.91966902064039 2.87570619372886 1.81138335262994
0.0179277238200609 0.862005143242732 2.25143862847737 2.98028290859417 1.91858179709941
0.0346324659341886 0.868125878552526 1.96898143976892 2.85035134368353 1.88673455657595
0.00736040062810317 0.928422309028836 2.05212890979669 2.80579565008383 1.7883710238014
0.00916310182840403 0.979039230861329 1.98614589765818 3.19323423535397 1.78537199019085
0.0102511247605486 0.947624870695614 1.93863742744051 3.01910959194509 1.76497109349138
0.205382712008585 0.839224957508121 2.41664120784135 3.13873703086728 1.99687464637289
0.0109964877307589 0.860449429475414 2.11679663361987 2.94302959431294 1.86668315348848
0.0718099608433281 0.947071738219535 2.23896622873412 3.21880836671823 2.24865769899294
0.03091740927792 0.79463955551033 2.28200904229511 3.16146683211179 1.79610689807877
0.00954810998785862 0.942201817422499 1.95454172832197 2.95145621988904 1.83849826768125
0.030045720115285 0.979931685389165 2.13137826830669 3.03466760465396 2.19074565843895
0.00892133236317677 0.932719176585571 2.10509295258331 2.94991051174054 1.75110260512003
0.0197859196728387 0.989684512626311 1.83616988396859 2.87832622081393 1.75111185224419
0.0126627097164559 0.846393718365086 2.18582621341119 3.01491173440863 1.98242089075643
0.00868986833524869 0.901735132456357 2.13458767838992 3.04576002398505 1.75683433903686
0.0900817225535084 0.749110225961943 2.25388114203131 2.98123380641882 1.83547681594113
0.0255155240852065 0.958045657783084 1.84439784039403 2.82913871840913 1.71937055922841
0.0296810033990355 0.799397560098981 2.18070403237928 2.80110822668366 1.86713378480114
0.00874714465597146 0.88351828354038 2.09561855916768 3.04325846997424 1.81577209779058
0.00907172494296873 0.963640732150969 1.94755906381833 2.89466449403868 1.87455459312923
0.00863949598580424 0.896835312058756 2.05154656910022 2.83754922417432 1.73881265904782
0.0110793647237377 0.857241086226341 2.13422114175154 2.94502960581477 1.73216866784055
0.0117811813195763 0.919456699971091 1.96044116992569 2.80606220737271 1.86177987511741
0.00756660050613309 0.926062051550949 2.02624216599011 2.92983189603621 1.8409495558606
0.0109439979062124 0.975677627025839 1.91026334894453 3.00656933686144 1.76679072174603
0.00784549021465129 0.918289794791383 2.09686919285781 3.16103183613919 1.89734319557481
0.0111110119548802 0.997509855998392 1.9283100406187 2.82988791050492 1.97502462663376
0.0277479485817311 0.796515782178741 2.23004494903973 3.18192022810922 1.83227953783028
0.0361063010970512 0.859062033505272 2.30869443795112 3.18949386292976 1.95498728465218
0.0123616470268773 0.92635665167594 2.15554941859023 2.91423952410466 2.32798824100648
0.00888001437376092 0.976060615730528 1.9728411838527 2.9584929666087 1.88256774213379
0.00862854214000399 0.886507927840739 2.12899370054748 3.09729365257717 1.68357761382301
0.0133479769565471 0.851533320457722 2.10500163789914 2.95532684510647 1.76786261935844
0.170483998103596 0.890675241852128 1.84446221951486 2.81257120573471 1.50537038361406
0.00976068781402681 0.985232775648472 1.94586012472469 2.82196918008798 1.94548447471881
0.0541275744971488 0.934161209066715 1.83037873316156 2.69133330079906 1.58143478141668
0.0106385971080986 0.922046457910495 1.96797407558569 2.84601794638896 1.71586109390177
0.0274468919707778 0.939797400916004 1.86226851210615 2.94729118916401 1.94502550330497
0.0142935790546945 0.8361499418309 2.18898172760246 3.01593068431844 1.7515241081489
0.0311825424862308 0.851222456312239 2.01302946315687 2.79966086610726 1.71690926887629
0.0190889812782117 0.85463337537518 2.04731518496531 2.79259564571407 1.66193810384347
0.586592751737602 0.859166615101491 1.85078408011746 2.55663585467387 1.57063092907529
0.0112142473911655 0.91967052344723 1.96557466168258 2.8471012791985 1.83641146027485
0.0171810580987651 0.978330291044247 2.09159597385431 3.18522045136267 2.02947556524347
0.0163606131075788 0.89285566652591 1.97630329218025 2.83802444843029 1.90724834795142
0.0304440759906934 0.966839557464181 1.82290563029946 2.68004432451385 1.83089810878716
0.00980944750383457 0.868167665951035 2.12848967265006 2.99903232482539 1.88293858025393
0.0162250299380156 0.859625316968995 2.24177079278584 2.9486684792536 1.95511298128563
0.0135342583068732 0.90038646876937 2.19600632610153 3.11182602202024 2.0592692302961
0.00875593867096879 0.918551919255601 2.1213703580793 2.95446333940155 1.84975762503612
0.0320030047201141 0.99567337067676 2.1018503421665 3.11981245727852 2.06985462605082
0.00761412671301182 0.916675137857883 2.0419335937303 2.98564706102364 1.87234643115687
0.109749862618877 0.981760747507615 2.19875198720161 3.13662261674124 2.05985705926606
0.0139338787877347 0.920592361843868 2.17497064863701 3.20673863477215 2.04284289322926
0.0856810041216235 0.894581807093447 1.86921112291007 2.63889638753452 1.6595807853846
0.0398796499501093 0.912449777190314 1.8799971068189 2.80622719850942 1.66066258461963
0.00815757531486826 0.892384496055445 2.09739502833375 3.05904858203566 1.76057897487957
0.00831581167569651 0.945357118621371 1.9763548001154 2.91287792720908 1.70088533728915
0.200925138892636 0.810836025743344 1.99264198426845 2.68054325660439 1.59881912109028
0.0104886520535243 0.886428189910489 2.17599956061493 2.9299836621354 1.71523147146827
0.0706912325801333 0.788272396287488 2.38360750456485 3.11708145767592 1.8787061725692
0.0102364245001614 0.944148572769389 1.9426142530658 2.83286275305004 1.82751743482941
0.00752536890032196 0.916942531092966 2.08047732617595 3.17937954088193 2.03365579321488
0.0196621333490555 0.859345294969379 2.03259461838739 2.7710859489921 1.75549895342611
0.0121015776616154 0.945855552168148 1.92084418384786 2.75236239891411 1.8381346109688
0.0154718901192669 0.846608553401921 2.09654908243194 2.88908442721525 1.90805762305918
0.0248298903186499 0.802707208760646 2.24353729644871 3.15644354339057 1.75483429105792
0.0124503842853536 0.974161640692146 2.06745240893354 3.09727511607912 2.19193982846601
0.0181516345901938 0.932558619058315 2.17996449294666 2.91929869752503 2.04888442967934
0.153361247661066 0.937822399257174 1.77574054297551 2.68201668128773 1.79125259034864
0.0134239697729895 0.941291482971177 2.14063818370838 3.10891112746498 2.09293141377574
0.0363988153458923 0.942025036539673 1.8417403629425 2.70974670233181 1.83989098542872
0.00855592934921627 0.885173046920838 2.11790047478162 3.01896279553452 1.74224820934725
0.00757912166339031 0.942399032105138 2.04452509138556 2.98230809934909 1.77728322533945
0.0403966504185075 0.941068537581048 2.21860835346628 3.24123446919188 1.94281588550786
0.00843418235370137 0.92933054367692 2.10014503906398 3.10269270832955 1.98956470076019
0.00961864857027519 0.959391616040398 2.0658243091849 2.98581956185077 2.01154310497178
0.0135159441477638 0.877644990403682 2.02775591514741 2.86220369103019 1.82688978238353
0.00763623347391744 0.911833412973319 2.08981190579283 3.34189387309802 1.76979361087585
0.13226359192311 0.962550184372071 1.74969907882524 2.66552248380768 1.81375490639879
0.0273928258690158 0.818823451854213 2.29836625476076 3.26720563649638 1.96887223598149
0.00882846570819879 0.959163718615532 1.95476759317045 3.06960260992528 1.77543755226737
0.00941256529200852 0.968482847942192 2.0382822932228 3.00924646934542 2.01499818938497
0.0159930553115201 0.915268624288566 2.19392182638928 2.83771463201783 1.93890121769985
0.0303886020706747 0.908680078511653 2.24771654410716 3.21620584405214 2.09248345046525
0.00983898590270448 0.87982764783999 2.07070856889988 2.88444872358628 1.81712353367316
0.00950113442818818 0.95514955507737 2.07334567534593 3.23829125645725 2.21137205123609
0.0175424524738015 0.834605961942083 2.11935274848832 2.91007991328501 1.70434659434615
0.00970705802989507 0.869101006262116 2.133584502791 3.0375005964941 1.78715899299833
0.0101086637438534 0.924532584680896 1.9705201803262 2.70094812077726 1.76812884326771
0.00988668320009928 0.890991685700059 2.16440811811722 3.15017057213068 1.9116686204626
0.0247692379552484 0.939662783379777 1.86927505157537 2.58449405215225 1.85430558875992
0.0241429077903373 0.882936940225282 1.96443611481565 2.68016633718193 1.76992192398542
0.00891892995039818 0.907276035381728 2.13599731480133 3.12709750103123 2.03093505347134
0.00813255998680186 0.901624800597015 2.11670673192321 2.88588207139833 1.98946017083438
0.0167650034089565 0.93078951176038 2.17637364537605 3.02024332745807 2.11078977461811
0.0190590390703977 0.819451705666362 2.17623259491187 3.1379504817156 1.82993678093221
0.0309352106263493 0.888423155082864 2.27214912301988 3.46330835257918 1.82980963646314
0.0262613748134748 0.822201293555273 2.29479952361595 3.10828973274506 1.94974472979687
0.00741482537753751 0.918487633027473 2.05876181013517 2.90093057277261 1.81397028753493
0.00775061646827675 0.924365541303068 2.0201342593069 2.84764643137475 1.7953872764257
0.0100596544728549 0.887543507824416 2.16872490892569 3.09734043471793 2.01528772906471
0.0134681649125173 0.840347568424007 2.16969089316141 3.00269216388916 1.61157085111373
0.0135078434545428 0.860490371675952 2.07305402868427 2.9247826674711 1.92695280589263
0.0176875631719758 0.872859254615552 2.24413758019757 3.19372167452171 1.95283034037865
0.0074116099895788 0.936821874247127 2.04207077593272 2.97205564209651 2.01208019806591
0.00987582071860535 0.924265965817439 1.97403516305765 3.04886998784875 1.81773974949265
0.00737320346219838 0.924219157063731 2.04810934856149 3.05152780473311 1.86156741447776
0.0627147558916746 0.966440095587113 2.19958904342431 3.04601282813756 2.10898959181905
0.00743657327325329 0.936078875130475 2.04807271878803 2.95124905003345 2.06198602698777
0.0114553720230795 0.984772322886065 2.0268324416912 3.04678331405167 2.14255125036987
0.0138763484450862 0.939265271880342 2.1470547501777 3.12054632214959 2.12260381932432
0.0122484044409523 0.856341434194713 2.19867762827638 2.95125062074711 1.90669432221068
0.0367244596555959 0.875957434581489 1.94954865183296 2.57125073264298 1.71802147412944
0.0193813875298124 0.962414693874345 1.85990114022394 2.79379675480938 1.85676475950928
0.00750161826086353 0.935805927934319 2.01829424400697 2.76272133416333 1.599651680865
0.00782229628103897 0.900776863612065 2.09142635517855 3.09108955067902 1.83601519292041
0.069890932802252 0.760062332935651 2.23463283931982 2.85341280492585 1.77744032375215
0.0124462562881767 0.881691896781039 2.2018946405492 2.92152084372388 1.93827597472434
0.0130361929895877 0.892147317346796 1.99980234880649 2.90830783833113 1.80626528334973
0.0139294150843629 0.880123981153996 2.215765505849 3.07763919324878 2.06457868972771
0.0405819729101261 0.970108086276652 2.16921909453745 3.05105391182034 2.10303879384618
0.0100971983354697 0.978594612409236 2.02211772996655 2.92244097000409 1.93102925685737
0.0563218427419663 0.765830553933521 2.24663302183883 2.99004450918205 1.59961533765086
0.0238079774129013 0.80472463596679 2.2161441006335 2.90698368200859 1.80377344915946
0.0219612747677871 0.80951265912216 2.20437299695453 3.08897673367089 1.79315313554589
0.0103067742970685 0.951021779960382 1.9344822794013 2.65327505444893 1.84068701911538
0.024886246475696 0.813757597440058 2.14504927757521 2.94445101049323 1.66119238867559
0.02035800590636 0.891566877326093 1.96066945336158 3.01585422542041 1.95043669771202
0.0421709255230212 0.889417335227173 2.2896453958341 3.24511670078656 2.0278156646118
0.0120068724041454 0.850721995638113 2.14018740414826 3.00642821420919 1.82336071706647
0.021294059183573 0.831225349513889 2.10280224627659 3.00069649906212 1.77086950700483
0.0267401794249942 0.921770517075446 2.22248564900034 3.08622191327368 2.06356966925457
0.00879853697369326 0.886332960518964 2.07978028844306 3.0266273469898 1.74885775468466
0.0188542366692907 0.832544694693193 2.11535904822656 3.13709898465172 1.60649209788927
0.0149442289078584 0.964933207719747 2.10721501099795 3.07577993959061 2.01075707935826
0.0120423009935823 0.884940169948605 2.19595552304408 3.0494545130849 1.94782219985699
0.0170481493373416 0.842360293675708 2.09620371688862 2.93383472935988 1.81337001181838
0.0115346560678452 0.998544033131152 1.97345258883363 3.16126758214105 2.03788898010798
0.015484239720044 0.861016944219486 2.05355467853398 2.93560168086995 1.73198461492921
0.0118266768446697 0.974583131139144 1.89930462801809 2.92998097540517 1.99321062387741
0.00807825306030733 0.955418981160556 1.98069109304889 2.76154977258388 1.90606620133385
0.0435186292973137 0.856330331189276 1.97869980497095 2.96567658456457 1.75496951378006
0.0161975486169852 0.927626189027858 2.17820358802882 3.02013336082213 2.11454539209198
0.010549010793076 0.929173522033701 1.95819138598781 2.84535515740377 1.78057446044161
0.00806425624374837 0.948991177335615 2.05247704415423 3.02159673841356 2.05220301551457
0.00791011274022911 0.898650122164992 2.09742519988447 2.97348870104245 1.93481094534168
0.00778408241436959 0.922382257497578 2.02217030284965 2.79182475316778 1.68391956244626
0.0136674065872151 0.854878616865334 2.21868162357344 3.09498450841215 1.7059113220659
0.104586267748646 0.818894980702879 2.00914442695036 2.86511961308981 1.63950626555258
0.00963147684333904 0.985204444643114 1.95719138224613 2.83968964253003 1.92729427378058
0.0104790507347979 0.972438147557557 2.04743700086011 2.93429890623343 2.02789373607251
0.0117272570450125 0.887645380393617 2.02185219025282 3.05549360025228 1.76244582512079
0.0216066006482187 0.841831133573006 2.0689268257176 2.93485123796565 1.70951256087915
0.00866511196293381 0.953885096699171 1.96123873609709 2.84422460334206 1.81561145262588
0.0127340488017239 0.949896552093181 1.91089657954667 2.89374433120493 1.84691171922264
0.0843242936236294 0.928518388935133 1.8161937531414 2.87845050092105 1.79228428954509
0.00814972041230462 0.963402707927147 2.00313841894957 2.88408722168964 1.89672596900808
0.0260971412686774 0.984188894582839 1.81743663505908 2.8558199305294 1.80804005765443
0.00753207639681375 0.912899330765731 2.05996486874261 3.00048920200132 1.87515264940252
0.00890518164798974 0.889462859063093 2.14275072929704 3.05608460308442 1.90553230969966
0.0119219929312775 0.886852584429828 2.02156684960448 2.95031436340578 1.78769085877729
0.0240078932513241 0.819597641168229 2.28178493417091 3.16117567612985 1.74605764652902
0.00885144646246415 0.885462741669593 2.08097579622605 2.94602352751694 1.76130807379785
0.00968733133170059 0.937289088902026 2.11025613699416 3.08311089701064 1.97712364412081
0.00939677290178431 0.942277821888389 2.09717947063112 3.00511425553705 1.90556631062664
0.0076933077633798 0.951868286804718 2.01045031360127 3.03987071389804 1.82953649355497
0.275750554113008 0.826877080256195 1.94328317386298 2.80554408324925 1.47849441714275
0.00914878304003112 0.947527156160684 2.0829785401764 3.04185969820347 1.94498054847187
0.0108123236072854 0.907362610309918 2.16431599584405 2.93332180541909 1.9499837638337
0.0084725843859075 0.945740853487731 1.97186794769447 2.93830350147515 1.77029818390159
0.0115321997802049 0.965554660269336 2.07791915130948 3.07826279808813 1.91377889123439
2.18582095629906 0.899941140503805 2.43283641804123 3.2881323152834 2.10907719899676
0.00943061073540827 0.895992135353786 2.03510702987521 3.00910378211703 1.81617444742223
0.00973526483540966 0.966868864445362 1.93252441490466 3.01751778760255 1.80106686030835
0.00819132198446919 0.964435927180001 1.98935556100652 2.91728429530029 1.74958112501613
0.0529594309321689 0.843904515779821 1.99319355236159 2.9037394223196 1.59969220792016
0.00947735661973363 0.937457951675619 1.96129495268027 2.79822449142655 1.76287585495745
0.02490938019626 0.992728499350955 2.09010117820886 3.20247248901999 1.97435925173731
0.00914561086686225 0.91928868580072 2.12780408421896 3.15444483856745 2.0862314594851
0.0474559918213338 0.773372632983741 2.23553843877579 2.96302044093438 1.67386552817404
0.014400136435109 0.932932115381317 2.16033006606956 2.90791538444093 1.96042764573517
0.0724819000583556 0.875894933292649 1.91082169628281 2.87291325037584 1.71735698674502
0.0103387738053832 0.984311577527713 2.00720997802785 2.95529076100432 1.99249154760716
0.10417494099762 0.997206670676877 2.16614101598893 3.04915143154851 2.01576417876425
0.0114090906116885 0.894236367845974 2.18285335315529 3.16316443514264 1.99766907455054
0.0124068087621434 0.962845840375159 1.90107205177432 2.75018160671311 1.83783297949693
0.00855995896413583 0.923782766059455 2.11074235044784 3.01690887451087 1.93547109428568
0.0122601134119057 0.849164062911309 2.18285463380463 2.94583703544923 1.88009267719558
0.0116557743709243 0.851979628275833 2.16626580028584 3.12043609681752 1.75240755328042
0.00744384581524651 0.924708092667346 2.0373097455017 2.93620866632079 1.67924444946018
0.00996312119824912 0.911154345016395 2.14969122754535 2.99760115883677 1.72065310643641
0.124846384138888 0.847132755501273 1.93900726108201 2.62506285772715 1.6188732349262
0.0168398375780858 0.949759710588667 1.8852877346775 2.88082891587791 1.75144764656375
0.0108811612079989 0.97204136939683 2.05443584551782 2.99342457370544 2.09756789662315
0.0255564739726023 0.811562506581533 2.15001853621554 2.85269426537449 1.80080068391312
0.00766471676736882 0.939884649293544 2.05632918882141 2.92567177232532 2.09800424811005
0.0130418655713749 0.923758601091502 1.94323631289634 2.73746959986538 1.7589816676835
0.00806774140055403 0.9585174099748 1.98339174629322 3.02502922922984 1.80644583146716
0.01233398821645 0.847154599071705 2.15967339101466 3.17298734536678 1.79795986416138
0.010889920991203 0.861951275982286 2.11253548242104 3.05361102673829 1.79073211823931
0.0303126670711152 0.815081925605142 2.3084748255016 3.19604682504589 1.89955919905832
0.0161241947871997 0.867944766122495 2.0314995941543 2.86586786791688 1.71913958574343
0.00958073282242283 0.98319455400981 1.98537939677853 3.03082136780851 2.003429115304
0.0148303764409195 0.954202513615851 1.89135813331405 2.74316001351877 1.82656304284558
0.00963783434381645 0.879970098196101 2.07518337004192 2.91307223147059 1.73739841133672
0.0197438337072928 0.925546841059545 2.19648457825351 3.11482055152868 1.87649522045742
0.00824733264614872 0.899784821395967 2.12137607266541 2.94833323831313 1.91016996104041
0.669159594463455 0.707180307460788 2.5574822818685 3.10433227674755 1.7687459311562
0.032372435637028 0.989952383645764 1.79760462551215 2.57324107232334 1.77376797717762
0.0104102605394018 0.971791716593058 2.04807347820651 2.89371224887135 1.98527072559672
0.00915661907282036 0.882113449882827 2.08218054328331 2.97958319339996 1.79289023217004
0.00751606883840918 0.944844530855244 2.02333842494401 2.89712877860713 1.74299973417623
0.0259441949930303 0.818196862885453 2.12191812489584 3.02110945653983 1.71925610626244
0.0170824083091661 0.942636043553076 1.8928787422658 2.89160333885812 1.77869808963049
0.0110279040840888 0.897626776951212 2.00805812359081 2.96299161683125 1.90944177751313
0.00927837426495122 0.981064876485524 1.96227064610866 2.95142740429903 2.02114262286796
0.0256350088049617 0.918958878284284 1.89708020100679 2.53884376652084 1.66422377082419
0.0126116940752001 0.993433067482942 2.01536304996988 2.96701451722249 2.09930982709767
0.0122854559801669 0.921183836687189 2.16203377837584 2.92452880318501 1.99597157410161
0.040097103763388 0.816245541851478 2.33608641131663 3.43667199588957 1.96691459998526
0.0223828268657307 0.999778964679835 2.06414841518309 3.08963891490793 1.97516489323777
0.02652468263299 0.810893505220697 2.14680646761898 2.9601612597015 1.60855949020054
0.0115269663524236 0.858767139373425 2.10988707936442 2.97558404094996 1.7140581267462
0.0100063080665542 0.867632098716611 2.11660625791123 2.90473924921237 1.87891593687318
0.00870157337636682 0.886031329860561 2.08559495733431 3.02741256485124 1.91942449617083
0.0232570208467427 0.850130425368206 2.28076899049207 3.2440509865451 1.83149906435667
0.0269807864880793 0.798844194715118 2.25575944605959 3.07092712414533 1.71945594444119
0.0125139251200916 0.853070906140992 2.19967954695336 3.14835370968771 1.81740349312478
0.00830745225770582 0.895560039097008 2.06748579502203 2.98379864273317 1.82361367657543
0.0502078065632043 0.797000690496645 2.12034514647568 2.95793036972709 1.77861409457946
0.0482996849570048 0.786971956257737 2.16040245668354 2.99562366550647 1.62490782072209
0.025157626108623 0.802151086355762 2.21344102270668 3.07669112872503 1.7389395209125
0.0100110768578602 0.872610486023794 2.16479191709603 3.17989320711464 1.81385114649636
0.0195400383388305 0.886888343281966 1.97296280935334 2.84993889495943 1.64658058668743
0.0086563579941669 0.955318727488294 1.96074143241553 3.02595384656679 1.81834818087587
0.00834126336738266 0.90670297908351 2.03553723453536 2.83195235843596 1.82027974839581
0.00785452003515853 0.948390726106608 1.99138207292288 2.94493154380771 1.85804675044608
0.00788435479106322 0.95737865254708 2.00024428971787 3.06129223006632 1.81686451874898
0.00829331974787682 0.965640027094014 2.00452260348979 2.9830975030409 2.17744324007746
0.0409407997533442 0.832044004907992 2.03856249481927 2.75164325033156 1.80990650203108
0.0103738111247762 0.947429570827628 2.1016081845618 2.92141115207543 2.08918676601294
0.0251151961575971 0.980840457926472 1.82297709516001 2.54709770942658 1.8078811675421
0.00906256436631041 0.91703715296378 1.99871801887727 2.88041742872222 1.87905591498528
0.0156661271499052 0.882635654261484 2.00107989747938 2.81228938177067 1.75491433208606
0.0270973182652999 0.822718567082816 2.10146994620616 2.7678200542086 1.76469359177004
0.0090320236012607 0.883364722647067 2.1435439529722 3.016275612171 1.82165189802576
0.0305656091683981 0.912297235470926 2.24348021141245 3.10550217661737 1.99997714641138
0.0123251468028347 0.890472416690535 2.19495496719515 3.06268748067081 1.88291674268303
0.00786941255648166 0.94538838766699 1.99169759090181 2.98893881634791 2.02729694344344
0.0259368262681009 0.849657718814162 2.29033380051973 2.99946001355764 2.09194086024903
0.0207958401690139 0.92966338420244 1.89551881972056 2.76005916693 1.51260613653359
0.14300966739308 0.730810452475707 2.28545542168535 2.86132080875748 1.81532394543407
0.0142906816402482 0.912731274676853 1.95236677035171 2.65200012169781 1.68640679922874
0.0268267312456502 0.830331741725216 2.0794424506876 2.94752775993762 1.71136136147062
0.0159810218188343 0.844692030863097 2.23882662186239 3.00900480293154 2.04540792014823
0.00853785636938384 0.895209497033908 2.0594453206935 2.94604725245132 1.7062440246828
0.00911136456433095 0.876482253834898 2.11866061672511 2.82775909708749 1.82566603119715
0.0116465097569125 0.975096389619459 2.05644609428038 2.9414780764833 2.1998972303772
0.0269644894364053 0.993240855101655 1.80849971974758 2.91316555200802 1.85332603207521
0.0255602466411121 0.839404993074043 2.05887270339149 2.85055436825949 1.71788412672547
0.021348994395816 0.844609992484321 2.06247605054741 2.84678272142281 1.96276558212324
0.0149365569834916 0.835887310839711 2.15048517569841 2.99926165345122 1.82306262415237
0.0286705675541149 0.83080642113187 2.30476447838864 3.15265314649772 1.85697382663908
0.0124780490312971 0.994504145074292 2.00984092822819 3.10141510616038 2.01342922515309
0.0101414663790976 0.886180388320276 2.04667941006168 2.94326572866022 1.77711248389086
0.0195195561637172 0.835488652970983 2.10014251201286 3.02808121144891 1.82627414267856
0.139219419906061 0.967215738642269 2.23560357761338 3.1371935020681 2.16441907227001
0.0893351253403484 0.95585124108986 1.77619377285956 2.48170607873333 1.70940878289572
0.0762124318450678 0.941077837010848 1.80330043566764 2.77097457571107 1.61143270494045
0.0131158880576352 0.920422745225927 2.16952449323795 3.1548599069271 2.13278804933176
0.00855420914955928 0.911370643832499 2.12440323458846 2.96933206635766 1.9745695180206
0.00889259053465887 0.973742969605224 2.00187353064082 3.01326566756696 2.01414301919927
0.0280277372397808 0.988602363411118 2.10822399480512 3.06609177016372 2.11766136313961
0.0156316004857571 0.938366812867113 1.90586619323662 2.96073934463214 1.76741235156909
0.00837372345000426 0.946714146435885 1.97366570784994 2.87516618337632 1.87092509738775
0.00862455990636721 0.969300647037596 2.0090737426344 2.95403809684787 1.85599864409377
0.0101103895179245 0.978230418461269 1.92492247425802 3.01644863462359 1.73354046378311
0.0118759505298214 0.961973898525611 2.08928426822277 3.10549295110775 2.03475414365402
0.0082156202544407 0.897171524670892 2.06630366705138 2.91404461535746 1.86725590401444
0.00818833787395636 0.9552756999018 1.97578045999916 2.86135877973066 1.7649200460906
0.00988745373940505 0.872713597040711 2.09516940865511 2.96091783675682 1.73401387873436
0.178194425583152 0.899795594735276 1.82736328622926 2.68608704584769 1.66406583418898
0.00853119575566193 0.967143490168779 2.01387188584224 2.98198606068398 1.98098769239568
0.0126165454700848 0.956134970690397 1.90533600241412 2.86896100506932 1.84449874826834
0.00974348639805953 0.986534379229752 1.95773975623072 2.79850941312102 2.17987770897692
0.011316803812945 0.99719401824693 1.9742544032295 3.08934647604957 1.88853937864227
