0.0118669302076984 0.869547708012083 2.13075989939791 3.11544502470399 1.84733008193041
0.0152248858356124 0.862646798554859 2.23279876578063 3.13988167295664 2.10278122516035
0.0149448626060933 0.908383950038262 1.96913840847811 2.80528354878597 1.83123471084462
0.0172799434516377 0.943107284735815 1.89670314386172 2.67770525740476 1.88049658030991
0.0150896144112572 0.98303117131771 2.01692460195001 2.95028218386557 1.95197675098543
0.013303879319263 0.861255426984983 2.19851799668499 3.16006303739631 1.93077397925438
0.0139641201686358 0.870935866637628 2.21194196570673 2.99989183462397 1.93708700060482
0.0179561705920736 0.977498973623899 2.06783063558231 3.08716883891029 2.0526622781646
0.0129050234364072 0.932205041215301 1.95520659266991 2.82593251732768 1.81737692796915
0.0135517498396128 0.976528266957031 1.91984456055073 2.79464485045279 1.98759942557759
0.0587502202609351 0.93979066011676 2.26066025363509 3.13404312087315 1.90881016450635
0.0109306989180978 0.8874641586648 2.09771601220736 3.03490804420515 1.82620239037789
0.0254387819696262 0.989332220675297 2.08093353759491 2.92872316625177 2.15393236087067
0.0163959291497185 0.891070523392238 1.98984836499441 2.91462192424251 1.95535235204707
0.0385853016523454 0.962586863868707 2.18434476718894 3.28661803327744 2.02252764153635
0.0246319377993577 0.812946843736587 2.31666609604275 3.00613216473536 1.90895500917081
0.0125028895025826 0.860876369362669 2.15046149536491 2.88383756946941 1.87677857469158
0.0210694492858727 0.820818015486182 2.2903388674713 3.05383130848349 1.76524233040987
0.0125866044456856 0.974824837610837 1.95630565512935 2.99806087620998 1.98882243324751
0.0132881367164064 0.930523480808301 2.13038224770412 2.9410929424057 1.95817190863691
0.11455458937158 0.722072184556929 2.30272994058358 3.15948865203829 1.55203748509823
0.0166229982204791 0.840790938153436 2.12310264415169 2.94482115610669 2.12768711884792
0.0202660821442524 0.994666306677068 1.83644092693828 2.65592109584786 1.81171271295206
0.302275792293149 0.957465718010821 2.32019154726827 3.22557867063946 2.41926564287975
0.743773721632133 0.662461390636518 2.62691550237835 3.16487964408576 1.70588933597098
0.0352979122249195 0.836725582052817 2.36070721374107 3.15121888470491 2.11438110680133
0.0138377506992021 0.894264460204304 2.00886356557384 2.85509793552027 1.87708501764545
0.0114387287400042 0.960252827791284 1.98851099527366 2.94872574095684 1.85804911720788
0.0117116422255699 0.913923299446771 2.13271665371491 3.08319050492771 1.81939355449451
0.0128514647838782 0.955507390254671 1.93342027860221 2.80818968301114 1.73715345031217
0.148397069209092 0.747688795149991 2.53299006422154 3.36861213932239 1.77736216271839
0.867406769592795 0.805987588606193 1.90524967453738 2.7795276598385 1.48048246536925
0.0164569139911965 0.877224368083783 2.01973793413784 2.82669992635479 1.77456517158153
0.0204708179642135 0.812788122585499 2.19701286664645 3.14858952837839 1.70391016141529
0.0157208657748394 0.920397221355568 1.94154379167056 2.7816373826215 1.81763742659658
0.0402629077569476 0.821592840166061 2.05796469018352 3.0357679789273 1.73721235616098
0.0106025033692954 0.941762068052721 2.02483344395579 3.0172863078248 1.79569991998688
0.0126197140777553 0.975298516122 1.95667132346803 2.91876892656735 2.01739302349139
0.0161745210935261 0.874034494444959 2.02986597375069 2.88315747140763 1.74184086935879
0.0109380155310425 0.891458014511195 2.12951778459588 3.05652878700638 1.78933274203388
0.013018709207485 0.953618605069747 2.0750417845988 3.12741000964572 2.0688134016285
0.168590100848104 0.847975576726731 2.46916570231807 3.38156810297603 2.04772639375915
0.0383327651122021 0.848821192069688 2.35889993161972 3.02221822620593 2.00249072653949
0.0116681649300404 0.959595234498179 2.02090448067163 3.03367296264439 1.82810927573573
0.0411896775515911 0.787067889902666 2.16345898342656 2.95161691180866 1.67665366156478
0.0127532328334703 0.861576358618957 2.12452900611861 2.9271387033374 1.76233851257287
0.121659530935168 0.789292210501214 2.50567931795095 3.45176627435822 2.08328495940584
0.0180669331693904 0.912492359470382 1.93721381391806 2.90602841402614 1.68856866326646
0.0112825460554479 0.900305759637904 2.1389494901776 3.01342258802218 1.80150395534432
0.014223547881055 0.884292646582741 2.20663567911998 3.04450321516728 2.09600869030373
0.0136118300103271 0.984818776337955 1.96220147695908 3.16455650506058 1.91855568788343
0.0121675085075485 0.95838607397145 1.94769276458258 2.86057420075084 1.7894264957571
0.0373025584788412 0.873944850503254 2.32930016334315 3.21345756490905 2.06684418985332
0.0125632928726546 0.923003226025743 1.9734718326809 2.87312210280126 1.84882553209387
0.0528550663001212 0.75529077197595 2.38157949561443 3.13126618621051 1.73045891610338
0.0214838314796569 0.946193719827089 1.86746065278903 2.7986450003588 1.74541968017638
0.0475111612778931 0.806271646913991 2.40777172922284 3.27415180180943 1.97728513585955
0.0165652492467528 0.854648146898955 2.25119301911153 3.10509621970534 2.10586302790207
0.0113397634057097 0.881052459366365 2.1436148395812 2.91381593280519 1.87702906060496
0.247009076341173 0.782528032868121 2.02525540744481 2.88226053095323 1.46169856643791
0.0136612866623706 0.879225701694923 2.20290792819832 3.13102999514186 2.12354874168489
0.024104365388741 0.83528355935061 2.31614634372624 3.17362268985572 1.81551620569712
0.0503721046713031 0.95402535832182 1.78369729107413 2.71463527799116 1.76098375165328
0.0879345489148355 0.75902482654705 2.47594282983625 3.293744707676 1.7747155858456
0.259935901411835 0.779047701313226 2.57281749308258 3.37052902349463 2.145215364353
0.0175248859564109 0.83871834526629 2.26120917224026 3.15264700762433 1.87613075617988
0.0503429726310281 0.814123219009532 2.41062897720314 3.28986298113823 1.90033165326754
0.111338177487284 0.757600062882788 2.15526350696755 3.00495698580853 1.61766908962659
0.0129222805081896 0.953911234719826 2.0725966791623 2.96487313216663 2.14492155060244
0.131321142204772 0.774339356774043 2.51956440845468 3.39330073846098 1.71811763243019
0.021506137615882 0.874338566141003 2.27446639940299 3.15282009961843 2.0275189162946
0.0192687635841603 0.879525503543995 2.25583874998446 3.02655528594129 1.90540683230873
0.0123101076469469 0.894054359669766 2.16848145033731 3.23591962178097 1.93230777610131
0.0418253800105929 0.897292250828865 2.3070658375722 3.16946122188905 2.01109489363045
0.0178451922831469 0.839232770408776 2.26540567682739 3.03850453218418 1.94586777708344
0.0115488140508095 0.959586351456202 1.97272511378544 3.05643699894912 1.9741722816663
0.0397748165662097 0.980039501371241 1.7714487735981 2.79311088593247 1.77358581547086
0.0188743108909388 0.836691807439546 2.11062306228124 3.08434385330922 1.65615975235876
0.0119706211724472 0.966667950793417 1.96476284973837 2.88512890110409 1.8965132709512
0.0226996330732957 0.858224420159712 2.02382113150272 3.01124302971214 1.60968677201568
0.0407155397866478 0.978762040996362 2.15283797922582 3.03086792545843 2.18239521771531
0.0141029209056489 0.957478080237648 1.91267360850886 3.06192452919279 1.74210232354772
0.023175170994713 0.949873572737601 2.16459667540571 3.2480185422844 1.98345717022208
0.0627122161828955 0.832774586820405 2.41689566756971 3.31864434669915 2.03256663638947
0.0129643070010207 0.856596596648166 2.1461217764856 2.93607415453486 1.90975599968396
0.0107898282394118 0.942390702909636 1.99924792780037 2.82165551451473 1.92439307989285
0.0297371613670074 0.787182054061113 2.31712573447915 3.12751975479528 1.74880004192228
0.217593863174986 0.750139651739783 2.57232179687428 3.362302155223 2.05620158261383
0.013412004019747 0.900725670772254 2.1786491894826 3.05077859777491 1.92655928952455
0.0170242151583376 0.900064051990923 2.21553715447576 3.20788277425262 2.08872861121617
0.0219862230209014 0.804328514634223 2.25057166753993 3.03683777246144 1.86103834248421
0.0294439798275081 0.954562732234951 2.17800909007926 3.16335154571337 2.10838303539625
0.0134716146533397 0.86046616137289 2.20225693826419 3.11596913635596 1.86094338988424
0.382763314386215 0.71652553491202 2.19002772405628 2.91122188112325 1.74741971987209
0.0309700478756859 0.8808005974454 1.9433468224006 2.83442961412877 1.67055085788955
0.0127956220823763 0.934372938770327 1.95405660982533 2.80104227316457 1.7909982754968
0.0286675968599269 0.792138639835093 2.20934353210392 2.89213032518875 1.74528852549341
0.0128977760276244 0.861850337528812 2.18678283823407 3.06690400789156 1.87062412763865
0.0229055286513181 0.948418891356052 2.16637165050212 3.0762216539099 1.98704675000066
0.291009460966613 0.936420703097403 1.70823713905897 2.75166746799518 1.66221620542986
0.0435445200442576 0.886622700093666 1.90446051267725 2.96712439769077 1.68344881399032
0.0118221852068685 0.963162058444303 1.96405038202172 2.86436073097883 1.99053682102695
0.013717732111765 0.961452744679395 2.0651030384985 2.89775249568973 1.92167758017537
1.12428770310475 0.898929288706634 1.71200727240836 2.67517144971073 1.39258604228433
0.0110135899056085 0.919436348236358 2.1066645374127 2.88864663921148 1.97782082079117
0.0248246930865003 0.79623241027144 2.27767957757692 3.02359845682761 1.77302162423542
0.0122302337094456 0.895388490140864 2.16568787896812 3.09632475599677 1.96410967568007
0.020544632605451 0.933328231322191 2.18418578764876 3.2740202423963 1.79128298833784
0.0520504069627871 0.948392040432615 2.23587133100554 3.20091788313367 2.26881687974052
0.0137587706831495 0.971610232461816 2.0344117921298 3.03899754559258 2.07289803065255
0.0148352740052055 0.85353845951721 2.10450109145577 3.01281453354504 1.74033173201125
0.0116124536713435 0.875576420811186 2.10925770554432 2.9623288072237 1.84443242637224
0.0200663607022988 0.841866007836687 2.28706323405454 3.2155591023602 1.8483341328969
0.0310045690826828 0.991549948607675 2.09641103337617 3.13973403289343 1.88323231918835
0.0148880245462391 0.993615715614017 1.91821689492988 2.87568030116274 1.84499468207409
0.0149690501378481 0.949713588134602 2.11029285049784 3.12694028098876 1.95131370197149
0.023364822769755 0.968249524888703 2.12497047395174 3.04310044905333 2.02203189325562
0.0111862275409322 0.913353725692869 2.01708874992017 2.97997972253102 1.76051643929177
0.0181066968136257 0.93639258495745 1.89978735923353 2.82181739259215 1.90693498355717
0.0332898282375131 0.993763890457802 1.77606318527588 2.75184589304021 1.8151170042587
1.1527332435469 0.641914539441703 2.63441280348201 3.24680534137745 1.81728693900662
0.0470482875754772 0.836489908056212 2.38869432873599 3.25219004067759 2.13442077829543
0.0332825944460044 0.790689307908985 2.35372773836467 3.00307757563125 2.01390625847833
0.0141568303459717 0.853675420413713 2.11740885845573 2.83757035136064 1.61987769832732
0.0424060983352672 0.841498801562755 2.3748716523133 3.20824379170969 1.98300856671709
0.017778464487811 0.976843192915507 2.06815490707542 2.93859662098478 2.14319176965704
0.0131971310618264 0.896487563769363 2.0126398285983 2.98316657717643 1.90293151368214
0.0124625459034913 0.934898701570533 1.95874943985928 2.84483884666331 2.03261140205498
0.0217600180812958 0.911839017990478 2.22680201023771 3.10108380151312 1.93124877962244
0.0144579257456298 0.863270903294995 2.22174979738475 2.98235935729783 2.04668074941855
0.038260679583387 0.996686560147519 1.76069039331162 2.78558605429545 1.68840841336848
0.332524286252142 0.690469963294037 2.30661909737113 2.98879889612091 1.54434369570708
0.0179265835281712 0.83424173922997 2.130319198785 2.9311171972906 1.79063318537976
0.010877783773979 0.892044873971759 2.08068886930119 3.04318490167051 1.87315152370682
1.06546885554951 0.817730978662847 2.60989025908587 3.56322818590278 2.00095135386691
0.0251433762931671 0.947795794165674 2.17700439802622 3.14212915518444 1.9481646678162
0.0147606028253908 0.953906174475663 1.90755100580869 3.01813039266525 1.8078742579595
0.0550836827434974 0.767799415542886 2.41657926411554 3.04474168620637 1.86369714580548
0.0104802649963063 0.909538494859129 2.09809306128982 3.100501554086 1.91335320669079
0.0178200343922563 0.822419006910887 2.23400657942545 2.613796628331 1.76078983750709
0.0263108325493431 0.865555921512789 1.99091866351462 2.92550418363278 1.54981956720264
0.0163740728315372 0.988720545442351 2.01510766387359 2.94189138274711 2.1660765115855
0.0654429439761493 0.852961793620001 1.94398827305293 2.85324205694519 1.5434715834078
0.0209526504102774 0.849973213631305 2.29057717374561 2.86506059150702 2.1922310752689
0.0110758535631057 0.886655152621189 2.13430225819936 3.07814768932787 1.8888162566322
0.0138120894148539 0.972682346522699 2.03171146717211 3.22703872668741 1.78109835944236
0.0130385282260915 0.96032197699735 1.92781520788679 2.55659803527072 1.84655824466509
0.0190232932698958 0.92144000770326 2.19657061253782 3.41548903213488 1.96903881484864
0.017527601408419 0.8447452008771 2.26283187176578 3.18347770551191 1.94340632071488
0.0116118394455634 0.961774267616864 2.00503206130853 2.90496027478858 1.91358716040253
0.0113513305268911 0.895121945322864 2.05210272176669 2.99347524543961 1.887091477543
0.019836987701546 0.812337993498397 2.23078153776131 3.0164027407538 1.85564750796556
0.0119539648948908 0.945580498532349 1.95791364689669 2.95892191585218 1.9708012890358
0.0107496164572187 0.9085340987945 2.04082110786751 2.96697697871387 1.98803135388731
0.0118295760730933 0.954233297048199 1.95735944519619 2.88558034747717 1.92823042471469
0.0348262507065652 0.896836027139795 1.90251735843399 2.9339634990486 1.68646815393319
0.0339172603523778 0.887667313799496 1.92204776009505 2.73723294069146 1.65952233194236
0.0158981716120645 0.936137169240103 2.1476113712102 2.90932105084355 1.97276792029145
0.156086660821328 0.704285330654418 2.46246762909266 3.1240720772264 1.68185634497858
0.0263231342304854 0.803943640968298 2.32152233781521 3.2152265774509 1.65718983383882
0.017322497912887 0.910964582351268 1.94492056999308 3.00635817596316 1.74640258482421
0.423705111200374 0.864626509061728 1.81678309716299 2.82788336253798 1.37767309242254
0.0145153990791806 0.940372389843718 1.92466325720731 2.97135327018105 1.97299824663094
0.013348714852674 0.924830619478332 1.95951095704238 2.92116657255715 1.88445646658729
0.0248498296015307 0.865511768118966 1.99682822097117 2.86753368147199 1.70035577673185
0.0179877194656978 0.959492170825166 2.11424356151338 2.90138772492671 2.15746122498941
0.0227153491245891 0.981141854328162 1.82621142669048 2.72471957633735 1.68904741536666
0.0133250510615266 0.910196087789533 1.98404522947946 2.85319014360944 1.59954233922115
0.035268001275209 0.785971826924384 2.19312828086838 3.02190704065702 1.79820803674561
0.0115743994620711 0.918186718154664 1.99930310216661 2.89537477916078 1.88145476206591
0.0348625680083671 0.936455930620905 1.83643619436398 2.90209975322989 1.78920096838816
0.111222146642524 0.920068787300048 2.33590171324662 3.29860384276975 2.17008608412582
0.0177203354064092 0.999275695966335 1.99141905258484 3.16697152980266 1.8655278117095
0.0118768395595134 0.948520599604021 1.95787568531759 2.7911202715268 1.79926983020229
0.01565781365305 0.991142474887782 1.88919610581016 2.69208289334059 1.94197092274106
0.0289386375049564 0.785028790459653 2.27942854023846 3.07348588160473 1.90701504177069
0.0512790394650633 0.810356306664562 2.06592045436725 2.93614955861347 1.57909202219032
0.0783713303591333 0.748654087409968 2.2291363722454 2.88800843814799 1.77817932272081
0.025520939588668 0.893276051885845 2.26985168982487 3.20622265224781 2.07422422196685
0.0142123128802861 0.844418581416014 2.1726912212666 2.95374670518509 1.85167111627063
0.0102840180245297 0.911983672522065 2.06936348458961 2.9295460142161 2.00935636734707
0.0116008820941459 0.875541735195525 2.1498319755986 3.06698266135696 1.98653045647916
0.0345748227618677 0.925194826126851 2.24733619045513 3.26913360704219 2.03652349096191
0.0127302204595391 0.889372673856017 2.03582648154868 2.88017338591343 1.83292178410694
0.0153497756607662 0.948397850368845 2.11713392775481 2.94286693769404 1.88293153314141
0.0251352884706989 0.954156266763268 1.84146749208197 2.8581885162942 1.59220635369698
0.0157334058447176 0.957603181998701 2.09962555900039 2.86670760207555 2.07926835965291
0.0147997381860212 0.843285458081916 2.21403697209564 3.13661099672316 1.92233319351443
0.962860506149933 0.787229987269936 2.64525917085217 3.34786107969389 1.93154350426498
0.0136141548652666 0.861568660301714 2.09936088341529 2.91673611976657 1.74547855706444
0.0191536302743344 0.892182048119639 2.24042831666477 3.19320647015882 1.98204600843262
0.0112711432034346 0.926106297850495 2.10201664886811 3.01535123890216 2.00773459426877
0.0505180945942855 0.788735155410123 2.41642036885476 3.10399656538368 1.73728818485281
0.0154993604452973 0.838424826755678 2.22299320655772 2.99575673364459 1.87525653285825
0.0195731562372815 0.814514709306217 2.20802302355432 2.94758045455832 1.67591025431566
0.0180809911036792 0.930745206225809 2.17431358119506 3.20930819750466 1.98807279057385
0.0167114516259094 0.832872284202817 2.2412399204638 3.06601849288624 1.90626786352135
0.053571883063795 0.749890020795937 2.31995663325999 2.9774694402366 1.78844625225856
0.0109991946620594 0.944546300984366 1.98815100261697 2.99810456548268 1.67027638230997
0.0128867916412257 0.924129604491371 2.13644646165351 3.06021148655289 1.82173596217293
0.0153872966454271 0.846714231192203 2.12027591064235 2.63640666216371 1.94134610570143
0.253606164350938 0.898426850139248 2.41679396697978 3.39257839591552 2.26400745331985
0.0261567562775457 0.87786056385115 1.96482947537855 2.90646606416753 1.85481125217175
0.0123022690550372 0.967024053217661 2.01419607096551 2.96401969257536 1.9844148996057
0.0177950811970317 0.95571837466817 1.87844623493066 3.00159247525483 1.86547257312109
0.0109130930129711 0.908476254092675 2.118978159845 3.06756473642345 2.0663471192746
0.0143858026536675 0.927938229947912 2.14838781681525 3.07753638450251 1.71777543855465
0.0106606811621689 0.896325950810404 2.11310120950136 3.16865696887546 1.78606018868646
0.0116171832279559 0.905938360620549 2.14144912451584 3.0712012900669 1.81811066606526
0.285478217302303 0.890999959686956 1.78597251744928 2.62618191537622 1.37141348930497
0.0165361356927706 0.978899179591273 2.05012153028432 3.04658284795538 2.14164699623376
0.0128843138611749 0.970861598958025 1.93287706659805 2.9493250959445 1.87865340096644
0.0615534572070086 0.902163893810641 2.32790043634003 3.31651467774362 2.10482556214119
0.0281169977108135 0.787324726060718 2.25810291857097 3.13365216449098 1.86008712001189
0.0187999239105852 0.900541907282397 2.22718934004744 3.14219108275112 1.89346346679746
0.0102980251556032 0.912765071058701 2.06180512958861 3.15381764800529 1.74289172224888
0.0189388779935775 0.989111070814687 1.84794595215971 2.73895345547158 1.6697641457703
0.0130268641627331 0.954881417937245 1.93065352158961 2.86443972025073 1.79234570545287
0.0323923807505809 0.855052740370549 1.9949286187515 2.81875535778723 1.76692942296172
0.0103880505496433 0.907191804734125 2.09136631039895 2.98419032207682 2.0476967439237
0.0146778058328524 0.877887930633344 2.21753542764981 3.19845463207205 2.10663162092218
0.0977056179437155 0.850376574787479 2.4310105312406 3.19229563821658 1.99632880892806
0.0392202434849346 0.767281987406435 2.32633538857795 3.09549187900959 1.83734621641213
0.0719434275103689 0.736121354433597 2.32860218811939 3.1163162809958 1.71875943637994
0.0141812807050395 0.847952974326876 2.14403619982419 3.11930851494071 1.88552928580797
0.0163484873003784 0.869669462964836 2.24169792107584 3.02798952577932 1.83425814182258
0.0128609968309593 0.861451064139177 2.1847883051545 3.09900855721301 1.78886627668451
0.0152197956171549 0.893108788489196 2.20859949125681 3.17887811949909 2.14406791615976
0.160861308935164 0.795709110935781 2.52357547018455 3.29732001521827 2.16327326995789
0.0116225634544027 0.949753744903927 1.96428254455982 2.85924367004252 1.88935812221027
0.0152893142265105 0.877187377977991 2.03106082398203 3.05975015123523 1.86094781338863
0.0264708474809578 0.869618103815663 1.98131281001332 2.8525073138308 1.79696342901864
0.013753943725722 0.986337601346545 1.95319211128227 2.94709202344084 1.99337925219397
0.0243420148838638 0.825730453927155 2.10464152390266 2.862618534278 1.84329996104038
0.0125974134372541 0.975554362387432 1.96896190579428 2.94410438687103 2.00457390206052
0.0416626269613791 0.850411924819919 2.36498082143399 3.22161374830229 2.20688681826718
0.0328314226145071 0.98893478707106 2.10888836888432 3.1313834234694 2.0614689912356
0.0251360206014135 0.960045251578546 2.15124538833051 3.11377878094842 1.98529245762355
0.0104945686245461 0.92849582914806 2.06760292678445 3.12192130235519 1.8283835323772
0.0187118532368991 0.959441332793438 2.11947140763848 3.04224295804013 2.13449185465055
0.0297791594836623 0.903280614221217 1.90378844533078 2.79480287640012 1.6231767398549
0.0106691794883888 0.909116346605477 2.04300431622635 2.92646009532303 1.75430395777703
0.0391726973934446 0.857177311492015 1.97354747797201 2.84614078890187 1.69841324221391
0.0192173922575107 0.833086503866245 2.11971746816575 2.86534845588079 1.74560506413212
0.0779221128231255 0.975061707648108 2.20868523486489 3.00178346332403 2.32182402056337
0.0151992370529604 0.873148912234353 2.22711334087052 3.14187274661692 1.81532322641069
0.0118457379668164 0.905125251022693 2.01753356112146 3.0708542522299 1.9986882967513
0.0128359924065024 0.869405116178427 2.19045875249603 3.02042913747655 1.91079064218338
0.0232130875338236 0.966798162880526 1.8357417141058 2.96241302064705 1.758812257314
0.0411702681689086 0.767084665161795 2.34963813181487 3.23805064677768 1.87619286750007
0.0243416864799468 0.954998417606703 1.84364920420609 2.78169233166437 1.88071636640477
0.0249440947804108 0.818771564018879 2.12395289817352 2.67570426873501 1.91241503230392
0.0123620353914814 0.972944984231025 1.9715202686202 2.83505316624056 2.05392319138255
0.0155576957553187 0.837347201678692 2.16165183504254 2.99136806953444 1.84353082782335
0.138479869614759 0.763412716843295 2.11796454773618 2.81765607889567 1.66683858886504
0.0178070854230868 0.821594680456669 2.22176345932649 3.00645883333481 1.86669309817772
0.0666449093816565 0.834075740025644 2.4206545133978 3.30538490877074 2.01630782612375
0.117823638145301 0.71797864595567 2.32394217178152 3.0039911613301 1.60997644407498
0.0496598094960039 0.761731089162685 2.24524795596928 3.24355642677477 1.92332765911917
0.0105091682110354 0.900975156035543 2.07569583826337 2.92277125721416 1.92902557952411
0.0151247320983971 0.910218895022436 1.9641234005786 3.00973165536178 1.71810358633002
0.276126915005148 0.860379586307508 2.48003498207015 3.38755957246292 2.21920309624122
0.0115269910335521 0.961739993722686 1.99185674702528 2.99181913783138 2.09711071710298
0.0153782881198321 0.977005741342548 1.88739461370216 2.97400942304478 1.74554001232104
0.0136724932235621 0.943464816321083 1.93108542523813 2.95755499809216 1.89819247111724
0.0503932031833376 0.986914978725257 2.15085613596109 3.39050547919664 2.32780998129347
0.0120470983309941 0.907005963815369 2.14903363645116 3.03342170792457 2.11771513871294
0.013758142776969 0.974867760185822 2.02268679284745 2.83363447316426 1.82938072910917
0.0329623933992116 0.980730775005375 1.78742680083335 2.79291373438746 1.90403012604166
0.0803621857102347 0.730226265177311 2.38461230018526 3.10550050237535 1.87499116977227
0.0297525505567777 0.788563507944 2.21975908032522 2.97859970978429 1.74064328035562
0.0156338795713996 0.90692615724128 1.96542125877218 2.80026221085708 1.79573560128448
0.0111057138636304 0.928033687601994 1.99662332466488 2.93099590630679 1.77197010267473
0.0270559572216447 0.791059223561881 2.29407686667627 2.92714384669351 1.80793008639141
0.0516109648569614 0.934510460324356 1.80991019852718 2.84038636292182 1.65983707128064
0.0129204026689135 0.926970451478817 2.13184689119366 3.05874271631119 2.03878622423389
0.012764733959007 0.958067479239315 1.93392551063709 2.98062220782156 1.76105768602482
0.01312071680022 0.932418103281553 1.9518346558912 2.78452606808634 1.74266833192073
0.0270826503262295 0.790199518875523 2.28747429991414 3.1051069429289 1.95634713291945
0.0179223468950596 0.993802781236055 1.85830139739438 2.7054640615315 1.78294371905593
0.0380467305083907 0.987157288887477 1.76869048679745 2.89350064737998 1.93517002468628
0.010565605310351 0.939183648247202 2.01606026100386 2.92943002367011 1.94342129273614
0.0354864883993444 0.940534326689545 2.22174169544374 3.0944585748948 2.11799814440864
0.0106638596160482 0.940280512220478 2.04294828184851 2.9109663010369 2.03109216266632
0.0139092646523766 0.869294035183371 2.06934679561041 2.93430595782736 1.71842426963792
0.0268900901440189 0.857138878837212 2.31587055139851 3.2033788524922 1.92477713089005
0.0455671447271193 0.80107584439461 2.4040882068665 3.24986379580545 2.00011848774324
0.170486158783291 0.726885312503318 2.22467810452029 2.72158671246529 1.65362001476471
0.0271999744783051 0.839962593404264 2.04961641005603 2.84959768847487 1.76282108710151
0.0120715346422358 0.87132706403366 2.16750213615787 3.21342137310469 1.96675730352845
0.0166906902582054 0.925603754672963 2.17352729234488 3.04965902719229 2.17634099503806
0.0157921971669098 0.861199886074346 2.24033501081311 3.2090681509606 1.87164442824359
0.0110594000036116 0.944387869714177 1.98540645386289 2.91682820184172 1.92891097452486
0.0595066269912345 0.919707450211109 2.29714030542447 3.23837226394075 2.06017006749983
0.0206383667372334 0.816447648045019 2.17238681732807 2.97353823098253 1.72573380428635
0.0294356886740984 0.983001023636795 2.11319160104342 3.12237640724294 2.08674467529954
0.0112268232050235 0.903154986385191 2.03651850821713 2.84545862126815 1.76500684284566
0.0124330724593596 0.957440252943934 2.05282852763617 3.01120992219768 1.99534379009555
0.0112708909765692 0.927324859284365 2.09966488629441 2.87294493180809 2.01551047334895
0.156179323561143 0.715412478798212 2.50358103394942 2.96676545269955 1.95460888149495
