0.0848933680933425 0.469749054876812 0.890461831249329 1.35490093146538 0.289461169849694
0.0707880990615749 0.294581772225831 1.17376513820942 1.54754852911571 0.239491030965263
0.341265588516568 0.995340426853842 0.680537432867853 1.59397317432342 0.718066779915737
0.0933980551830133 0.647521721653865 0.681246080058918 1.32928220308387 0.497204646132286
0.0684617824877215 0.948630591287996 0.476891329435688 1.47188788081695 0.637868041458179
0.151341516949885 0.600616042328028 0.689477209390596 1.25428564547462 0.597831382141383
0.0655692143020467 0.312105031491038 1.20712234313865 1.56797594800995 0.384908369392014
0.0729223258636135 0.978767642216484 0.517026840209839 1.36822487250324 0.724463322829301
0.0480447854957225 0.56522672996645 0.868357578665079 1.38640467255819 0.464607324813637
0.054403617196595 0.69179345834206 0.865528907059028 1.72640560770398 0.473090786023977
0.0437097524901442 0.609455618979045 0.857982405065926 1.59186335577429 0.573992590298085
0.0841011845274746 0.604434278540127 1.01848475928778 1.7588930131978 0.78890781100901
0.0480075090457504 0.467637441471061 1.02703186596785 1.35585030359351 0.440429862435513
0.0768500451456276 0.539711700009043 1.07383939156344 1.55770833932325 0.467751816214024
0.238667739745719 0.450238480765106 1.26008174082174 1.66438567905637 0.457463087504638
0.0682046638102028 0.437709650897057 1.15125611298601 1.6330600544171 0.510205740182244
0.0771601353240315 0.970301453989404 0.435110184437878 1.33139150539226 0.408925567837934
1.23100930581688 0.739185346830374 1.04801589192295 1.87663754945238 0.654541757705279
0.0449727463424745 0.724152231234007 0.758860778951293 1.63271758644386 0.572945150492029
0.0516095816846928 0.768971098462605 0.650469873086534 1.35637007878572 0.492864513127768
0.647531826545433 0.330058488242786 0.907867086438613 1.09248135322517 0.300165081743232
0.0453508860273352 0.585326931125559 0.864409413040035 1.55444266142946 0.674359195791651
0.0461760473130924 0.524005574949025 0.93827866314155 1.51896727985021 0.525094710735141
0.105170831414439 0.891185775228934 0.440156274543694 1.52010250054173 0.43150621397603
0.0458231366950948 0.534283413877996 0.927157338798637 1.46646261320947 0.648326920319323
0.116137267120888 0.330182535063068 1.3075059408212 1.61716692262585 0.516756550980057
0.0754345701447386 0.563627041462458 0.79461673037453 1.52038703709651 0.443707532808334
0.313244018031308 0.0339444790985464 1.37097684499546 1.2890374144835 0.0605169768905168
0.128336115051052 0.678271393107324 0.979161936221311 1.74616911177716 0.676861079804917
1.57706937454024 0.582268232005125 1.22931670572046 2.08583946158557 0.689455419456228
0.0597392708802698 0.90754170861499 0.538607189234857 1.36222314245331 0.40912029894143
0.0870589963304391 0.338461216695341 1.26502431081984 1.78158701254874 0.391999462704816
0.074340462405904 0.658157458946258 0.947834358373555 1.6383599136992 0.513781375912011
0.0496820903802136 0.608974539960031 0.809638144579166 1.56042327167442 0.610054722621054
0.0678622190328284 0.963252331438813 0.489945513726129 1.41344177770498 0.485197741610714
0.122861901271864 0.319482077302778 1.32221390603236 1.79374595554047 0.573767445193114
0.0659668873113541 0.305849511210138 1.19449482284961 1.49424004184335 0.337869591289718
0.158925002841504 0.201205825468899 1.43713733392582 1.63132491839747 0.123763959980245
0.0453147107443994 0.521922280439664 0.96812255697234 1.61897377921447 0.528731369614832
0.0466427267154203 0.548861976108993 0.975004719721074 1.42411642131663 0.622455741841731
0.124635257292373 0.60821516449853 1.05149557270726 1.7142944881558 0.587764183281795
0.0487304224200761 0.54030960655054 0.894962554149289 1.46052604526308 0.721378082869951
0.0748994926317508 0.386794912148741 1.20642672162402 1.58701831108021 0.583676663794755
0.101861855389336 0.552053880570719 0.776196807346177 1.32464627760364 0.337812722278028
0.127782341860789 0.79984977427249 0.501958859010484 1.19261407382613 0.462367034523815
0.0471583174938961 0.639569775091677 0.790743478971641 1.63388362046096 0.672936674607806
0.0518967920272174 0.714013583791038 0.694974754694984 1.4612383193361 0.57715284937184
0.056377494612273 0.384389688764491 1.08428470472263 1.42481823362764 0.282578809451166
0.0492294475260565 0.705660769133292 0.827265880560661 1.565481429042 0.513903970988232
0.0703251085995829 0.684811257429815 0.674348088941209 1.32292086422895 0.384427562362162
0.13969316977066 0.343821198756018 1.31508549105181 1.69296746383704 0.514081827992849
0.044290526032966 0.662421392267881 0.794008951314197 1.54483936357318 0.576829486874634
0.0471370943123929 0.601895583245572 0.831377894594132 1.35462920155491 0.351437411585448
0.104537521962887 0.322138359932511 1.05674430746426 1.40593307373893 0.372863623489052
0.0631540767259939 0.557183451494301 0.824898826266817 1.42486709729616 0.515343046201388
0.139758695514909 0.423947446647993 0.897319845091309 1.42632118539433 0.240448403107562
0.19720527733433 0.271401424951662 1.06184027328548 1.26655088704766 0.287308574368324
0.0728074077201615 0.440766989136716 1.15834639441486 1.68311077236153 0.4649086540344
0.0696457029199969 0.767536115820474 0.81562035334476 1.46738481141007 0.669780064065739
0.0659457412794806 0.31698953186826 1.15476397564755 1.5655240375683 0.278282462973692
0.688931939380113 0.870124011022131 0.324143038582856 1.24173944558128 0.281357812236639
0.0459156180606127 0.744075723508025 0.744395448149745 1.43206867124508 0.749421272865519
0.102654882944232 0.256927329853506 1.15445430078778 1.42879071351666 0.347301511198716
1.25196614838337 0.979767450865074 0.19191352135838 1.0425427193458 0.128346407436176
0.0442114489134346 0.583071415306025 0.919564807688345 1.33403814450493 0.528947290438999
0.0488847435137011 0.579757546838033 0.846463960257935 1.2527468079144 0.426260465539927
0.0614588587714718 0.791327190256079 0.767329243029992 1.7860397931772 0.424854874770137
0.134163060392665 0.108951213455023 1.40505660976228 1.67658344802001 0.230469875544632
0.0714363389164093 0.598431429810322 1.00610526944393 1.72303334501277 0.513501565575388
0.0478962895682558 0.579659713963061 0.956294003037189 1.50988956668862 0.679930179410671
0.0491179674285406 0.764455017518994 0.669452274736198 1.40797333995134 0.532375151799625
0.118511229736318 0.512687034837783 1.14428146566025 1.68257975918372 0.499539403568413
0.0445348907848089 0.636088174248673 0.873091893093705 1.42264008659839 0.499556066547004
0.0480907560315599 0.719576530668569 0.710192176956163 1.47520323546826 0.421478006110997
0.0838817776623411 0.341609609129165 1.25724494229863 1.60084475956722 0.363814362539084
0.0476864802661627 0.720927453713854 0.71191754103829 1.37817766031686 0.59785534044387
0.0578507022802071 0.363304330075898 1.14972928299136 1.66138309869453 0.406717312996212
0.0673759529757924 0.864121861750758 0.522691835256574 1.26616245669923 0.577957812149097
0.0496004329370767 0.489071147333073 1.04215048584113 1.50828597481607 0.498359880352739
0.0539497273262705 0.614536012323014 0.948107430042209 1.51568575457923 0.531056341881154
1.34652429407891 0.796270534595045 0.362743583983789 1.12004160687437 0.294853189511651
0.0906765247302419 0.852520887853638 0.744660610688828 1.41975087670486 0.581846843319877
0.064733187399096 0.787257888694397 0.590000021208001 1.24339316549276 0.456378180406379
0.0535662416041607 0.826377256430713 0.602357575050436 1.42026992216068 0.685630324511598
0.0541865770398414 0.794365720852914 0.737367388665041 1.74988389385714 0.554784134492072
0.049615748457735 0.767158170284803 0.663997369718941 1.40963559468601 0.571997767649491
0.0747471999666793 0.543863672294332 1.06646496515259 1.39871078735147 0.511265846285017
0.0505626455782186 0.785620612920645 0.729235890440852 1.50542633534503 0.584585069226567
0.10553731656247 0.852209360016392 0.761614849443739 1.54585339320417 0.662420559462663
0.28900026751468 0.445549032650205 1.27762866008549 1.71293141852337 0.593914225806993
0.0486105618102573 0.509661435994936 0.936291213358597 1.40361507461269 0.650969955290938
0.0882470057720014 0.890610649264292 0.461615192860523 1.50199152005839 0.345246561885737
0.0876450944119636 0.583813097102295 1.04407568312955 1.67133542658196 0.57529966517277
0.0506945502416959 0.534626975292031 1.01237811965196 1.53420880521474 0.704476850459465
0.054340185397772 0.390865562971042 1.11182449323627 1.60289344613056 0.452610474363195
0.0619631989597516 0.92819718805684 0.528163523008401 1.33165658083209 0.588036523600231
0.141602987834556 0.574916506522986 1.09653287043923 1.82170530860143 0.720300121551251
0.112824009355401 0.558491894655562 1.09411827063581 1.67705023057222 0.593077103949801
0.0609890118682328 0.443265004778513 1.12757745485257 1.68108335866223 0.498771519049046
0.144636135141846 0.699780932248847 0.58934976933509 1.23173211395465 0.205824838573373
0.0802767662294689 0.737553766695027 0.606922313270057 1.17133154034666 0.325839297853314
0.169054953455376 0.268153491600483 1.39531399291423 1.58541292816921 0.137346604082959
0.0481936628058677 0.64388035987347 0.78020481747608 1.37474322320064 0.519626464686085
0.107436365908622 0.204849450709003 1.2337492948331 1.49403003288503 0.0823253077812459
0.0692540418169649 0.950835504047884 0.472419733703399 1.41672558289688 0.489281586655701
0.116325504108197 0.769350056275532 0.8690347196 1.77413103653323 0.632121222284047
0.0871731813257081 0.789622324561046 0.548964533872044 1.42666895927916 0.418498527100039
0.049812655340091 0.562197491594811 0.86231530804239 1.52658333450767 0.526967327013732
0.0445142979173408 0.57653338599367 0.885402674433459 1.3407117753011 0.56980128960422
0.110980964966485 0.165701952866006 1.30701860630696 1.53156877736818 0.0866745958124303
0.0684737975724417 0.890068954797747 0.653516806294267 1.49983488108087 0.273243693470632
0.117048137188771 0.171115674477411 1.4028958122613 1.73737333370912 0.0771731879741291
0.163716479509392 0.951460118088448 0.679190485640414 1.61787553830375 0.656677189152154
1.12628314612174 0.0678987927026662 1.2156283158775 1.29093313415288 0.0892746544145511
0.0588825819657966 0.51917004121212 0.880380631104724 1.54355834796583 0.538887595351779
0.0568652576541972 0.382554945495904 1.08369840293495 1.35036321772963 0.604467283273331
0.238305809459913 0.658214810714459 1.04633712715367 1.48649351963302 0.786620221396391
0.109212316838448 0.319266901526804 1.30905810754809 1.58972175786723 0.421259750613217
0.0503421597435694 0.823007398732463 0.656530331768014 1.40504162081822 0.584732544736343
0.0547090906083383 0.403608772931086 1.12235968961705 1.46116793707207 0.526590554684094
0.0755060746385733 0.624271078182637 0.728309355579193 1.48369086321488 0.443873540335486
0.0484495963553455 0.507131449341962 1.02118831070481 1.42850433328322 0.567590328454696
0.0629887777587046 0.542297972338987 0.842423451411184 1.31260794211235 0.502535350235381
0.091350605238058 0.261481246136489 1.32068300637129 1.6282996739375 0.255607920268254
0.070955011320264 0.912183483671732 0.627894644364435 1.51767213913478 0.512373038085824
0.087042050407502 0.219468948528044 1.30754361995359 1.39921267107132 0.256238891166279
0.0617916040326453 0.617245657893557 0.967347150233928 1.57448866021604 0.503882600668722
0.10103283479803 0.73593183931762 0.894048038353746 1.55029450308092 0.81395659300008
0.0582712516708691 0.739899251496429 0.648969490184321 1.45255710858977 0.546850833243677
0.483012531788547 0.689668609922999 1.05486118058968 1.79630097394233 0.446370378709411
0.0577509600964183 0.706345874909779 0.859402597688559 1.57778871249482 0.604538081344194
0.0497202298506696 0.721141216841348 0.699096009310897 1.49345053136125 0.613315525803378
0.0510054889911473 0.642608993036129 0.907352976032344 1.71414704650995 0.329925949586744
0.229708514628697 0.0072678079116234 1.49302111784006 1.48457882826638 -0.0799180841719542
0.180515474143674 0.0482797305303182 1.47980000958087 1.6112416556666 0.0972085542116517
0.0531012353499453 0.723402875154894 0.82367405335909 1.58150787417005 0.735029428216372
0.0469962854270494 0.570687660151867 0.958809522147583 1.57746842513392 0.611370820076926
0.0490816543154751 0.482792983090064 1.04198901025819 1.41016734538845 0.59424758155596
0.0675784432099698 0.723444076167227 0.863217349620884 1.57832946081286 0.487606382024516
0.0531874008566598 0.57841614844225 0.981863454923535 1.660126296148 0.473484615327832
0.0616657019462549 0.903119302637423 0.605657129084483 1.6516924256198 0.556393470236556
0.0948755834899878 0.73812671405286 0.885405200102999 1.44099582912413 0.684046391259509
0.0862221215228069 0.771962458259533 0.836389458601365 1.67412869916023 0.645599212166814
0.0473055678192101 0.534787139037069 0.911854917155511 1.36638630535155 0.483285907686086
0.0849084030872893 0.259725650194384 1.18619205038987 1.45102451627585 0.263516882072766
0.0494928368944892 0.630530722880218 0.913480994203434 1.55801444685237 0.619892374809885
0.0575499861789546 0.892381701448528 0.59320576991853 1.50923388046749 0.444234517670879
0.243069426374034 0.556783158016387 1.15447886605402 1.58495115039308 0.694698127316384
0.130011303545801 0.878472573449544 0.749668065512038 1.57358473103416 0.781501789274633
0.0919807325810238 0.493167353175875 0.853820106095587 1.33765436466112 0.345923764088129
0.111173958296297 0.442034116440086 0.896046680282275 1.3157553929247 0.327676857544722
0.274465784370364 0.347636275525929 1.36674703860407 1.62396864675546 0.49784333793096
0.167843270958136 0.124524307860767 1.29825758680339 1.44599719854465 -0.0135170105260689
0.0569242238771366 0.683416738679034 0.706240417662365 1.41907376175801 0.532699738148687
0.137881919163616 0.558798644451138 0.742442672955962 1.41853216653214 0.270990151037811
0.0583099296693557 0.89513822577421 0.595764546732605 1.46817869126977 0.602705416952546
0.242853115069459 0.919074273197273 0.342900232810962 1.2646968154748 0.266221793931557
0.0703439609618643 0.622923635519012 0.738212864193361 1.49921029211325 0.404562049296811
0.0698535576116076 0.315058877801257 1.13700230828174 1.31793338908365 0.368823744566915
0.0492787683877768 0.601973913417 0.941927512475429 1.68640048957968 0.611208445245888
0.310091077087479 0.532746646769866 0.714924616402334 1.3759196301154 0.49453946166942
0.144834273092927 0.214406403424598 1.41744078553214 1.57370264440487 0.30977201872888
0.10710853111668 0.621600331079203 1.02420257103646 1.67302957516844 0.569537826826415
0.110041353330126 0.425820585731959 0.916817695448129 1.31499968293436 0.288862390900113
0.150271697822737 0.571724199681424 0.721428345222387 1.17465042723103 0.418203227821834
0.0447909775883082 0.549002673402187 0.952523411527124 1.70931958023804 0.395767468379692
0.0559605341969959 0.679157166214896 0.713368654654587 1.34151061279559 0.272612177219319
0.123740503804611 0.464589488048021 0.859230720822152 1.22523202045769 0.363594295756649
0.0601896338386983 0.763077120583024 0.798958935826087 1.62371838911505 0.643597316269467
0.156576846614755 0.651670148427068 1.02366375924507 1.58450156429833 0.601753480190512
0.0559530159034131 0.473510098374974 0.947653865147938 1.58578368815082 0.58556321055249
0.0714973911856533 0.668091510328543 0.932363084027838 1.51307727601117 0.655463930230218
0.0490192831803795 0.729851939517243 0.795919803511054 1.24890860806627 0.756954991272379
0.0465907906787262 0.514599818914894 0.998590428621576 1.55682121261494 0.582520682164328
0.211189508187156 0.409493105417601 0.882397244823002 1.14536517053592 0.278993221651355
0.0767813084646379 0.536854844051758 1.07652989410812 1.97761155166176 0.532430587065359
0.33265971113298 0.5439013778497 0.698300867014505 1.21527001674327 0.360457940817057
0.0832004083190954 0.381359594442546 1.00516458397485 1.43394688306436 0.369215288069643
0.0930451437215775 0.968885451130385 0.398966294045847 1.29666968567603 0.321654814860041
0.0495171349171007 0.49946026875011 0.944234809051801 1.47375665438504 0.489597394426215
0.0919454453454053 0.944016924833499 0.416880637807358 1.25890760840139 0.609787692062219
0.250821415278083 0.0758994639414736 1.56244503377516 1.57941568375278 0.135103906441527
0.0692373288550269 0.971535884855222 0.499792361464412 1.52952250149769 0.540660155164385
0.0583769766708661 0.686558418963224 0.698981168784729 1.45898038577078 0.48583275320401
0.389254691402522 0.41748298173515 0.832815875676312 1.21483992900258 0.33834016720253
0.0816456457157443 0.390000852965675 1.21641030539826 1.78017704760561 0.45621906375153
0.0454436379712742 0.670525749311582 0.843212831608074 1.55884896589218 0.725996692067469
0.0563662947636297 0.391047972292231 1.13870355011666 1.66239147494188 0.554484860303085
0.0585514334105535 0.496080707055019 0.909750630466816 1.35883112734094 0.383647571674884
0.090912179093055 0.575667327640288 0.761014608650409 1.43895082589148 0.427808874699128
0.0519127400782504 0.446354992974893 1.08424634965427 1.49584350228136 0.455679548995782
0.467476241522766 0.414138082008095 0.825988613921517 1.25849593052879 0.403186877532899
1.2196229719571 0.602756195750467 0.566345866099002 1.19196704473606 0.364404640074024
0.0535078948323328 0.61497830531231 0.78761225997214 1.53407915592128 0.162775763935363
0.0552242701930009 0.649444841563382 0.915326703931599 1.50473960842542 0.524466736841367
0.478600309090845 0.285153983527589 0.980849396451878 1.19686875787899 0.242886864821246
0.0547251130313639 0.531193686345575 1.03213803811339 1.46425406744925 0.485843474720716
0.0583933702624759 0.359194438339271 1.1233072730883 1.52726211409832 0.30333407572368
0.972637542699229 0.0428951191244147 1.70381348724717 1.86642436254171 0.0403012459748511
0.0603016509177734 0.493284159541229 0.908121102203402 1.32799114988887 0.398001852959923
0.0502479226176407 0.5781948152458 0.970002198433612 1.54719292721549 0.64378888897573
0.0644999136937685 0.695805799015997 0.888247680395226 1.52279589408735 0.733637184078889
0.043993473155891 0.625947593851272 0.834036455155775 1.42993575322215 0.422198519336001
0.109060963856476 0.503309962663174 1.14587538019731 1.63141266154945 0.520689112976915
0.0563639146686992 0.661067657615382 0.906194616840459 1.56837528776369 0.630188715079939
0.0528489572953385 0.526595829853619 1.02909813262074 1.5134532611777 0.558933067808725
0.0611426358870034 0.912454844926941 0.526010567060395 1.49087225367708 0.585326322833818
0.800407958353766 0.624865805862018 1.15144313652652 1.8499973982861 0.700402486832522
0.692286123128795 0.924668988215671 0.808335757890598 1.67982533047294 0.656007530232958
0.0581575639142134 0.418646325146694 1.01572127742903 1.23957575184532 0.465446670415415
0.0903899188924864 0.224655067824754 1.23868235861936 1.33702368389494 0.273668399148649
0.100295655449668 0.193842869129958 1.2739979889331 1.40875185160967 0.221291675966931
0.166057604111221 0.11773952705465 1.48561812221503 1.68693476689818 0.251873217347606
0.0434234227946165 0.65159632926336 0.829066759825956 1.35135010416748 0.323328157083512
0.108847499316741 0.385929877105435 1.25400484792053 1.59489750263492 0.453107537918238
0.0796966907903897 0.319594472457032 1.09970829016076 1.56058725841822 0.336020162311501
0.073398619499046 0.951359100223648 0.572895104936138 1.51568438798564 0.631920319394673
0.072447953205035 0.883224445599848 0.673558942486709 1.63560903813362 0.514624899023178
0.054312042600115 0.426633568159356 1.11066156396799 1.47074131299818 0.470801951284499
0.0951896895645748 0.358495576392114 1.0186364338254 1.24062073176826 0.548307702242601
0.0936862232933512 0.694238175341111 0.633083887945705 1.37967332954668 0.595571587722051
0.842095232080495 0.848595888706974 0.906715974034771 1.80202770836424 0.831346014568379
0.230822839012189 0.214318279431955 1.46580106969831 1.47831422303728 0.150180165600827
0.107032017304409 0.792953941806156 0.524644252507211 1.38513820992458 0.424295829450759
0.0527626277592026 0.788017343429549 0.739105869140757 1.49847772702477 0.671567790908902
0.0662086963950105 0.76769460350029 0.808301478665863 1.58139484586692 0.778087211308226
0.271413785318382 0.890832626147073 0.792259167665806 1.77034874765159 0.763041746862413
0.0551206701181682 0.854581072366297 0.580052895537466 1.3641033118059 0.368715677656552
0.0667629318861999 0.956435013633721 0.494686105907699 1.68996872759061 0.364189259430004
0.0653164921159191 0.85637289034504 0.533984006048311 1.39479009734356 0.442580194868032
0.0448809692348963 0.613345490172736 0.836617396213518 1.44744875187502 0.515334451546001
0.106879908689559 0.454784713438998 0.884445068550113 1.45812657203641 0.567845262126964
0.043650954094647 0.613425177977233 0.85464485460053 1.60868874929304 0.392127889042301
0.212270597878025 0.574371893402247 1.12711869237572 1.6550896735345 0.628804156525839
0.377416817574661 0.484433870494925 1.25595693158051 1.72870533871807 0.657299870245565
0.0671639778216398 0.955991505974096 0.529379084460977 1.51350125251901 0.628501563306571
0.0544029334434923 0.848401805498261 0.58750156405422 1.3108710315563 0.495639904453043
0.128645965752846 0.348918450643234 1.3027420252121 1.56881210521876 0.466461165065683
0.0809500691448153 0.398242993518477 1.20855228471646 1.80793024913872 0.404913366761984
0.172533716878826 0.881046272999336 0.402707215699897 1.2643430553266 0.274053219387167
0.0463709972488942 0.70528355899624 0.735017994676388 1.52823085427165 0.578268441816157
0.0522043589465725 0.44002813823561 1.01559803036081 1.40269516453144 0.421959363411229
0.155926240248915 0.805380062289693 0.480161462809016 1.10891863753316 0.477802061427255
0.0768236132196891 0.335874358333874 1.24662660083952 1.61542485943989 0.574172892792868
0.0682829310202315 0.438423446109148 1.15084221988564 1.49322240986035 0.53528147060058
0.0859778749738166 0.910099866537822 0.450456121386754 1.45799855628128 0.421569331406018
0.070881420635855 0.71869207218581 0.640045532601172 1.23215758263931 0.498447602198555
0.146582279807496 0.0981552620518427 1.4536932893309 1.35041283057548 0.192872759680185
0.0660143608239782 0.309802743956918 1.17349209130654 1.55535540712713 0.274609892867284
0.322940193978215 0.388788130573002 1.33958926153649 1.69089461239436 0.587478543413412
0.0612838738272801 0.645697185896597 0.936027784057878 1.52873941117284 0.587367443983961
0.088230899382546 0.995702602519595 0.540304601526701 1.62979769493963 0.584897187094109
0.165073036801336 0.0854545829163885 1.4872783319987 1.5961932626353 0.0197432997730407
0.0622397226117886 0.454367228155839 0.952382198184451 1.35558173634042 0.399452963373608
0.0483079080358085 0.56925996043552 0.968478335046615 1.5492860018806 0.584038822089709
0.0730197915483808 0.315324195938812 1.12465772822903 1.45968514995551 0.378984632324074
0.137429211224543 0.653954178929753 0.640480178751701 1.10494294686552 0.323823461313127
0.223541280746915 0.201900551252654 1.47218606511745 1.71373103041538 0.115541948599146
0.0974568670100979 0.996133973716493 0.557957751996158 1.5112031906919 0.680218905116146
0.186683295098118 0.953518346840044 0.333808216091225 1.64525666667306 0.343770355330786
0.100720670202086 0.556108393087024 1.08603843148842 1.38115083339153 0.690881545009893
0.105520399666381 0.302343059779815 1.31747920238203 1.40038791650764 0.409059434882662
0.0630796294840454 0.888477001435347 0.521785767643762 1.57759464125833 0.628829383493418
0.0516833819450752 0.452660745734964 0.998901848143191 1.46097465283434 0.306714813467155
0.0513659208681619 0.622665707867801 0.787475027046624 1.40384599539216 0.545748542229652
0.143804139604559 0.109906102913399 1.36027056869085 1.49053460015433 0.129460363616918
0.0440932196232391 0.561817632620374 0.921851344153792 1.49362937272425 0.446832513889711
0.0577745908308071 0.531114779828063 1.04215062900326 1.71366894000599 0.630288438635433
0.0740667815114277 0.271943088670805 1.20818149749541 1.58452266471421 0.311917270779404
0.0768300867483429 0.356663189932056 1.23268375689451 1.58430999887278 0.293509980394978
0.13749771131475 0.684392324959633 0.97812801446851 1.62900029157516 0.865752388474327
0.146043721777141 0.230724079293075 1.14755116803068 1.48480396451061 0.197719288549286
0.0711138113776932 0.483509419385828 1.11733964709636 1.4136265748306 0.686575250037998
0.0511359151979398 0.434329765728494 1.08072390831024 1.72023429172362 0.507065899133019
0.168773573602559 0.443902578222034 1.24052685603328 1.68061001101403 0.587467871901498
0.0503674395787427 0.820772667022542 0.636882477274264 1.48126615573811 0.594114073687117
0.0442604934139244 0.650758442190256 0.805111697312884 1.57752822094006 0.452043937566792
0.0442772002716888 0.56241838346656 0.910835989457575 1.46447075952707 0.434339994372447
0.0628486153962496 0.8422265360768 0.551530163374541 1.4387210585245 0.274046895201838
0.0588678956675505 0.623724330812656 0.953281727952653 1.62433154667591 0.411953067032246
0.0701011719763282 0.929875092396442 0.597363428474629 1.57863260027678 0.605623297958569
0.085476622922502 0.221418968133479 1.28978676258059 1.53891906360344 0.245516366305638
0.0437488636388134 0.649052898352946 0.846324299267791 1.43244388597743 0.414815083142217
0.157656744315257 0.16825476363512 1.45573607188729 1.53422122038138 0.295919220007342
0.0440728082720361 0.590320731196278 0.91127780346298 1.57319080235476 0.599828931250399
0.0483639903380656 0.76111393370651 0.748397113269349 1.52333878718953 0.440840033275827
0.0760696262568891 0.283792871613978 1.1706613500954 1.5105497076667 0.341517481652109
0.0830563532404702 0.823639229825073 0.524369801058943 1.33460684120816 0.496776873183411
0.0440330250874284 0.663055265799603 0.79769295779625 1.59446707050955 0.600669881662291
0.0862922421311158 0.235306047461263 1.23079785416282 1.47183155384947 0.294280952697236
0.0585146536170284 0.374932805213744 1.15818561587779 1.62756191888594 0.41762048971269
0.10636443909288 0.741848975314877 0.892211325880766 1.59910348720017 0.684994258205705
0.128026386733415 0.238091279580333 1.38660108187339 1.63300322175664 0.189953232684467
0.14837744028014 0.635455635966676 1.03684131466041 1.60777395125223 0.667170961774131
0.260371078489848 0.80985184481034 0.883888801941882 1.57649171676753 0.622315348981885
0.135150290093531 0.487512319235869 0.824830795688391 1.32945461556872 0.339424070629243
0.0861306972334177 0.785454111885857 0.5541198755783 1.37163272735166 0.257193043132871
0.107189612452343 0.521447752057987 0.806057362456478 1.28292131044252 0.433765733142486
0.08483294043017 0.381173704510394 1.22867484473462 1.6572812196539 0.479997757693541
0.0599227516916276 0.784865125651823 0.771040132000814 1.62820863523684 0.548430697831094
