0.0612165890291188 0.43912327634895 0.982639633454384 1.38101891858531 0.446089240475812
0.104383163851755 0.967566829831585 0.391435586077083 1.58234367997257 0.283282545448831
0.0685103197346463 0.705849396191784 0.661729817261942 1.50865006781686 0.593226757231203
0.0493934837342994 0.530492456395358 1.00027683707073 1.57929283519956 0.635451753815467
0.233559622864123 0.308671009631696 1.00107158399104 1.26827912844105 0.260618567646683
0.0498363446796379 0.603346212239557 0.824019895610989 1.59809160476575 0.324916032075644
0.0636803337334503 0.390849021658118 1.16866123243794 1.4202791870413 0.354286068552778
0.0540416255793096 0.683305584059748 0.723104370645966 1.61748164992528 0.428701295271236
0.285975857095699 0.514906986311517 1.2064851187848 1.65979980414331 0.538550184863207
0.082426292487459 0.291042796795275 1.28008899389564 1.4863552234782 0.17544039489533
0.123644251051386 0.145694006242118 1.39936125030521 1.68864472397899 0.228869501353411
0.0662312968107404 0.591717662581023 1.00017527801211 1.32391926449338 0.703130065725419
0.0571589482308635 0.680934681080081 0.714412726672785 1.42596084295757 0.507436192149838
0.24234015162478 0.856093028252139 0.402242670320647 1.2728936677174 0.316637915337049
0.0715921926744989 0.416465069352436 1.17330845707117 1.65561290139122 0.597461066198318
0.111053488325144 0.99892491936718 0.363417487385869 1.56624879714795 0.339560321006422
0.0533923759412973 0.420005667518812 1.08472643879734 1.48073622366284 0.346637410215094
0.156951043327342 0.359425532166586 0.969055105844248 1.36044233691111 0.408877839089474
0.0614838540147117 0.900213547895331 0.55277365046708 1.47396984559678 0.452281213465253
0.117541069462768 0.274556592083988 1.34901179743994 1.54170024611768 0.436552782453764
0.0574736971596882 0.871297993457315 0.590851493461781 1.42021127935885 0.623427731937261
0.0780308559024627 0.498864511028437 0.86885883642051 1.45296266959077 0.55115384528009
0.153221434187351 0.393652726438203 0.92821657054307 1.26798987246185 0.298246780658349
0.0632380018478588 0.822371222431684 0.573914046565021 1.30813760954742 0.638369955376668
0.168797009014745 0.0766912502717825 1.42245799961115 1.74043543209494 0.210996301239064
0.190023505318075 0.0919665224780396 1.50868115956901 1.53270827463065 0.193161613624632
0.439292607675288 0.448867503872757 0.78882693813385 1.37188959702622 0.205180681570684
0.121469970882313 0.327691254039244 1.31331612242715 1.70168450882691 0.435908550249224
0.0525885084330901 0.696505655854874 0.71678556690533 1.51351066801636 0.442237928906308
0.0518988812766474 0.493108558522872 1.04525794966326 1.59671807495959 0.61713621417547
0.0453598651324255 0.637297592268006 0.861427230473084 1.46362576957724 0.662765976972201
0.0467386432591989 0.535194198517343 0.968517975433064 1.34525704052608 0.445422523335217
0.0465543130911789 0.540125606005326 0.931566181593422 1.60324430111696 0.522267739416413
0.0608604586797926 0.575868014280066 1.00370596546198 1.47593701760302 0.471212005525274
0.0517330561958626 0.463052427671341 1.06265019754356 1.35749171890196 0.612155559842899
0.0744268350640236 0.588543737319208 0.772150122688939 1.31417350167028 0.448831736824142
0.0630268431828595 0.878798816374893 0.541083058793854 1.41077688034094 0.539031816714364
0.0591745028959431 0.458774021722357 0.962829581891196 1.07813731696728 0.643039566126136
0.36428663946215 0.899086698977741 0.335531512772487 1.23660885462427 0.371233977360895
0.124049301666893 0.44669001293884 0.882268273432289 1.38336774482373 0.452888859291904
0.984989615102116 0.205460080666068 1.57309209379183 1.72513280519024 0.281510990939835
0.151643613579555 0.713919914283808 0.950518848905639 1.6461132610993 0.756450681734596
0.0551243487741086 0.85044246308244 0.618721428104546 1.61387391000489 0.490812096193204
0.0905870683920428 0.247547040263732 1.20410146905159 1.65168659374918 0.267801488691437
0.3365278427431 0.466662868987977 0.784501811420345 1.4137062383549 0.412034226171552
0.149136112334029 0.892593059884113 0.73923784450372 1.44483618972629 0.549574979866642
0.0720621571303153 0.964107071639159 0.51049617672013 1.41465479699637 0.654700552625678
0.312484858672762 0.590457198236059 0.651387984756709 1.28373821521894 0.4184376725555
0.0626769365217561 0.859909041409891 0.551699715343707 1.35436207730638 0.554153313558664
0.0469234259871817 0.674654634369283 0.772301653931284 1.36405997292011 0.558003461934
0.392867178187906 0.959366130397809 0.277233161470399 1.15041955960347 0.167066890550921
0.0452852755017421 0.591356918107401 0.904528351294018 1.38136428797978 0.656186797247713
0.0687955947842577 0.334050670143081 1.11870789232649 1.4326725990903 0.27413881393251
0.168134604526213 0.501017353985816 1.18362921819629 1.50309641636906 0.675261976117706
0.0839943463957539 0.244497598504929 1.24026913454971 1.49505187712605 0.475485399875653
0.118228905111521 0.155456776131639 1.33232455001597 1.51066715536782 0.296262095904937
0.0730678265222245 0.882578890094707 0.666924832491241 1.4679347740262 0.70005162196288
0.0997943260868806 0.9288787238553 0.649724652162899 1.6414841475222 0.6420093841537
0.0697291552614652 0.842670589048986 0.714221954203902 1.61665790967655 0.673869483041556
0.0719882356732447 0.6506397805426 0.710285920948782 1.43440204860046 0.492281183235917
0.0755170588347702 0.273117255131969 1.24210094408264 1.62054877848296 0.272262525783374
0.190265398322941 0.196388791278071 1.17335695299251 1.20576104051057 0.184668371410821
0.0929000258928071 0.433078260842616 0.928469063965257 1.1963561650788 0.334288475512825
0.0481168700581928 0.733063711022954 0.769047082387894 1.42908684331919 0.594833616149528
0.0459458149647781 0.649710027760539 0.805816183724541 1.51336973485974 0.579762713647531
0.264827296222665 0.0244911148576581 1.57718152332746 1.4996480697287 0.109543104938123
0.358932359905999 0.133391486820774 1.2060775639552 1.48044202623873 0.272095567671422
0.0939013167748679 0.239395877645448 1.32808340021564 1.49367036145026 0.254456892149395
0.0624258700510745 0.53342510468985 1.04918524364964 1.53730492266818 0.645238117599138
0.15147370686845 0.550931187273537 0.745026652835868 1.3084147001192 0.687115481108449
0.0678354129850346 0.635156370810007 0.957790151541188 1.54143122521219 0.571639150559963
0.0564832373915961 0.388795194167603 1.11635595784494 1.43361199608064 0.521434313720233
0.206008792055159 0.223252729607407 1.12655891573156 1.34314907653785 0.284574148976619
0.0737221332549612 0.69854310078079 0.659122336894007 1.40909006746625 0.574467696928352
0.054490134352432 0.408446533587402 1.09733366743075 1.48069669696085 0.366586675889142
0.0506241883618264 0.778597867611868 0.667477461686899 1.50848624739242 0.607393999827347
0.0794598706249912 0.256061613775766 1.24854753088682 1.43191218330796 0.276901019769821
0.22971730922011 0.981067701556441 0.663367975780216 1.58820872260936 0.761445341117742
0.443650950260175 0.240635895502845 1.04311206874358 1.28526273458718 0.516627227061635
0.048942435376415 0.551905732684325 0.889938118313334 1.45871852784774 0.469121821836091
0.0780731574256844 0.615389969145214 0.996276803535276 1.73023677851659 0.637308905251121
0.0754621968935082 0.926647789556369 0.472378421447788 1.48960688210758 0.452410743648253
0.0457888334075725 0.692099175553025 0.793219589369966 1.44829626191108 0.35107355239165
0.0771189702419106 0.84681810922257 0.724618560165413 1.66011125977592 0.698426488013448
0.0536092817332229 0.435849190368346 1.09004263392254 1.69935812997915 0.380761320551983
0.16063894103736 0.365233426732901 1.30858481299237 1.54286563589801 0.55889816480487
0.0498152516834425 0.764111189350227 0.682174510577094 1.5826387906124 0.535406402277951
0.118796746185393 0.982594213542011 0.596848721360787 1.63442542566815 0.619111860729515
0.177895013344956 0.146608999899166 1.47965069623737 1.53009243585963 0.254900288735651
0.0636184566653299 0.713385515889559 0.861329557101131 1.48518274443119 0.650486192871973
0.554184640639956 0.845105568793702 0.884249786478863 1.7673159988845 0.641995341449896
0.0913230555016287 0.222388934253589 1.25945853664418 1.42699258883249 0.106193659130608
2.65195819908453 0.365790817940726 1.47050296101938 1.86075863183582 0.64260862214198
0.130678817264067 0.603682196080125 1.05835135898071 1.72549288047801 0.719600851093521
0.0580278132832561 0.374726265600066 1.12127664485095 1.59996295073265 0.356982897888898
0.125416713077749 0.333373701341054 1.31218128780215 1.5735537375407 0.26442869930593
0.286684405174997 0.403296768564962 0.869125862739164 1.20908143156719 0.332791729286226
0.112434032525185 0.292539439486092 1.33074480183171 1.62667614377988 0.407176215291798
0.0868698063532312 0.937979656595858 0.616374351221673 1.48377696737712 0.661715256799665
0.104173921998985 0.953706037153332 0.400734381436747 1.51817892722854 0.492776254644752
0.173496015634781 0.654360329051406 1.02615098939488 1.64738491341698 0.764591978373376
0.0688268212205132 0.506560675816255 0.87636965228343 1.49697166689727 0.635963945079981
0.106718227681206 0.493821032747367 1.15185094275836 1.65156708420509 0.622704659246465
0.0647813562691135 0.329345197147366 1.18568929808946 1.66722196252843 0.322491850640093
0.0588441504715804 0.668037700969332 0.900640650947819 1.44470987334422 0.454245153947428
0.272423685080315 0.339161035778436 0.950977880312492 1.37484012544985 0.229973288464448
0.117870381071665 0.150709325904469 1.37106718554175 1.58957224415173 0.00517337832752796
0.0511497698906384 0.804504251258135 0.663443450563647 1.67173811192097 0.597085039349887
0.231878081491668 0.147293995120383 1.22650463223644 1.12380870562003 0.168761256191893
0.0555642556367324 0.781727899507573 0.632806251947845 1.49743160587215 0.475380796903246
0.0870672316441414 0.858187844668612 0.726381600443675 1.74583814871065 0.559478551227337
0.0552225906648643 0.564803674488153 0.997481689624414 1.51506553035756 0.572380597256646
0.0600939509129846 0.359083156572852 1.1467874436763 1.39338983943435 0.536365466018269
0.156680864075485 0.961668763395811 0.655470883595942 1.61951311373011 0.702439312410012
0.111806588632946 0.701219680408644 0.611993377216233 1.39954349614779 0.390357249783422
0.0603053100816476 0.873251441284336 0.633000994641232 1.58675738352492 0.50436401896891
0.0512489963764415 0.5589218584871 0.867821781313846 1.47756086605355 0.481700585003927
0.11720470375926 0.198658034280483 1.38933538639919 1.51158458299967 0.28956970935943
0.241172062552353 0.104791453141237 1.28979242906574 1.47330675253907 0.000330862017029449
0.0731706943559085 0.965755600165142 0.478568307268292 1.39272905934303 0.477844434452013
0.0901998586356614 0.668837526187806 0.954394708052698 1.60716779389353 0.517434244432829
0.0509156592330424 0.713332786827189 0.817229549507584 1.54146982065583 0.498429513807756
0.0467964735029323 0.5780931077328 0.875042052240199 1.46019633552714 0.487680783820692
0.0833281953554051 0.31806253204966 1.26843398153559 1.6581870957761 0.2110704471618
0.0756986110111715 0.894792705456382 0.655751797948493 1.60775611740745 0.483456675507599
0.125742065591493 0.358490517916004 1.29153358916372 1.71218364909856 0.495792418832126
0.0462036167394957 0.706235004626525 0.763161970060023 1.36822403731818 0.243238148793029
0.0487046602051844 0.482373336940736 1.00949332946422 1.52031509325673 0.468889072439596
0.0496024682575357 0.653782188383172 0.88071331101474 1.32968433030086 0.549703791693102
0.136968360415539 0.969042443968183 0.63213352562552 1.71776456342974 0.610888903962448
0.0923244030313597 0.317665494593034 1.28575049713154 1.65561348625899 0.345097306618804
0.101392408725759 0.190801264803255 1.34197033480824 1.52093530138953 0.265272211187303
0.0803037570086993 0.546018646275768 1.07067197276071 1.65909640731198 0.385592330199111
0.401455939648129 0.816451539013032 0.899111007492879 1.74961648201335 0.555664861543445
0.0865980594169869 0.781471912343261 0.82104135592766 1.574220642467 0.578769797480319
0.112550449007729 0.754118902843886 0.879831601060167 1.42489162959368 0.588629559399394
0.0462461549344358 0.64044083588725 0.870378823981094 1.47016871581344 0.630481056770643
0.333490702216428 0.0185056233745836 1.39936606918734 1.26529765182747 0.0281488069431542
0.201338638944119 0.040207426829161 1.49066077070862 1.56332288830867 0.0710635648625116
0.0689623194142511 0.313500062803679 1.21844250180521 1.51842140473026 0.455044929075284
0.0792919876394794 0.317578883425304 1.11139688999235 1.44278124126784 0.318990242889953
0.055307122967279 0.848159635090939 0.637219611489535 1.47496313436949 0.466287367908385
0.0936112595967453 0.269136959645697 1.31674341617588 1.58622682992345 0.206633618919097
0.0825494188206323 0.602577113594839 1.01603550627027 1.77266237271727 0.627103218123406
0.0501895087382331 0.779964670126204 0.7149095672068 1.57508507842055 0.604331082259342
0.066109903316541 0.823462559618501 0.730721937745472 1.50651772491676 0.663932106611757
0.513715790141502 0.895644719584742 0.317567774852399 1.20308456452166 0.427429739941617
0.0685862072256721 0.712105968164488 0.873669385499703 1.68541521703914 0.642094365212724
0.0631997493405927 0.902176006909749 0.53516421879036 1.4590859932729 0.441561374478618
0.0465391133823951 0.532019061561835 0.963370309398362 1.53866067491382 0.458398416495128
0.0689906526853691 0.949287571350203 0.520578652928362 1.4196428795397 0.532327644895197
0.0537417585395592 0.454421846085622 0.994731949874623 1.51155283018312 0.429490735686829
0.0634373843012557 0.406116771405076 1.02221973097274 1.49321699184646 0.342646909782186
0.073459590833043 0.939046488715081 0.579164021155431 1.51906722568081 0.413800411288017
0.0945295025452208 0.868975370408076 0.722645379454308 1.60939237990182 0.567541798239737
0.0754714715065865 0.28410514958063 1.18835213407581 1.53896622385417 0.497025506217435
0.149087079872559 0.16529045347659 1.44484568689536 1.77727313034227 0.317483928475546
0.304120766715402 0.938736679346189 0.736947845206591 1.76116009577742 0.788201698115507
0.0614080269824828 0.393605541235517 1.1575266290223 1.38124856342047 0.559045280191562
0.052373301062879 0.470409460441348 1.06361883464292 1.46215710547799 0.608740868594987
0.0500372602450271 0.463356019299447 1.03919640118294 1.49438451891068 0.420676474640344
0.0449341821213451 0.613485895874292 0.873731311913484 1.60036504632157 0.441852074559792
0.0697119458086124 0.543338637866695 0.83133543269608 1.36169335177441 0.496115060116584
0.0465151863573824 0.687316328437389 0.815795774061169 1.51048091884595 0.634768561112782
0.0974084859214829 0.230995139613974 1.33918637760544 1.47884508894719 0.299007460124831
0.0607302653652181 0.652452225911919 0.923012747506521 1.63417249902737 0.831075183271727
1.13985767258956 0.819134402310203 0.950320981545818 1.83516332760443 0.736063624404284
0.0452467517950825 0.641561769521916 0.854034570207685 1.48654668575514 0.514635514068834
0.0883405846139367 0.946863261298567 0.605954157670197 1.60455426132296 0.705846910135999
0.101974654921395 0.35633676525317 1.01703460815522 1.34313398667896 0.318652848071527
0.176625621217517 0.928561335081412 0.363456607369188 1.27147518921881 0.163629863160402
0.14930358538104 0.123944952838036 1.33316239103689 1.39603827263514 0.0608877048982978
0.22510746112051 0.355539074773483 1.34456651125054 1.60629763242212 0.459989553774507
0.490563703876438 0.802580578679554 0.926347301633492 1.60607015563833 0.678786069480299
0.0857596996301287 0.927734156091811 0.44711186290148 1.2615844438388 0.481063267294927
0.197047177490927 0.0793191120553844 1.51712143727958 1.51481864321749 0.0209155305105771
0.0497185781890246 0.776184992956908 0.680179446766581 1.44927428709656 0.366329802851749
0.0505050072068899 0.714968752168454 0.711152176998108 1.32804183861361 0.582908588165644
0.0621419453561849 0.634771369129987 0.945733716879495 1.61801953399206 0.462097824594086
0.0534987062516608 0.801050345240446 0.632335985634363 1.49320244661146 0.459829024695705
0.0662710540499088 0.792712739339262 0.588480980451068 1.43863530624234 0.522368558491384
0.0821715267265427 0.249425903730258 1.27789619896385 1.42965640483885 0.204463063097423
0.0709529182900185 0.518418513444829 0.858003772702954 1.51007955555669 0.439366899873713
0.0619451958053722 0.355251998000509 1.17125188823099 1.40413596214922 0.189167265446252
0.0872453864348057 0.651680788859286 0.686848592646229 1.51184974243223 0.490509018614242
0.0559830785642932 0.397920810047223 1.11702972504113 1.41113696908523 0.403583840979191
0.223553035817637 0.737635215988102 0.952040883158639 1.6957812991589 0.803803462506459
0.0639301077460054 0.458227159421756 0.948509332485185 1.36903241214223 0.436959121442681
0.153189819228019 0.326891870075665 1.33747962391003 1.77482874568267 0.525443215079629
0.506667327221426 0.21333381174409 1.52598480467703 1.71885567038232 0.156146554968617
0.106100427959288 0.997879089703721 0.371192822413806 1.37616394597585 0.480593758796925
0.0512842652753743 0.483407577547686 1.04776420586606 1.71621998736096 0.314517941573022
10.073544558427 0.271408102115302 0.850861556746982 1.07475354823753 0.253035814448039
0.0978572494577801 0.838973975949197 0.764565161898013 1.43509344623356 0.60832944331585
0.127472911110969 0.679572695228722 0.622190573281837 1.22927011778434 0.207045714638352
0.0482184147924879 0.75774492087971 0.721084129842124 1.59394096459231 0.476784964472848
0.167135032350791 0.260877074743262 1.09404613800563 1.36892558049341 0.347195297954025
0.0919680666034949 0.271555262784145 1.31212395011196 1.69481933436226 0.271455979105967
0.0730607557659541 0.382714029676761 1.02828892332962 1.42731983259855 0.382836890644476
0.0727297228569013 0.966730034974793 0.51016889922199 1.44570262090869 0.56818671956189
0.0567497748367362 0.619497597954353 0.778344997909543 1.34495031379217 0.474529651563736
0.0691656231273489 0.302414760418142 1.20204645514652 1.57977371783311 0.359240203945264
0.0840585041861339 0.884292505897601 0.480049786320679 1.30114744402921 0.292967291063357
0.124246418814679 0.416221571995363 0.919251564862454 1.39250120528611 0.34309231423011
0.0545589581645505 0.434683259480107 1.02109976446604 1.25450765412143 0.534688579626141
0.0525320865298798 0.489091283341346 1.05194875527856 1.57199439997021 0.668540675441546
0.0957050197835399 0.22600396633251 1.33494133748805 1.75170677889834 0.20075580847883
0.047882399644287 0.748923729126698 0.717385099758588 1.29508334143699 0.601136983344649
0.708426490991698 0.630172872318224 1.13631575069462 1.67710443158951 0.785572757422459
0.0922867365624823 0.215455811969481 1.27629609631753 1.44286225456215 0.303416545024878
0.0475171125801473 0.665455461833703 0.853359093904333 1.37738017707504 0.552543443898057
0.329685140796593 0.270903894932256 1.02421453286349 1.34472469522914 0.259489923507177
0.0639036995910927 0.917653324854654 0.561649441703367 1.2678389618802 0.438775848172298
0.149134545518366 0.593493142345384 1.07968368292536 1.75463144970733 0.684511322770225
0.0783936064544999 0.867571036436524 0.699435905333061 1.54447662673112 0.67719820983578
0.080201485221598 0.885373902594476 0.678649363411946 1.63391766484015 0.573733905629107
0.102218099758259 0.185876476576998 1.31819643211592 1.52255984683689 0.356339589293005
0.118516034856922 0.587538762935466 0.725327386599732 1.19729628696335 0.420926143568261
0.080459807236312 0.963813205593079 0.441917161982981 1.45360224501298 0.426070679304248
0.10611963348337 0.661972108943945 0.977740192323422 1.8263593294015 0.643756174113861
0.111096484834276 0.90814416612534 0.425938349882043 1.32225252472183 0.346860736229722
0.0782039187200196 0.261381499528256 1.25181843034252 1.45589233950551 0.301274808834461
0.15001126004823 0.156421695669359 1.26842147487146 1.38948075480033 0.148420623720062
0.106382197310921 0.780265587576522 0.540538108121432 1.34922319497976 0.458119387718115
0.0837276388903446 0.730630229992405 0.876951336303496 1.42721277623173 0.517575299524454
0.100177198948075 0.684961705098987 0.638740028441971 1.26212298579988 0.472889755380269
0.0473384434698062 0.544925473376877 0.912905913844311 1.51546321547043 0.506472723037712
0.11381901345604 0.494225921473121 1.1575657949417 1.68133898768578 0.620983233505213
0.0570844089214019 0.489293946512431 0.929925515047137 1.47622360649198 0.578333202680468
0.313545496120631 0.997444015638148 0.260815310069087 1.21214631945885 0.0847376377796799
0.0458456175815445 0.628552071789392 0.878695049606887 1.58351819927402 0.573623746759499
0.106081795809137 0.546622945092878 0.780655731170039 1.1432823929089 0.347691302824975
0.0558393539061749 0.767323821711342 0.642438857954704 1.43766201391589 0.505279888311939
0.122082347830091 0.29316727705862 1.34048554062021 1.54920612830958 0.49940970805306
0.045990402123869 0.673828362013417 0.826519126731306 1.53863479925102 0.416962115781702
0.118807577496176 0.227934752844717 1.18448914316979 1.40801128229527 0.353272722001646
0.0510656916676711 0.720297875822069 0.703462886966352 1.37498670657159 0.398429831318248
0.0518247932455438 0.81374943837226 0.657833474783053 1.4624042617956 0.768343078430044
0.18142722832617 0.166678009163515 1.22425018985168 1.36483098535266 0.129791431362896
0.0967199611100377 0.209247811986212 1.33489955759321 1.47781607992475 0.13317293923152
0.0646375238054513 0.876132923727731 0.53506367969043 1.29319788520845 0.535720271894311
0.259412380305806 0.0267721783170261 1.57310842383637 1.41017545978897 0.0957330036151994
0.0642576441660822 0.624104268331151 0.753416661471681 1.2376060480996 0.629723612565338
0.0597925702841734 0.848371215829029 0.672535182696735 1.48019975113298 0.493927278102236
0.0465385434749225 0.676450235028517 0.830452831316476 1.58233274227836 0.615754434837417
0.10484996678126 0.4716246765882 0.868531430606316 1.23455768788682 0.31920367139465
0.0492355519317072 0.715192776209096 0.719271791940836 1.28774541514398 0.686858429987662
0.488948911452855 0.266923768280027 1.00288391647797 1.19501110611305 0.283867801652229
0.105790605583356 0.179645399261781 1.31420461133337 1.515161901457 0.157865921575545
0.112089829966413 0.740487931500786 0.89509824523325 1.66235617139359 0.705210197847888
0.0586734388880396 0.562367730136138 1.01102155308758 1.50786497740644 0.625369160359997
0.0755442236432066 0.272407227321645 1.2284322520319 1.57399394225078 0.228683895044619
0.0565202124243914 0.785073331417417 0.750194985906194 1.44738966151692 0.419090407157121
0.136269890141018 0.417546588345867 1.24670330778768 1.70841056323909 0.376773455199881
0.928211207441529 0.239912102525947 1.539299841659 1.69578445445642 0.465968093096182
0.487670636658254 0.499431600818344 1.25395944639403 1.64997799558904 0.384105399749499
0.635954496705112 0.912240838897527 0.813255627061548 1.64627648524341 0.750075044784738
0.0558113723287365 0.469295277872086 1.08326657007043 1.66854435130498 0.378518410883702
0.14399471975476 0.370014917956299 0.963355462403294 1.29672651746285 0.283492968573314
0.0546423788611806 0.842050284011571 0.642422135837591 1.58644458015879 0.334519080759401
0.0555210968528955 0.723171341846603 0.680676819548055 1.44817767079273 0.471423898930552
0.0578964427627635 0.578352382296636 0.819872888688285 1.46484434065496 0.543280680679862
0.0453124940898977 0.59385326270862 0.876863456292697 1.4809217763642 0.286425460084319
0.0592655661123117 0.38283454691516 1.14930389233643 1.47762169576873 0.430812162352703
0.515614280532441 0.952204409414007 0.75365009307259 1.62840469762514 0.707545985703556
0.0726669229941351 0.95871301769457 0.47785926710938 1.40223994269993 0.406232456557452
0.0810320142182292 0.993844538067776 0.500751431158245 1.44337769403175 0.575787024079981
0.0679454626795496 0.848979428571406 0.540826789181974 1.19457655757905 0.42838836708886
0.0775142957430717 0.740816032139622 0.856110466379995 1.57992243256081 0.870358490225099
0.0602797382547832 0.436648361875345 0.989478659964695 1.29156202307167 0.38905077830269
0.0518628005416798 0.532408478767408 1.01337800343628 1.62579093255463 0.333612741897182
0.0560082279929892 0.856302181002945 0.6259544141218 1.44774283401218 0.684532418513042
0.236817694237156 0.847425326516797 0.829697893247397 1.73519864653732 0.636776104273384
0.145925247505443 0.441423091282602 0.874229220582839 1.28673180687216 0.217780285493435
0.231169382125827 0.877277696238229 0.386441128162987 1.20095432260837 0.481113198719887
0.0625760425007493 0.86622828631819 0.657159196436121 1.45874893136154 0.591286898889064
0.216082561527352 0.75437725574938 0.506796739002968 1.40502380922969 0.374296572973363
0.0697419801843525 0.383516475235869 1.0357072681885 1.47385220829169 0.440529837232759
0.0539408176467258 0.731976347149248 0.679428128671472 1.27050322024904 0.52634894038965
0.17895425885326 0.0768331165738219 1.49264029303932 1.41205719145795 0.221586758177133
0.115402931929985 0.414416857955494 0.928650738638183 1.2466136602267 0.5170841690031
0.807710694446153 0.741460076727022 0.44152261244007 1.10525835388138 0.16200075912393
0.0466156391619557 0.721630940931545 0.753898093899928 1.54583951807794 0.466568637039692
0.0658430620677041 0.835878284812181 0.556163252173536 1.31000771952018 0.363216334176002
0.191889346112043 0.0869959318601255 1.35629356258081 1.61095964925418 0.305467650064091
0.103967963316863 0.27896078703972 1.12467460304101 1.36168991865378 0.330242131095812
0.0533116494357658 0.722990564420912 0.689919454610566 1.40797103167038 0.560709425877648
0.0464095981473488 0.579178137912088 0.877942912680793 1.5286690857527 0.522611855104661
0.0574405060169753 0.581385702504111 0.817865451507493 1.31589587003258 0.525686707779365
0.0646941184742017 0.758382990292873 0.810223098697374 1.57936782677445 0.482676531481162
0.167542110899051 0.0907508143528073 1.47864605584364 1.61208018296171 0.130921423754492
0.0717755322707568 0.947026807087856 0.481017687766316 1.29464174562793 0.474800982287238
0.0480515610380893 0.559109094097081 0.887502047873338 1.68062299702873 0.490086785882283
0.0502974160712835 0.717289048717106 0.710481297190128 1.54570517113592 0.650089474023407
0.115731083395076 0.524622792189255 0.797416608242578 1.37063719655457 0.462348772302118
0.0495112071499724 0.776115381471909 0.711226954558525 1.51135930032564 0.507555888621036
0.162041201684338 0.127860509316732 1.30761812848153 1.43482236095737 -0.0190987832719818
0.207665322247869 0.0344146183752149 1.49499853029608 1.36758894770667 0.0559442471601234
0.0456166366070198 0.684974931457322 0.80047994170639 1.52593994951623 0.744260071299443
0.0670845252976077 0.414742245639954 1.16340002418741 1.68356181851594 0.396430487776417
