0.00901926755319724 0.897272589081787 2.16748289242965 3.02121901763553 1.90014356133346
0.0274550799264626 0.827863707628322 2.33941891784956 3.34030475322751 2.02662893416732
0.00928842668335068 0.949625784940812 1.95272802355449 2.90833606964889 1.92572464709694
0.0118449819399531 0.849261220870494 2.19069643698653 2.98779627742962 1.8581248863132
0.0164788708906844 0.981955931908479 2.07639294897519 2.98280672883514 1.81599286736862
0.0107334799897216 0.88985799284548 2.20154649576031 3.22086257925431 2.0697267248059
0.00753631126396618 0.944326817680624 2.00383594906152 2.86752990522196 1.98025120018842
0.0152284794507383 0.852305243892658 2.11289129117614 2.95251890011292 1.8385635295278
0.0133704973294966 0.962358917958071 1.89363504818594 2.67512601193688 1.71660402876817
0.00756030064762111 0.908354086127994 2.07816666921896 2.9887226313466 1.89457961395947
0.00961424945230704 0.881680381412536 2.09338623632596 2.95999208380116 1.87887513242387
0.0180740029035097 0.9747191776117 2.10248721920675 2.83695757595321 2.12229002129499
0.0101352853905055 0.990620106492389 1.91670746120938 2.79165633551087 1.93422885563357
0.0788884340805157 0.953509891237731 2.2359843332694 3.2035104897481 2.10557297346664
0.0122581648347965 0.846458818912077 2.20689186661412 3.04916296986376 1.90382645704217
0.0197960763750186 0.840473828613717 2.30255796032118 3.14288275168057 1.93562675107964
0.00914711587021325 0.904115897386299 2.03933277922004 3.01337951003521 1.93006220478165
0.0206491650514678 0.940179672373625 1.89143742785136 2.77626897471193 1.73999665741636
0.00862791589423292 0.90035044833674 2.15618448980256 3.06439580821692 1.97663026317835
0.160549300373201 0.748913312943395 2.23263567217328 3.10013450913839 1.5819237090999
0.00848350543798172 0.903260555149188 2.15028546999983 3.1113339103877 2.00294689682247
0.010123037948842 0.970325559608401 1.91806463118104 2.81143001381073 1.86795864244706
0.0180249448273456 0.991781186007707 1.83478497479568 2.80826489645238 1.642883248571
0.015313180342392 0.960028490326463 2.12238551594126 3.01709321552768 2.06404710917595
0.0206233057847048 0.875922276038663 2.01942076485504 2.92605737513375 1.78551690010868
0.011425227260063 0.853011368852379 2.1759688147062 3.11025746691233 1.87008794853291
0.0173299624477393 0.988201931565067 2.06447987869523 3.04413426392386 2.08683756305044
0.0426808342217697 0.88183056429692 2.32166537326918 3.46366173983391 2.08214398862915
0.0140294421612577 0.837818868541958 2.23873661601102 3.10201677013951 1.87588524343432
0.0107516655924885 0.999817911906691 1.91956981834444 2.80049352200513 2.00854975041032
0.0176254973527323 0.848574990556766 2.1063848837542 2.98550582330374 1.74391387604414
0.00840111381356332 0.970207781797483 2.01045102806758 2.9728313176652 1.9155276189207
0.0336257077068521 0.933422328559154 2.22931855106744 3.15437710949256 1.97127694533186
0.157418115885638 0.859867335116479 2.41228890730524 3.38818084169689 2.02094785997884
0.0109655683247387 0.859740888977195 2.14868790585382 3.08291151862868 1.77026475009866
0.0763789878122889 0.753621569364437 2.4026619213583 3.1410860528243 1.8274612371929
0.0172681315422506 0.96733053888544 1.86462073904947 2.88986729194199 1.84196720410476
0.0320913672311125 0.860922001105734 2.32839101334653 3.08156869575389 2.11421592231867
0.00927377059629954 0.970978616029725 1.93284905440078 2.92460212099255 1.82313940463721
0.0126702132026961 0.993329469264391 2.01409591920343 2.99095401133066 1.92128244267771
0.00957444837848168 0.874091441252457 2.12404045568218 3.03269535152891 1.90349543050545
0.0146980972270861 0.973066913284525 2.08821866875181 2.91222384171834 1.94927155119715
0.0073962327673551 0.933766274733016 2.07443928505385 3.17816143205958 1.870925853735
0.00842200066516995 0.9739368099008 1.96456393719117 2.87852115780231 1.89550196969925
0.010305517920006 0.867579204543849 2.19913970688122 3.00706218964141 1.91405512412151
0.23703397670936 0.849627991399939 1.94600933243016 2.81073258900601 1.71155242573978
0.114191017051532 0.756959089733131 2.23314150302335 2.98488912181301 1.65693867832636
0.00826689597398914 0.971193197402697 1.99702038767395 2.85385360110156 1.81760844805396
0.00742209622896879 0.930091227251479 2.02939206614389 2.93098045659306 2.03277525012479
0.0145601975510716 0.945133072627074 1.91040484740954 2.82233653509794 1.84035665606343
0.0074565812822193 0.909892013740281 2.1000963098751 2.96762711504866 1.84541924405709
0.0486673445047177 0.97268810124299 1.78926969833591 2.90834871004988 1.71868360560766
0.00863863236461145 0.931165016447044 1.99220336453037 2.79927679453913 1.69096433806977
0.0082334981787264 0.954615860117876 2.05627824436794 3.04865990171509 2.04634492521033
0.00741483569733643 0.932119971576482 2.02620778797074 2.90046872730666 2.00195777608503
0.113457785979854 0.736826009298665 2.41647905155531 3.20830967105843 1.82308193827283
0.0469013009400059 0.823945088187128 2.09044416460715 2.7863624203929 1.89032876907147
0.015346566664515 0.845766405311749 2.26929390930688 3.09739354021082 1.73552206067783
0.0206166206316428 0.921789838139926 2.21826442201565 3.10165929506247 1.99911795850562
0.00755845598874313 0.908418538901204 2.07806519106029 2.81594632994065 1.82839799409213
0.00773391842107291 0.959938641049526 2.01542308610208 2.88624239334115 2.05550567620102
0.00873759410042749 0.894746315184818 2.07331347539811 3.03069591726113 2.12395687424347
0.00732286016930427 0.947083143349172 2.02745423931053 2.95613527227148 1.88674895456205
0.0418300342328219 0.987967596662945 2.128713695894 3.17572228582129 1.95418062394678
0.00805652524828703 0.899466445510809 2.08129027551574 2.9738927493852 1.96943399114102
0.0073610244212893 0.947211966515546 2.01556673315136 2.96457227708496 1.88024413439336
0.00805232102902129 0.892988182917987 2.12932790272502 3.02293361990126 2.02453578606593
0.00908170424049788 0.898327496426021 2.16796072141901 2.97790554419212 2.02509725204104
0.007456823782875 0.921518720591116 2.09664797556891 2.89674135381215 1.86244192284868
0.00958854201742448 0.905815421188762 2.02797735367299 2.93560087515073 1.83356546010474
0.0126610272717303 0.999533255984211 1.99191738178553 2.9373678950883 2.11673491872016
0.0121214426144146 0.858736480756188 2.2320667430295 3.01957898983808 2.06094876154515
0.00795033965909157 0.934365770443028 2.00257063483133 2.88460610274297 1.88132396840453
0.00777068680606682 0.906597861856316 2.12344174393969 2.94221727954996 1.81613488753385
0.00883835264641565 0.954971983269402 1.95431457962722 2.86427593075842 1.6312448684499
0.025948606493116 0.941382531294895 1.87420367560568 2.57536352029713 1.97825479419115
0.010515685901129 0.874619535385931 2.09853821888939 2.98363232318319 1.84856554325819
0.00987969323967014 0.973575535659427 2.03801783294194 2.97200867368052 1.94556855051252
0.0174537652421274 0.923096442530035 1.93349697350237 2.85414749062495 1.57463664959068
0.017082789480465 0.822621907814626 2.25003827929091 3.11659291460943 1.87980048993467
0.020290705554827 0.816512807082289 2.21009473805991 2.93292176426776 1.62914240724788
0.00827144172004758 0.918204271511775 2.12870829407494 3.00044789651459 1.97605158018612
0.0339777794585801 0.816418395509926 2.1386134065881 3.21380146040076 1.8348298532917
0.0386099304263009 0.878370812789535 1.97158710978895 2.66422773871799 1.61063946172474
0.00869616148188714 0.909044591932363 2.03631542107933 2.95009152812071 1.86942476816337
0.024331402077536 0.967446690059029 1.83892356069059 2.77730518354981 1.73905018145947
0.00784766989349024 0.957998283223982 2.03173514918512 2.88232129188468 1.92095338806045
0.00923168848776944 0.87760122829104 2.1740573549258 3.14299403657943 1.74061402841969
0.00746449441290339 0.911493708236952 2.10285565829912 3.00536944907047 2.00475238720532
0.0120996811431415 0.877702571777422 2.22700252786778 3.04524987767612 2.08427495473307
0.0302167199003197 0.921434540277763 1.89971889277665 2.92727915120766 1.66508747878553
0.00814322907712732 0.963650610690567 2.02515345043901 3.01104661494996 1.951077064132
0.0106480345019392 0.998975161729151 1.9208939710383 2.91772379646916 1.87050996713756
0.0122128874798373 0.949036049879682 1.92076189134575 2.9736845694362 1.79145905511971
0.00749558814562319 0.940952945044518 2.06411899210165 3.07246120197199 1.91014926550871
0.00791689923679349 0.957615639855288 1.97812080634751 2.86633649543796 1.90437732371156
0.0100294467617503 0.888307543550477 2.06536287545168 2.85443907459763 1.86510286757857
0.00804817098776272 0.8945827091914 2.13389142706292 3.16641660092268 1.91384168192559
0.0399220585991982 0.979515097015874 1.79135162240818 2.73050377821384 1.65026232545898
0.10319637881217 0.967310837498788 1.75895956540129 2.62442767600535 1.60616136483801
0.00753270340959258 0.955195130251127 2.0055006013315 3.14512184850491 1.99615813070262
0.0128535152061671 0.912891562969075 2.19384362020201 3.02381884948756 2.17262632970528
0.00951626515251945 0.870953696216587 2.14590598110464 2.96330356131472 1.83185122483397
0.127119681570324 0.9928855613329 1.71238446855807 2.80790384907017 1.71177048452693
0.0263276923744057 0.974861235071362 2.13015144289911 3.23713887721768 2.04728382652515
0.0317314562261958 0.934877750350721 2.22331286569975 3.21716301715017 2.08531666636848
0.0116465281096987 0.884530424730549 2.05409361391277 2.8386051042554 1.98366296333627
0.014711714297264 0.971552657910253 2.09202449258797 2.9580527554635 2.22336039770012
0.00960913801436563 0.990145508645524 1.95419070889259 2.93462796834424 2.10352649932963
0.0355076478658288 0.792228201763237 2.35712807480461 3.10580705535179 1.86665969208796
0.197972604315091 0.758099330553243 2.18477952827426 2.9240291994562 1.67045069949222
0.00726276769058373 0.937982658826489 2.02859096457032 3.03274884042707 1.80161014263049
0.0252586901687981 0.810271975466308 2.32540276966196 3.3177647269358 1.83799469379004
0.0181448667879823 0.887949058307463 2.25722630892725 3.16854418352908 1.93610235955964
0.0298625337295233 0.86398666379437 2.32044089336159 3.19692190620924 1.83541736051057
0.0137877509145944 0.839122342090511 2.18972870367166 2.97253210974179 1.93843811061035
0.00894771047010575 0.929807840532192 1.98902410184362 3.09041636043969 1.78688102681654
0.0428030979819829 0.855627453820512 2.01667553777217 2.93706159809441 1.7040691527399
0.0102436845748068 0.99608958556508 1.9451192734818 2.91504069981534 2.0047780465126
0.0720075456464691 0.995646842082109 2.14049319335396 3.15200148196972 2.09600994688752
0.00815810022893693 0.896019559081255 2.0892020714644 3.06518407974427 1.72811050057414
0.0412874744088149 0.874191551917491 1.9767555663589 2.830784634542 1.74989362481128
0.010598462168466 0.985303415641169 1.90356579516479 2.87589850460287 1.83249641843571
0.00862326823054678 0.97152703259424 2.01426218781578 2.90303819513766 1.91384274260289
0.0479394026715723 0.934565688951662 2.24677823157692 3.22930203764625 1.94662417422759
0.0253953209823801 0.988211430696961 2.09550393681071 2.93769326508544 1.98718503725796
0.00765530575250529 0.951805647817036 1.99259543757105 2.92864611253334 1.89295676566342
0.0394434810732565 0.917420677839705 2.26557397262999 3.20466907404879 1.95695030841676
0.0108590699468885 0.911836144290841 1.99878825416751 3.05177091560683 1.74608525755652
0.0233790988504819 0.849645045185297 2.31429959150962 3.00055421400575 2.06215281569027
0.0264499694532826 0.909663930759693 1.93019218147722 2.80452326023083 1.63909615107864
0.00826044497963554 0.967216380260828 2.01653402070884 3.03498221440634 1.89740463569486
0.0101392754963993 0.943715587453812 1.94928275073753 2.9888763285024 1.76959238019907
0.00789604702845007 0.927939338825821 2.10418892258377 3.18811013691102 1.8401743507462
0.0121768525720123 0.855002297591788 2.23071040604199 2.98195192857214 1.78435972813152
0.007219836937911 0.938989860521386 2.03445610012248 3.04825443731536 1.9601845445661
0.0235218346223067 0.850802202499703 2.31401949937079 3.09210903208981 1.82535331180602
0.0137564768476964 0.900967200377811 1.99741274213592 2.86546000549067 1.54387400237751
0.00821897132875538 0.912917127594138 2.03834404530804 2.65616847639252 1.68454872533134
0.0145835992220125 0.860734857830408 2.26006287067178 3.10861982483431 1.90550081918985
0.0147668552267178 0.866698580858216 2.07375724026165 3.06685084253725 1.75574167299802
0.00747949976136349 0.907962210893203 2.09596255999668 3.0552316425616 1.81114112385243
0.0130432848719782 0.848801868108199 2.24065225626091 3.22547486697732 1.79595166441663
0.0115343915973516 0.954844242745949 2.10631024874935 3.12849314053786 1.99956333390028
0.00862540327269394 0.938413471723399 1.98044950898308 3.05330127842551 1.89305999472907
0.00886954000166204 0.946118812435147 1.96457824977694 2.85853226569906 1.84077088610076
0.0071902554704072 0.932673226603845 2.05831577867531 2.96112392298455 1.98622873603754
0.00837492065861735 0.910126497291989 2.04103183561298 2.73898372158669 1.92281305197088
0.0487797396374737 0.912389202291443 1.88982774985602 2.82532749447975 1.76772715364282
0.0242007025003646 0.908528040771598 2.25011939564646 3.07413089137109 2.11611091640742
0.00735999945585268 0.948880311498249 2.02488953623664 3.11299996132023 1.8742083952294
0.00888632622110154 0.950521815769919 1.95853440078564 2.99547339357993 1.91675998398477
0.00876520954099106 0.928274928001559 1.99500252631295 2.76346522599168 1.9010608222117
0.0182723708951218 0.8399799636196 2.29310702583036 3.22352214894758 1.87467945663458
0.00938395397943146 0.898642751019302 2.04872568272294 2.93989575368217 1.85834425371873
0.0231513787864127 0.808338634862127 2.22512427499434 3.18409961137827 1.73866940366267
0.01416500935094 0.861303549166568 2.25616329372652 3.05912165853848 1.90507416989965
0.00760466193110511 0.903950664457746 2.09707207597686 2.86892771551752 1.89432186062303
0.00877060818656285 0.932986723240271 2.1153658432447 3.14100294776777 1.93914454605632
0.0143938729722689 0.919752543025838 2.19362118049439 3.16528111323164 2.04829530352467
0.0304531857243166 0.807801677179304 2.34968572016974 3.17004394041279 1.85768200598674
0.0121809559341604 0.953841951292937 2.11432843033143 3.11719137534424 1.8560158722529
0.00860365627454212 0.977968459971073 1.97015522166699 2.93912903310862 1.89530940662307
0.0079220757065913 0.960581968283776 1.97787329787355 3.0136699983196 2.05565002788698
0.030053833977782 0.943597291553457 2.20393968287624 3.15716358177974 1.93963990608205
0.0284583698677848 0.961032994169642 2.16568917406881 3.30191278070492 2.07424293540971
0.00975288375266853 0.936340769118761 1.96580890289645 2.91563584920608 2.04981856071938
0.0134575465750253 0.889087699204155 2.2289103356663 3.31701994924356 2.17103674393467
0.0459900326197751 0.993645784695997 1.76548578248539 2.68371137473324 1.75222509768985
0.0182443773966489 0.819042263221117 2.23001408379584 2.98887244066644 1.96603068276277
0.00914401884806672 0.881261307432269 2.17429730592125 2.88036123285933 1.89619665008822
0.00766989668458035 0.92772846409596 2.02315832851995 2.94171348296169 1.97675695110308
0.050793600704226 0.769386953376284 2.28784711456863 3.18777448577763 1.74737971984817
0.0321829316717627 0.787006128336139 2.29511488335703 3.04337355642201 1.91994309394707
0.0106078590461958 0.915715147012565 1.99354530585083 2.96817254191414 1.82305281303492
0.00935715162786089 0.879132637410814 2.18004734815625 3.03325663926621 1.98855009729174
0.00976634393840505 0.971017587540082 2.04365462353351 3.04065302393461 2.12907065661916
0.0315356360403261 0.799863550170831 2.34850598483965 3.26394351032729 1.86666642752221
0.0352406682460022 0.85013883488324 2.34486322044724 3.28351329701046 1.98538018539396
0.0392825036384929 0.810893698308473 2.37593286657297 3.295390195412 1.95091567458073
0.100503086470563 0.73924184893132 2.37821115770779 3.21811820986613 1.71977732444734
0.00722373394246846 0.932618545459724 2.06349316539924 2.88494945059017 1.80375766037489
0.014183965210178 0.987647266346102 2.04579938465242 3.01435206378768 2.05727883110371
0.16782387005138 0.723155596190272 2.3686959409898 3.04452428373185 1.51899878498376
0.026592039789166 0.800202573339762 2.31597060146282 2.98585257146964 1.77458169080218
0.00908476092239925 0.905636192232128 2.03680777466149 3.06862043849287 1.70909376172744
0.0122680677352643 0.881142414811884 2.05647685050083 3.10184520225278 1.79595142367123
0.0474489081241557 0.770185975880616 2.35217158586654 3.06982920057213 1.94089660500794
0.0165576040554379 0.938756240858468 2.17211795638116 3.02057116772787 2.01873188684937
0.109256436387269 0.80564267537972 2.08547995196752 2.95329493353948 1.58256958345355
0.0102827142009759 0.987421002471119 1.91011439700162 2.95626374460027 1.75049282476067
0.0105675185648794 0.879423738696395 2.08243745104641 2.9302971808544 1.6356538703737
0.0172557277673345 0.919858499403868 2.20830910252873 3.40496187876858 2.05726838590382
0.0158969509870521 0.831799699626826 2.18757901889935 2.88777198241492 1.93538459462655
0.0296963292186683 0.790965960222507 2.29607958108241 3.10878258489145 2.0080911709049
0.425832490185163 0.69922516031069 2.50976493620605 3.12001122146506 1.7475438553489
0.00755366816492912 0.946888783012967 2.05177746643688 2.94699067751751 1.97345337060774
0.0114617866443509 0.865675845603509 2.2229575667 3.01574116646059 1.87001698681013
0.0181758136178308 0.903802363751019 2.23665410857384 3.09432914895249 1.96647748761032
0.00847906831935637 0.933466203746001 2.10879848722355 3.15586254473313 1.8027558371
0.0145140601420613 0.850195116180001 2.1269614039669 2.89164923316652 1.74131556789762
0.0081051543586015 0.963154812418014 2.02530268156362 2.96617062838546 1.89382948740703
0.00773054847342851 0.942382435551859 1.99779006588457 2.94661479025884 1.87981940710285
0.00894525195846881 0.913633002647145 2.14885331707918 3.1744404621059 2.06104951814438
0.00728719994192628 0.933489328901306 2.06781599710889 3.06422120263603 1.95054694706818
0.214371265275631 0.71545195281753 2.37763091913446 3.03645106610278 1.71872414429198
0.13328421194424 0.877794669298893 2.3823505564523 3.27838593955292 2.05971234999869
0.0149305201371776 0.851226243296871 2.26560158188063 3.12550214670415 2.02640272567698
0.00825081378887184 0.968804806627411 1.96560151108396 2.86660217786989 1.91620716807566
0.008673438917579 0.946576835323386 1.96770116576582 2.8121507243094 1.82503277950438
0.00999352041354774 0.99028665860157 1.92092017787082 2.88387567191288 1.89128476751869
0.0150386538726995 0.999308124596118 2.01709250565744 2.93369026991463 2.03915210967835
0.00981166284284343 0.947575600593515 2.10264746066774 3.20706168717354 2.072625623587
0.0508346860854524 0.992892976940377 1.76047576227547 2.78124999797236 1.63703756593598
0.0183858862359125 0.8892481688332 2.25671997179556 3.00941292458234 2.08272879070892
0.0200501036519641 0.820537210976411 2.19147861676449 3.01212622511774 1.87212672720065
0.0264469072502358 0.823043530394514 2.33649870412444 3.08326458340649 1.96440917141861
0.0282344017673712 0.804175397513295 2.20631631376341 3.09512440210153 1.82421545638386
0.00751472106788694 0.907278746246388 2.0890827081711 2.95355979003401 1.8259141468596
0.0123127268525757 0.84600677266758 2.19762415403968 3.1899800385276 2.06012916161171
0.00889475495239492 0.879564650799529 2.1599895026288 2.89708920546636 1.79186467169103
0.0153419720989918 0.921669204217128 1.94634581799773 2.8908609808566 1.76698648386629
0.0148258645732972 0.842505333652428 2.15253082823036 3.07034135732741 1.92228003036512
0.0105506927756887 0.886902219488314 2.06134242069861 2.98958152227998 1.82700157379682
0.00854143490064817 0.973563104066036 2.00179018458631 3.03536911098081 2.00807354639908
0.010584527350484 0.890457836618998 2.19907689458176 3.10011824105517 1.83533974787933
0.00870898788944438 0.953927037716978 2.06967419320325 3.15243224806169 2.11623541045146
0.0580396054980177 0.769210328673219 2.39574206911748 3.30787037952461 1.82120684714159
0.0171804984426503 0.913409061179402 1.95306468210314 2.88780178631267 1.77471895684019
0.0145911478283421 0.978806770426555 1.86658253267033 2.70981092500775 1.7766581673288
0.134968789632103 0.918793525677694 2.32180566126873 3.12788669330199 2.1909503318958
0.0087852360325738 0.882637791500702 2.16058181667806 2.95055210767972 1.88570230314949
0.02915789315449 0.794247809974387 2.25676077937079 3.01371924655764 1.734706340602
0.00992684628087712 0.99321645148308 1.95004528487244 2.9145367610913 1.94711699721732
0.0086517036500177 0.903232912361039 2.15444996247096 3.11936487073004 1.98660559758878
0.0185682286056066 0.841803864111721 2.29490246054563 3.00789955514702 1.87708920374706
0.0108002703506512 0.996138403012472 1.90540969730821 2.64079799338398 1.86797202204956
0.0164623084182077 0.943929717877609 1.90218046428078 2.8912502266376 1.92883670246446
0.0078486907838019 0.904956131335417 2.07238330117534 3.19909585214065 1.92118263456609
0.0152605074019378 0.908130055071352 1.97316956404635 2.7421982615704 1.70038085033249
0.0129014186042643 0.979366116895469 2.0583250858473 3.13249556134316 1.98361467478901
0.054275189514557 0.844960139671491 2.37651183828841 3.22976573391431 2.0872659526133
0.012996218122188 0.964803628719319 1.89342336601356 2.84845895233195 1.87004509043797
0.0776155657942174 0.783278301590469 2.43491491655363 3.21058173136809 2.05070923086698
0.0133239266745366 0.93365609304431 1.93703238978498 2.90323201763288 1.62410097957
0.00782211119135771 0.963171773777898 2.00444647122655 2.94983064340192 1.98845180969982
0.0115421939015781 0.851507619411262 2.18608077584198 3.16289812137937 1.86546971945756
0.0120936083109129 0.867976815219207 2.09602812086065 2.9738479908589 2.04864964368851
0.0138142159408195 0.845239748936151 2.24993206799944 3.19170006755507 1.96644716901786
0.0131042246015822 0.989837588489607 1.87004084294245 2.85395264075021 1.9033957815985
0.0110449372690201 0.976713615751656 1.90065105022725 2.77374406070928 1.94786808726079
0.0176629128283566 0.994052501445723 2.05006400490802 2.93014548148784 2.10006828122035
0.01469841220136 0.867322642428876 2.25737047352225 3.03863323181074 1.88770044729216
0.00782153513632414 0.899308309661681 2.09685023720912 3.11792925995446 1.78235624304829
0.00970423464964099 0.898258454792096 2.17916860150229 2.99043249105088 1.89948385664111
0.00888379301398583 0.894465366101644 2.16618946366875 3.13610558079958 2.02703203823924
0.00966884108888805 0.908306904825444 2.16745475485581 2.9468317235256 2.13606221550699
0.0255471761173117 0.798899147567625 2.27380120767309 3.11780741588962 1.84727357178318
0.0477889095139271 0.803933113130068 2.14737946349686 2.98123571613034 1.61629345108972
0.00777962408362778 0.901728299898519 2.08850470994537 3.18519344343693 1.90055074391117
0.0142633312523709 0.874192943950439 2.05739852019412 2.92146167157068 1.83047034171343
0.0088105035032115 0.922357261507762 2.13395304517556 3.15037608730281 1.90289310341352
0.0123815549075783 0.967471082605347 1.89537962909092 2.7590526326441 1.80109799084129
0.127132236322697 0.743659347649482 2.45806929267434 3.08922443098628 1.92761058761691
0.00901759705095955 0.949083542191308 2.08705534746961 3.02278080432377 1.68829011768955
0.0088338799768213 0.974274360728417 2.0108828057751 3.03742017114258 1.96796502794501
0.00854114941122716 0.969045057840719 2.02078125225914 2.9848559013415 2.13994558344516
0.0136471007615865 0.837967089626408 2.2178479531351 3.08237964776099 1.97404963820699
0.0102283509143522 0.884475976628276 2.19819804543859 3.03076471688234 2.05829763824227
0.0108935614576174 0.958433031651963 2.09156750596603 3.05683008480268 1.92211059192714
0.0666580729263418 0.754851187047377 2.35146086265687 3.21695669655858 1.82293761859765
0.00831152170398888 0.948236528287084 2.07435926168893 3.02038936916206 1.90545383504505
0.0229022657736939 0.809045899965533 2.22356798214696 3.14920391796667 1.61170605527551
0.284195999413266 0.823623582723134 2.47696481775377 3.39877584407043 1.93302560324359
0.0109500800509557 0.871373191229943 2.10173787204428 3.15784364443743 1.63802324059067
0.00794210468833177 0.895008897934439 2.1221217882354 2.89319997793966 1.98599331931284
0.0116519122494108 0.913523743448128 2.18298350210855 3.18465426696649 1.75869469942527
0.0106942444225412 0.999983944544877 1.92915758297903 2.89314556197565 1.95670184158671
0.00750012808324388 0.954395601087857 2.01627134237734 3.02063037290949 1.93041715370615
0.0442839390201607 0.772733543052665 2.34216718455721 3.00272003241163 1.82545819655722
0.0139294388988502 0.895370690535921 2.00854850419977 2.92752709570485 1.70857824418562
0.021678767569994 0.826585133547015 2.15406106312374 2.87243393965597 1.70783964953317
0.0103310752099705 0.896476806985672 2.03965888838514 2.91378746553674 1.82996254505915
0.00849434866947149 0.976107589054455 1.96852840808159 2.89869054146922 1.79499126359656
0.0132355215982578 0.892026637965178 2.02121600042629 3.09155863165555 1.84519836155258
0.0164642745016847 0.825081136442211 2.22705043457262 3.06305535070133 1.90486925739155
0.00925342293131085 0.986065472114195 1.94862961963765 2.82626851351609 1.90262942061195
0.00919271763012517 0.941478333982488 1.96578319714013 2.88463817070329 1.97286388644662
0.499102006789533 0.803910750292849 2.0179895385608 2.95068398789431 1.57396930182527
0.0102617087295122 0.955980255133653 2.08979967468878 2.95776201678097 1.88176762584036
0.0102476433944458 0.954098864210947 2.09394256715788 3.09290204154829 1.98823779359716
0.00936136312540061 0.976049750284517 2.01941391539569 2.86172828190774 2.09285983628746
0.0141214383962202 0.878872567795011 2.04641781057884 3.10431155051011 1.84532583946379
0.00724588479787393 0.931164760738141 2.06858810054127 3.14638230382099 1.79244508483878
0.0164903122699172 0.919084716210858 1.94537706766515 2.81515115462122 1.8518975177068
0.0207624885870631 0.926572815794197 1.9145601082631 2.76352371527382 1.92253552339289
0.00819210584197582 0.907734608823032 2.05191935924391 3.01481973045118 1.81442271778677
0.101543678795117 0.959271807575023 1.77229816034778 2.74421717880256 1.68901705560174
0.0449930420980037 0.784734595662736 2.22416711678344 2.98193163166155 1.75464035444164
0.0330028572040548 0.833830919205842 2.08976226549022 3.01706203732656 1.7443122761141
