0.00763608352540447 0.905622227482782 2.10577467788089 3.07115004780411 1.90726700050177
0.00982638363466765 0.996008170187568 1.94468802275203 2.9128378867568 2.11992377387176
0.00804511764620292 0.958043877643643 1.96477043448147 3.04548747234438 1.80979950538537
0.00868663673390635 0.894433746128248 2.07756184409219 2.83818075304769 1.76017007521154
0.00917688890338913 0.936050726321408 2.12702472796317 3.13049506135216 2.12185511228866
0.0325980181095388 0.798672604015777 2.25544113239248 3.19746085790201 1.79602565035049
0.025569836237126 0.98992376773364 1.80618345313762 3.03758132160312 1.81266338756565
0.00797559355848025 0.953102900281312 2.06872235617932 2.95834253464227 2.04890286813144
0.0129092639731276 0.97617573602846 1.87882379114696 2.90070894501689 1.72757519223873
0.0256841128491116 0.977781614398747 2.1412455325473 3.27292592653492 1.93887819440337
0.0460460551293315 0.852461255389907 2.01058755394933 3.10917505724701 1.72903647030205
0.00927623253753414 0.970678993788161 1.92811899481885 2.8793970728443 1.88505821046766
0.0876780176998967 0.774732830393436 2.19882397708306 3.04808727916751 1.66673214667664
0.0203138877518627 0.838205320079466 2.28285233370934 3.1072045112781 1.82643296475133
0.0102521536923838 0.999609700858095 1.9437738290325 2.90123900626287 1.79882667548806
0.00707175135971113 0.929346608442861 2.04785209925065 2.94933932805967 1.74933086695848
0.0100261379147053 0.924085641966341 1.97799916433096 2.88231973123188 1.88178991394476
0.0128532653862416 0.923424645551194 1.95143007469692 2.97672420009571 1.89019055785438
0.00750509277833225 0.936563153808105 2.08689453729886 3.03106503917726 1.82060402102061
0.0378720612707101 0.805273747899803 2.17287764964528 2.80243292168416 1.92065017962981
0.0108946263543704 0.897099771306506 2.02686735105527 3.07382244504529 1.72024844637661
0.0338985533792653 0.984971159384918 1.79111007530755 2.93646154262369 1.91733582948446
0.0291557126068751 0.933501416878735 1.87038490985678 2.7920396907678 1.49821615980057
0.0268024653859683 0.813002073190067 2.29114044723337 3.25168763432728 1.84219875451644
0.0227235941407062 0.820719931851302 2.27439406364674 2.90622579499243 1.80463204282586
0.0136149911046202 0.849126287588385 2.21264327781719 3.07868522422244 1.89365647465224
0.283585069789498 0.731350815971003 2.45545680862956 3.22692512087585 1.61461615655982
0.0290000421888646 0.884390366058781 1.96621292392052 2.84007434906194 1.76444825803553
0.0256484236718183 0.876578350685062 1.99307633761821 2.78673997463151 1.72748747214453
0.0146771677799039 0.884563626919588 2.24038034228339 3.12259647476021 2.01395451787989
0.0188350119791879 0.830364232872328 2.25435527923368 3.12968476758083 1.77232666428407
0.0150194402844029 0.894239134715936 1.99723191271226 2.92430444617074 1.82234201178712
0.0102538569787687 0.897147070325885 2.03550632166662 3.02682174640494 1.77246984464145
0.00866624364401682 0.949053919299604 2.09410662931824 2.98837134977942 1.9809632846487
0.0084718514232304 0.97999810599187 1.99156029526663 2.95742046480139 1.92630843542512
0.00733580877714268 0.916062692103988 2.09527104202962 3.07851882001486 1.91488601727898
0.00955468918486883 0.94591059520131 1.94812730037426 2.71023511960885 1.68826285213739
0.0186062064539485 0.931584340203814 1.90499480998428 2.67165159243412 1.86061643571668
0.014055394272976 0.902785241162306 1.98443801023019 2.84107737018821 1.84730344538109
0.0102635591984696 0.986960145852201 2.02032357206124 3.09225912255052 1.86940345246165
0.0122807863312521 0.859965816456849 2.21033558005094 3.0329152431344 1.99825598204814
0.00995765509922422 0.874122423045585 2.12638149016315 3.21227973232928 1.74854523589221
0.0117470699243095 0.98929460809883 1.88424331206504 2.64243866805453 1.95024853263435
0.0158623784153168 0.84737955916921 2.25028718841423 3.06987629030942 1.92469446793773
0.0156748314994289 0.964238575209319 2.13171262142325 2.95852491938176 2.11673190179731
0.671790120347664 0.871302635299628 1.84266223157474 2.79080194592636 1.56965705136765
0.0743013037982203 0.910647315061431 1.85833933747683 2.65440881423147 1.8070891272597
0.00736313871049147 0.91356087688486 2.07517537080139 2.99610202907787 1.96646276447606
0.026061513341484 0.868716674882904 2.01092479801714 2.931909157683 1.54411471245253
0.0144870393854477 0.847835612065362 2.23013700319136 3.03313223929924 1.82386177059847
0.0125558979306039 0.929339142318215 2.17508988482541 3.17209082361346 2.20690065004511
0.0249564869429274 0.982309006403806 1.81498796427509 2.84369281492503 1.71520221167964
0.00950326008908642 0.940734794966529 1.95642097044861 3.05730021994598 1.72332342306525
0.0149500406907173 0.858695567395822 2.09676690524795 2.72223058357098 1.84715649766758
0.0102514811413878 0.999511842151024 1.94808684708637 2.94484763798371 1.9186878465347
0.00703175138163539 0.932542886623371 2.04580308717713 2.89335250805543 2.21844680133293
0.0167821301533037 0.943164176696347 2.178538249314 3.17625908340424 2.22028050907928
0.0449997646337502 0.981111974897854 2.17030245729079 3.1131017404249 1.99616519276673
0.0140149229485045 0.904553639498448 2.21814193670924 3.25917558116248 1.90099351561717
0.0392135608323752 0.937981264109467 1.84498275076853 2.55205545744892 1.63897852481843
0.0292759896390656 0.850118385531769 2.05013105613582 2.79613674789069 1.62994351977111
0.0189833558381061 0.989152618376271 1.83098665512121 2.8985237901877 1.82238829558727
0.0113978355686917 0.863221106743361 2.19325355486565 2.84528272183932 1.84381730103076
0.00823500405685597 0.943276485356265 2.09629678926613 2.97580941860687 1.93743907003803
0.0133814895157096 0.852037776334112 2.21715631930456 3.05714251892822 1.88364731459915
0.00721514029116365 0.95427796521925 2.01999910303134 2.90284380465511 1.85562510931148
0.0290044715017272 0.993826031039089 1.7936281442124 2.70607608573907 1.79825960733075
0.209362399240069 0.974998778270385 1.70920004748301 2.53731269195992 1.85140633358911
0.0686112819982204 0.767271770376434 2.314401756168 3.02067268029757 1.75568797432648
0.0102155433441675 0.965805563014779 1.91629849623161 2.789066058892 1.74694130285055
0.0105423910261473 0.882143471531475 2.19550311248598 3.03899154564397 2.00771897437888
0.00945651270423591 0.989755956911992 1.93267205709603 3.14769963074435 1.79716097040364
0.0134056335549014 0.968517092570055 1.88178760586085 2.83456407753226 1.81488888067107
0.00847055913749788 0.909277862932213 2.03757738017448 3.109307662939 1.86351046947697
0.0590629700212335 0.95968434808169 2.22933922648192 3.13269016926079 2.03537260050747
0.0132091070887839 0.965755793314128 1.88617506227037 2.75642014038998 1.83398239144368
0.16451256087195 0.929015283281078 2.33092863459272 3.32415350708054 2.03671398616675
0.0299119404499085 0.871202277090197 2.31208423772516 3.04384883595275 1.88484877866188
0.027444571659259 0.813644673324693 2.18614767727905 2.98619904153154 1.70199841426422
0.0435253029505091 0.981894975282664 2.16658771810019 3.17254623553987 2.16804302360867
0.0128551390941835 0.93896424959411 1.92468713485961 2.82145980308467 1.93953611658921
0.0159066650304236 0.845272231941569 2.24791991594793 3.16060585640517 1.79936647014705
0.0164445044787334 0.902634641793129 1.97023815387529 2.85272225206577 1.67508811779411
0.00837664091645224 0.902168241217239 2.06093007515284 2.99913969273258 1.81870428021294
0.00759418171881263 0.943880736535367 1.99307766681811 3.00208732567128 1.73010961014044
0.355625286089018 0.933062115867869 1.75083810552861 2.97498101970221 1.43807237478547
0.140171135323466 0.745533764708229 2.28762733407369 2.91697322301821 1.85249453041585
0.0504456133789365 0.809059302308063 2.37173687432652 3.23940135196393 1.86247841984853
0.0112077680152695 0.971786679760249 1.89905543658762 2.9129555983744 1.72934330278127
0.00757086655439023 0.933430124681915 2.00984026185147 3.09547271888593 1.89201329595717
0.0104104366283063 0.969713769941888 1.91048197736397 2.84675651288799 1.78401979968756
0.0135101645278257 0.884986643339593 2.23084249021719 3.10849019169694 2.02363470583968
0.0116221261312006 0.966897558698959 1.89893141971412 3.0036688636359 1.60896692999496
0.00728436351354477 0.944923973039252 2.06055874077883 3.07880362711603 1.91200185909358
0.00957644094755426 0.906980492518687 2.02114780706074 2.92860949208767 1.85032637051851
0.00885022243128798 0.985730264527502 1.97568625148785 3.01132738344776 2.04892312593325
0.00720987729783862 0.942641200146151 2.01270696337927 2.90670016498853 2.01473086632542
0.00970923861277264 0.922776684118001 2.1545493144978 2.968605481029 1.99418674697126
0.0218715395883834 0.92083890130224 1.91190868681637 2.84283053773814 1.91229859713131
0.0646552245399068 0.770777332855149 2.27716618035581 3.03993652010756 1.92193452425233
0.00727158043872565 0.941021359019011 2.06820518538544 2.82890784261789 1.87201590238675
0.00950635472730154 0.925792193866114 2.14756029367359 2.9523574395454 1.98667083066898
0.0125204849438975 0.853578171096982 2.19094018212752 3.00400801998795 1.86219919234881
0.0182544452744207 0.959982350427056 2.15349252432456 2.95739649239646 2.12212449254845
0.00920172351855833 0.989675059405031 1.96908810754961 2.9673900606453 2.0172705489511
0.00827464151681452 0.961731856944602 1.95587035480489 2.84175406639099 2.05082364327467
0.0483507575608745 0.843914553713007 2.0290532690177 2.93589712947242 1.64848338733685
0.00751938589732494 0.926067219549643 2.02637633082861 3.0607901210797 1.84795115286829
0.0152317867446296 0.973233016014823 2.10894052902154 3.19042181745475 2.15483518726305
0.00895560897925931 0.977108732898398 2.02549058720074 3.1244361912628 1.95312902512884
0.0164607059096886 0.981273730735631 2.09684947315491 3.32221765423807 2.01682263101821
0.0294001810080216 0.804515949752641 2.23266349301923 3.17660557201641 1.91983725889564
0.00796844266983081 0.949235074168353 1.97487022671419 2.93148490165567 1.71982665256679
0.00782075196589567 0.922441175709632 2.0236315508803 2.98161107840426 1.94465340359867
0.0147582205644657 0.875248364366032 2.24594432123757 3.25585782466845 1.9219794251315
0.00775495254288842 0.90460356699316 2.11640843927614 3.03703494034012 1.93413244307016
0.0189174736090852 0.826654633272855 2.21486211194435 3.04060930184403 1.84232999538722
0.0335395535163813 0.86436707334663 2.32545271045229 3.20038344488975 2.03517006246746
0.0100666814648785 0.942270087825354 2.12896558868778 3.18638255903586 2.09249281902742
0.00930908817090801 0.960714540328017 2.07993791814141 2.96729706852469 2.14854545982787
0.0294226843828149 0.817078914669334 2.31602356765107 3.21963249247793 1.78964457739671
0.0220039357584665 0.925270239274762 1.90350128627275 2.93419170012377 1.60718647626343
0.00864878823858544 0.888625420501857 2.10731175368103 3.15009598464406 1.89548403503291
0.0088124049522801 0.953277483216949 2.08798506130591 2.97493879642579 1.99715709993216
0.00727179395618117 0.918983332688508 2.09123361876885 3.02542208250541 1.80956499741387
0.0119398067503698 0.89459507740099 2.02129652060929 2.90631883965574 1.7758624971433
0.0086880604228803 0.983454079518185 1.9820582501727 3.06454902395122 1.9869581212034
0.0186067451527388 0.894601973453453 2.2542390329367 3.21978520714689 2.05913011876387
0.00710721750751051 0.94024255401045 2.05830545276036 2.81465193204979 2.09180766988718
0.127836976787832 0.930453322649875 1.79752702952342 2.89762327600213 1.67016283231931
0.00753875715165039 0.948278135665581 1.99026992404434 2.93739944836154 1.96117327220922
0.0072142595726868 0.951723291681088 2.03546617954981 2.75224764652284 1.85927087472676
0.0104427784952849 0.983883751620483 2.0341478248238 2.89573752844201 1.85202670908096
0.021226385787541 0.865094774854464 2.2880584595972 3.02670869479411 1.89449719326897
0.0134080559551527 0.856480361716758 2.12524659064551 3.0489519936528 1.7548001041115
0.00889421736372799 0.884884340743908 2.14596503105479 3.16223527407448 1.78309721026666
0.00813851563845229 0.912389291098219 2.0384618973087 2.93114890222269 1.72962862950441
0.0147680296455278 0.841954762161194 2.18963183159013 3.01768522635395 1.84406872110063
0.00881872289104145 0.886856411122241 2.10716945950186 3.09876720820952 1.71552948571083
0.00755993721368529 0.94088900448603 1.99832375939841 2.9428157486989 1.80717763065919
0.0111401325438736 0.980849907904773 1.89429353430735 2.75961969217523 2.06805903374451
0.00775151366306751 0.95923986411701 1.97462731088186 2.91107368879548 1.7676941303534
0.0364723790458478 0.992400792624982 1.77912754176034 2.84444238949442 1.91809178447562
0.00893005190927794 0.889601005153152 2.15846070562066 2.98318420036615 1.89405775150555
0.220581894692231 0.731149002226235 2.30281461709492 3.00987391950156 1.71221621695557
0.00992762740934295 0.89012753229229 2.06092715989544 2.97158952438798 1.90008274956005
0.00701400079390956 0.935130655213434 2.0544887520662 2.90978365247921 2.13060271888847
0.0222696664473885 0.833027856431614 2.13335846020389 2.83254423350308 1.7201200979355
0.0211712642425127 0.951105434542904 2.18216726271693 3.09814847693909 2.06963380883223
0.0203776045374982 0.824406618851175 2.2551349004837 3.1555571839929 1.83902851175559
0.0143266074583921 0.940031832026908 1.91286032663317 2.9748017539992 1.69447617529866
0.00744498666536772 0.918883879326111 2.04785475988127 3.06222820750186 1.6694763281872
0.0690107917937346 0.958356975581093 1.78337571202174 2.83967306371919 1.77836384800432
0.00715816080352719 0.945536518821347 2.01411313769768 3.04063199776953 1.90529727379991
0.0265845662752642 0.845802393405589 2.07089236505613 2.85185539129365 1.76556882661437
0.0112845233113147 0.861778584616992 2.17939908881853 3.04667746723467 1.84452450482995
0.192264433589281 0.962658508192213 2.27929551459504 3.39551604151984 2.31833083800583
0.0179880680538462 0.829481101928329 2.22155340896384 3.07736120513904 1.75189873111781
0.043247872109848 0.922767895314962 1.86513002107586 2.76848073818533 1.83742016686573
0.00749793413872477 0.941020899685029 2.00049670837358 2.96051822983112 1.86070827907659
0.00821901941006486 0.970754733777818 2.02432012868086 2.91065388573699 2.07391216934045
0.179141484753084 0.774422918505932 2.13854187373908 2.7724931923124 1.74635340007462
0.00703479423547989 0.929624391719278 2.05618282171048 2.96350052858923 1.83189586675492
0.112537867833215 0.753878059412008 2.38426745238697 3.14893037180126 1.72334149915934
0.00749738406161675 0.926991227392866 2.02527013542098 2.90545261549581 1.65062028218462
0.0296991936947392 0.832963979964835 2.3264287425887 3.07508706496686 1.71026066787212
0.0315854353198108 0.800492004805595 2.24598143068445 3.05793242422108 1.67350511650157
0.0210115907872354 0.909898588291368 1.93562882545221 2.86772043917168 1.85550467362333
0.01143400610547 0.957441688422228 1.91102078415976 2.61398367673216 1.8335909353729
0.00780955649952454 0.969978997397263 1.98252299553088 2.9269647229051 2.14251439919915
0.0102556435932551 0.872489925476606 2.1782329630743 3.16809504457405 2.02238095714918
0.015281742028008 0.898115747379126 2.23315748423373 3.26279271013432 2.04781249164296
0.00725129771697853 0.928009438595059 2.03528782750477 3.01812691750366 1.89393189922222
0.780159234361468 0.879349561131432 1.82093973679709 2.79144557899275 1.6607953870382
0.0076288897692291 0.907566864310185 2.07742334498792 2.93940564229199 1.85107428864373
0.0166162372296609 0.836956762145228 2.17462290527047 2.9400087340629 1.75590268699033
0.033317577728285 0.883724257639785 2.30840112194497 3.25273763924079 2.12948094321119
0.0112739839569593 0.896895174800178 2.20070171427947 3.15716626221736 2.15621417873497
0.00895162720982561 0.936916911536938 1.97108283121037 2.91558898953488 1.84235341370074
0.0101333342700017 0.973562974940225 1.91188676754248 2.86440213987474 1.99212737815279
0.0262792597612147 0.871159742444443 2.00425959681631 2.85021374210534 1.77276506961909
0.0249523618468717 0.829119676600842 2.13270853636033 3.08188527309343 1.65699785981697
0.0104444305498055 0.986291511224424 2.02608159473806 3.03310337995497 2.02336469246833
0.0116597146995685 0.866313477552672 2.20691076500864 2.95722691115544 1.9362000329689
0.0150759686699964 0.968800542026866 1.87009038282934 2.84889456687748 1.79885806955925
0.0314434021843788 0.805164027020396 2.30371557265215 2.83443354900206 1.85826511063514
0.0140281278127657 0.855820216857514 2.11857249443756 2.99221530200019 1.84340948566837
0.0332065638574142 0.938741022012281 1.8536858702965 2.73991905678868 1.7201225770153
0.00776782091394864 0.902978280816735 2.09042520852768 2.9553291665028 1.75975756579383
0.0141363749496308 0.968654631605763 2.11229952015682 3.09943140344631 1.96571413909508
0.00722759224816881 0.917950007565385 2.08233625959602 3.1367719258604 1.92905369579671
0.0133780235621814 0.883369709754837 2.23057384915631 2.95912108206212 1.97805852684559
0.00847119985304272 0.963267155377714 2.05615233450398 3.16443742165186 1.86735627292174
0.00912850807457317 0.927944299451534 2.13864697543428 2.87795217802972 1.98311192327699
0.00964798309602829 0.902716257148434 2.03057801503089 3.06052586239137 1.81329665383634
0.834046143267734 0.980497615394211 1.64861766172679 2.66649680743888 1.6217611820611
0.00722627384218382 0.953341135529032 2.02976491492868 2.9781522905537 1.71780444914269
0.00941797873411269 0.927761027343365 1.9795316853825 3.07162368346731 1.85320561774694
0.0198361539022449 0.952240818460117 1.8680458516262 2.8523571475054 1.84742053834301
0.00817495009551621 0.898918941246812 2.13544916526024 2.93305245849293 1.91685484036955
0.00949998176722417 0.986175003041669 1.92489569432242 3.07868044761604 1.75553030134792
0.00925474311769062 0.882986711241947 2.10630042325954 2.96612286840375 1.94498206887446
0.0115790298995764 0.867438178329098 2.20660044035093 2.99553379159889 1.8559823382733
0.0158413533819046 0.849829875093098 2.12054110693538 3.07642599587938 1.87278815558496
0.00945648006669367 0.89747467701255 2.17323180892282 3.11467613565838 1.9112176109195
0.00864295872773429 0.887597181588463 2.13630272082075 2.85690138615417 2.11527330604546
0.00767113796727706 0.909942474177037 2.11641859784401 2.88740495649616 2.01964291425042
0.0345026259473265 0.804132961290318 2.31995571061997 3.06488538519944 1.69025900829655
0.0440332699726176 0.955442399746928 2.22118944699851 3.13712800174235 1.95880910432861
0.0141619775786772 0.995981298888148 1.85777163849458 2.84769388866169 1.73669158138951
0.0157199341124131 0.9904161067087 1.84815687244311 2.92357854879645 1.61817584665132
0.00846067146046003 0.958918882165744 2.06731316515972 2.96043163853952 1.98077683404816
0.00706676849174917 0.946140038817548 2.03310495167287 3.18273317034419 1.88826089822666
0.0123753188886452 0.857452755756539 2.14258250443357 2.9325631885379 1.87606465069038
0.00869689310457438 0.959177980050516 2.07199832310654 3.12343541552945 1.9660689449895
0.0137719898937436 0.846595599263986 2.19905357983347 3.15526935023005 1.90790290705961
0.0331315226585748 0.801785912422313 2.30434087186803 3.07900620146759 1.7891615795561
0.0138988719796412 0.86467611067082 2.23927464464675 2.98239470501937 2.06382140978802
0.01828901025152 0.917762352446363 2.22521963630064 3.25712116403689 2.15082778151667
0.00712572708047537 0.933540906010391 2.0323409492478 3.00754183665924 1.79402309153193
0.0117701111073236 0.915992486131027 2.18675839460454 2.74804673936146 1.88368844359135
0.00952063949600026 0.877254605441584 2.15587212448697 2.86647531351484 1.88290413184536
0.0289587227767888 0.951228549824931 1.84316675247621 2.76388246910053 1.80645057493841
0.0157018281237534 0.841920397792384 2.16023937039576 3.11557716157293 1.74045015401604
0.0216830516020218 0.818932549910926 2.23698756516336 3.12450599179742 1.64790705645919
0.00702743549774417 0.934754922431582 2.05819255424226 2.91654410881273 1.84932831572758
0.0389230976232839 0.94954306933182 1.82747136983505 2.82650297931972 1.60188747045851
0.0125317298922397 0.946722514832964 2.1455817039332 2.95666543724711 2.02768129519506
0.0308236245480488 0.989668972400964 1.7929568174272 2.7372937058732 1.68711963439054
0.0210663332105961 0.911789305492659 2.24412381061035 3.29537879135154 2.08053218562987
0.0322782243231748 0.838759962754732 2.07403101051582 2.70647812072288 1.81093474194734
0.0399478059299663 0.898619756594572 1.91549888875611 2.83818836713005 1.65017449883175
0.0141013847789425 0.970672877212463 2.10741811731102 2.96123959079451 2.07094380857998
0.0206548820894851 0.926713058506876 1.90554435885211 2.84359155405362 1.63859692280339
0.0102874857304966 0.873218777213741 2.11776492776211 3.09230579250948 1.87603525547734
0.0124436796918693 0.97655124671479 2.07964403061065 2.9582127770722 1.90365256553755
0.00829788361855992 0.961225092915696 2.05715283134537 2.99684566369477 1.92236763606998
0.0170266431179069 0.946039364314009 1.88896059239923 2.86349186704218 1.7123927679348
0.0100656687833255 0.874433633012476 2.17581931476656 3.04685019647607 1.76568988412499
0.0359339859477572 0.904837132585586 1.90950775770864 2.94181823626963 1.5545778777132
0.00756940795290407 0.960607368099407 1.98412542879552 2.83234360658207 1.95215339072227
0.0107976016810662 0.955928401423462 1.91950139482382 2.9366031953867 1.82710678016935
0.0226794845760727 0.838560713255222 2.29786177267904 3.16430511234639 1.93973872640378
0.028225694187032 0.925835307271773 2.24460532124804 3.32171689984481 1.86037287405057
0.0479026581303695 0.892877372338053 2.32083094806411 3.3479332866938 1.93972403130856
0.03240594614365 0.96526716860877 2.18361430345861 3.24756831560223 2.18969468249823
0.00800102852340794 0.961045093387371 1.96460502771122 2.82940054467741 1.97484263570366
0.00764429838921394 0.966699480898392 1.99025979708578 3.04716403753528 1.90248243619306
0.0775769629216278 0.880803495128817 2.36070077252354 3.17724551043274 2.20742323891717
0.354873016575683 0.749298294407101 2.17222053946466 2.93905733682963 1.79665074010462
0.0220776228931542 0.980627773351282 1.82587482006052 2.76278539942893 1.94221053483146
0.282635350262675 0.748382371458391 2.481164946173 3.19914953769929 1.84403552642983
0.0142117387381024 0.854611618272472 2.23704943900439 3.10463550231757 1.92619260075734
0.0102222481251046 0.979842297558556 2.04328223290413 3.13185035123943 1.95155862448109
0.00896554154649914 0.96907321598184 1.93528066481893 2.64905791687658 1.92367360348771
0.0114077711704651 0.94243331723324 2.14346304503713 3.04915598206292 1.96419952807705
0.007571616366581 0.922026220610372 2.03357177207183 2.87820675086127 1.75105658887664
0.0102219669517446 0.978443061808723 1.90833577713992 2.75144988907497 1.80251042493786
0.00770911227573375 0.956641422502785 2.05041401296471 3.03378422128017 1.92309582468946
0.0134625054939334 0.906156377810207 2.21238471718337 3.0869465685742 2.0999370760942
0.0119903694114998 0.930101373978279 1.94643646465853 2.96452415517328 1.85468439034055
0.0165196136111977 0.878816166154224 2.02554203148075 2.79121122635813 1.77086211552304
0.00792344790427944 0.905725237259566 2.06653755211132 2.97919425363907 1.68203935892459
0.0141515686011642 0.846271696874301 2.21606403227806 2.93007114515943 2.03333282151594
0.0803754258017671 0.797171592859503 2.4082408564004 3.29880039679506 1.9356017899165
0.0105889541521414 0.875401069469079 2.19306298813368 3.04471491026034 1.93634784040234
0.0220492609674041 0.936412074110679 1.88440549705255 2.9671127153625 1.73123313194698
0.0429845967056462 0.946526636534699 1.82628235682297 2.63300389150063 1.67148306074141
0.00726117526490239 0.956163838710865 2.01487376734419 2.85625243706755 1.90192333923053
0.0826730424341121 0.947516989796065 2.26872576513723 3.17357942511016 2.15708216486186
0.0387719413826161 0.824888239454218 2.09975493878811 3.10271083887983 1.89760856968253
0.0173784684424914 0.833043488231671 2.2368409656099 3.01618009563632 1.74282370780303
0.0213714651516471 0.820861425430227 2.20899093726219 3.15625375243123 1.74172191254046
0.00749954418373888 0.943019176933767 1.99776836106132 2.97443112481462 1.83940189946563
0.0165842901540791 0.885706195556805 2.0079642873153 2.84934833917897 1.7247080310344
0.00831569296736472 0.938915490088582 2.1060479169218 3.16205123436415 2.07722687928058
0.00883421254606036 0.89058285169032 2.15584627118599 3.05599875259199 1.98026468839052
0.00792941850002879 0.938777475793845 1.98986128279645 2.78978456628738 1.82769600358559
0.0093326042431856 0.961355053116249 1.93359111114106 2.9181621350189 1.77601057949264
0.0146461232676131 0.88276930545306 2.24128894104003 2.95191077609016 1.9718184825715
0.00891079271617739 0.891065953764141 2.08286062063497 2.99350847510878 1.83510917230529
0.0071290562523712 0.929028336793476 2.04204377032311 3.01060638096429 1.6694741289905
0.00882904902647876 0.888961028413383 2.09515677936822 3.00902916693139 2.04229345878201
0.0134237255666888 0.850955484636239 2.21459555328895 3.01812945513367 2.02930035663966
0.0360842951421173 0.944404367364389 2.22954387103115 3.19550793274765 2.24336298539357
0.0172555379209655 0.962792695095109 2.14308446339019 3.0644432409462 2.06418340622021
0.00761380864910862 0.906072134920155 2.10426304206244 2.81597893118468 1.90447598910048
0.018065769985278 0.83979779336422 2.13914471659965 2.81021531053562 1.70250048174028
0.0167902850254445 0.85065816780524 2.26261322554281 3.08449756728776 1.81158322884492
0.0100382909772727 0.989907938825096 2.00377753668377 2.93282212100062 2.0060173114015
0.00809656466206703 0.963890090602836 1.96048140919797 2.75674882844385 1.90587783146085
0.00848352678012436 0.975096498443016 1.94908081823961 2.87311609932928 1.84108164152497
0.178947527730941 0.791728165214375 2.08772638074598 2.8021758974628 1.65437888613304
0.0564826187307392 0.829129756908164 2.38037771934606 3.4212035203671 1.95108816669197
0.00966277252819324 0.99325871622195 1.97170804687638 3.08201532355696 1.87500345646597
0.0107606785263168 0.871387656644824 2.112447769094 2.98357701563174 1.8374136324743
0.024461094340939 0.918875468249708 2.24521980442823 3.2072961648518 1.90166362475577
0.00943804245133019 0.931510080619746 2.13824850438128 3.11157661218291 2.0916842557078
0.00873944607071199 0.930748816538759 2.12775114951253 3.04792937733482 2.01295187700471
0.0096290346155212 0.992883719503876 1.93508940480079 2.84432931279065 1.8776517922998
