0.112586599139257 0.515113981136938 1.14108975455039 1.82448761988798 0.662576292234024
0.0508212792619423 0.58736093963848 0.967636852361383 1.38158455630249 0.393680311062561
0.291642124645578 0.738272349768699 0.97217063474719 1.69176561687872 0.53711264845299
0.410531579546284 0.222016782956409 1.06865351973817 1.25700844989103 0.137851309813018
0.0819959358660757 0.588580027775815 1.0354762599704 1.59486568801385 0.569376806432121
0.201992478462877 0.241662119671709 1.09777405872768 1.56463415938041 0.353334766922084
0.0696548771373008 0.961621648492586 0.52224311272808 1.4047854316698 0.554937247703946
0.366717768129867 0.655835258481232 0.568220995142958 1.2611288610421 0.366591726212515
0.153521841768118 0.128003162383615 1.30907628239079 1.32945642872962 0.129406438801738
0.264229493370337 0.850150763439002 0.837422757874168 1.85012116831472 0.839252549290022
0.0463827367574886 0.74780667685998 0.746771837984881 1.64683840667129 0.665558373945702
0.0470572498110166 0.528437316508814 0.919256352444505 1.51343407979724 0.54418653810375
0.0753464849397884 0.875786958555892 0.688531466232023 1.6044160505944 0.74384300398674
0.0802467567012038 0.323364874382047 1.09130630295555 1.39281394503892 0.329798256387557
0.081640206862428 0.860102286352107 0.721095504418205 1.57192081088873 0.613784373477554
0.0872248900368521 0.359179966861532 1.25469476177845 1.78131874520554 0.37937669697654
0.541287877415934 0.577460961878768 0.629173303277637 1.12990464306627 0.320432866371701
0.0759524421544745 0.75660113222241 0.840720765982054 1.58095917199683 0.674939960433249
0.0445278892203171 0.633996889538137 0.815841371068589 1.47131111993398 0.582045251568797
0.138857472567037 0.291743911334965 1.36179496353844 1.64543722469001 0.443088550012316
0.231773744733662 0.75918170983171 0.493029826125409 1.18708516162813 0.357802474626481
0.0727807633864975 0.291093408355913 1.16937074469551 1.39357802491256 0.30132458693278
0.0595852541254869 0.412747007994259 1.15031520151171 1.77895636110214 0.726018097696439
0.061393441320941 0.848705603900831 0.688951040827408 1.49378882978653 0.422769125408323
0.0835523972093344 0.824154550501649 0.76998173522824 1.65511864073491 0.523446797854942
0.0436552689796796 0.567036707932288 0.926437558867984 1.38599232210901 0.637988615049942
0.0628745361086748 0.721528699637665 0.856889550132911 1.5968291891408 0.591022626129207
0.0586870603925168 0.668533576753693 0.714834635758641 1.25835034317738 0.518430531487943
0.0455557751748449 0.632913723690646 0.807387377842309 1.51017988924788 0.422615297063948
0.0838167277275024 0.265638058323128 1.30464155311539 1.69631506459009 0.316794723877134
0.0916655461274213 0.245758352987935 1.19350978303024 1.39470877755551 0.264535746580921
0.0822411475080305 0.470262957346168 0.89106044880548 1.29776341611276 0.487100442528152
0.0488511314704782 0.753723794350249 0.679547403606526 1.36823185653345 0.484805024604329
0.0888213662723632 0.562984043824295 0.774958431856942 1.14753019189636 0.563890872971071
0.0530969133855843 0.813522357590456 0.614672703995261 1.35741602345639 0.535295489360053
0.0758771422407064 0.887945567011958 0.672771965977206 1.62412888133966 0.301697475847346
0.0488541507082197 0.489137131834392 1.04285127177404 1.46993234252932 0.365363722973926
0.108856359989372 0.758940281850577 0.875780495161115 1.7689394049414 0.614541611750284
0.0545154244243248 0.756553642618137 0.647428936986453 1.53416649370292 0.48725674328657
0.0475008232592748 0.559631327404205 0.977225294125865 1.51145482615446 0.579515638740228
0.0542192059888435 0.411486888327544 1.04619866539047 1.44313079354536 0.574092487113546
0.230930476815764 0.481524964326223 1.23027415893462 1.89158670250617 0.48872899883375
0.0552423925662755 0.438862700248315 0.996637545669472 1.43706140960356 0.657879512526138
0.0491513492876923 0.712371303684811 0.709535257176005 1.31440883282858 0.43997148619659
0.0594754046684898 0.34367831139634 1.15939825295088 1.33395622358929 0.310224205208565
0.140172622716176 0.55454738046468 1.11975935471754 1.56325367390624 0.5142834611098
0.0722382885789635 0.792730691521495 0.569128178550994 1.24463601070492 0.343768248994962
0.0548855714869127 0.544576023852329 1.02469591861783 1.59605288352134 0.507144472649037
0.060609626138083 0.796089221696187 0.758868669631264 1.66127569343054 0.626972373013761
0.0443741285211151 0.614142528738291 0.83842316189912 1.64136406140084 0.699902860704865
0.0448781465633574 0.544197426106784 0.920193159860677 1.40835949497367 0.443012320415224
0.484353884813061 0.0307496887322716 1.65889069615214 1.65316194640097 0.0981462892658055
0.0641688824045513 0.815242705465759 0.569040924035708 1.52027532775532 0.48891796568981
0.0537931347768732 0.65582487793726 0.906450976875859 1.45345373498004 0.464088874535706
0.0473177751129822 0.771522389251923 0.715863667954934 1.58432934644778 0.489809592751052
0.229242090268151 0.198972959009916 1.14621312330548 1.37286929662782 0.214070088329261
0.0648417123006853 0.312090359181955 1.17694383345218 1.62393744680245 0.411939966190651
0.0832100427804101 0.718685515575048 0.619741102701749 1.46130351209227 0.34029124330622
0.0467146252329085 0.718634894046505 0.795564544388911 1.48461406331486 0.652166105026442
0.0782046623703736 0.277789578173212 1.28311192318971 1.54186881312055 0.312438373215938
0.0925263010746942 0.435125618098386 0.920754548699588 1.51448702946602 0.417433958802284
0.0664067971161899 0.947432669821723 0.508674589475564 1.37920621521406 0.486532196205266
0.145667725409388 0.109144897265259 1.45682478637617 1.5035846168692 0.109816472687174
0.0690624644331081 0.560757924552773 0.806550495753981 1.22233534125645 0.387055261150852
0.126523637885684 0.844078212110094 0.461520147766044 1.38038648196337 0.356498657216343
0.0664782906470797 0.711471547229972 0.654444441680034 1.40343625190099 0.395506230707661
0.0461362670709278 0.685455120788372 0.834017269213902 1.51240355318502 0.603160080735281
0.0701886520152535 0.533365504736142 0.835733747093209 1.59060288580027 0.60721899801713
0.0746677360383712 0.917519140174347 0.471538532340806 1.40245794822194 0.379542985441966
0.123857202610548 0.880056735785997 0.43255318835654 1.2916212659631 0.325074623383817
0.304377296704566 0.259221439838844 1.45609257973379 1.70247190993886 0.425801971268976
0.0527806745454725 0.634941702391087 0.767625875197147 1.25186324049363 0.627876465348377
0.061029604681429 0.906688533821832 0.58666653096538 1.7146028438634 0.585704090208174
0.132502886272216 0.121787651039972 1.42911868478518 1.52663684353816 0.229576091388341
0.140066324214285 0.93120597388916 0.688627481944314 1.74721956183205 0.524326104773899
0.530593621627922 0.835171672077468 0.89651831988751 1.60912273655758 0.884693664170865
0.0624072224165888 0.778462360224516 0.603567683375097 1.47483754968372 0.491149931618542
0.136775200144693 0.80542004823471 0.841463132814952 1.36376975619354 0.765384714365887
0.0646830183553573 0.356174546472799 1.08479328556608 1.53962292566837 0.506022986563466
0.21194012621571 0.817625397651091 0.443408957605033 1.08197974070656 0.367162721638834
0.0511310363299352 0.555752662686412 0.999745616061982 1.62646941067907 0.727732811209761
0.235814007494341 0.680274662512695 0.570854814405278 1.2555024251661 0.261157938896661
0.0658948901472316 0.484091851411889 0.903328732887758 1.2011334577607 0.37418651992553
0.0656787189233476 0.330183475261766 1.21736181859671 1.42894490899033 0.489331190575398
0.122887385179432 0.513729130059263 0.79966746461521 1.37256735709788 0.347734902596548
0.131547158868328 0.565670585670793 0.735623755529037 1.29654724451819 0.429217694526488
0.0626557644818385 0.435997514587333 1.14341586170537 1.67208600492179 0.484533840194229
0.0444578795791634 0.552712303935143 0.954017820459177 1.65692686883848 0.453245288871227
0.049056792548493 0.787883920378737 0.660380265638439 1.38686399561027 0.354252797477773
0.0804461928330315 0.423914258033403 1.19104660734513 1.6665074346717 0.523743202292477
0.132928492176734 0.696265768214204 0.597242259551091 1.29273105840819 0.349435369868274
0.0433584658213173 0.579895548394563 0.903710891565844 1.51062367817681 0.472858771857528
0.0493462705225586 0.695298289306496 0.842503224824742 1.53192055641875 0.594497567747218
0.245657916928622 0.863926840019638 0.816215395418267 1.49783628141253 0.552288617018301
0.106614946913787 0.445207645550857 0.89350220827821 1.34618460065286 0.340959584762727
0.205788335321809 0.850017082776204 0.820327951495432 1.54408675999309 0.63868955212762
0.234364781714546 0.190390571267047 1.15647318226926 1.20379637603315 0.167072535510938
0.0784361148095348 0.763364002840375 0.584527127616444 1.52359686006504 0.406331875279433
0.044117509976982 0.548736649386475 0.92905425473675 1.41680362922653 0.617764287851215
1.19917113558523 0.373139161394591 0.818852522025175 1.05164202534536 0.326950893996891
0.130240333571653 0.435932463100506 1.23060609897454 1.58437554592712 0.491967459333617
0.0771589291227453 0.645537294973954 0.968401532746956 1.64393849497305 0.600884307059766
0.0817433171002734 0.299868227026429 1.1247714544854 1.4560794606849 0.389001873191755
1.09219489918212 0.392243352123753 0.80107121178541 1.23174619177751 0.380145855252187
0.0439200059905031 0.590447845997769 0.871779582721128 1.50523772866103 0.581361027315009
0.0521291071967172 0.799038684069888 0.718884650144065 1.27773000313092 0.602092718005081
0.0454044700926594 0.520921114332478 0.948871872965644 1.43819860205888 0.435606951197396
0.0935832083489995 0.342106154830881 1.04112116559404 1.35110960868557 0.396267939656224
0.0909760217803893 0.788417423867968 0.544577434795978 1.21153302044652 0.330739650025379
0.0480085947082206 0.610312840076103 0.815061234664112 1.37335859378416 0.689676046381391
0.116197073581071 0.80526268085508 0.504343043438917 1.25035095550714 0.434066499653906
0.0521802791605754 0.576725978971078 0.983757222958918 1.59016977819294 0.622400797391181
0.108521306174388 0.265152726620485 1.3513382990559 1.62222682738619 0.313668434698173
0.0443371550834809 0.705344396477855 0.764640130746146 1.24879741564348 0.511088632267689
0.0775609075721195 0.856846796975899 0.718339020588523 1.64490040703002 0.613459274633886
0.0466283323593805 0.708798080716799 0.808083272743257 1.68073918486954 0.414626665125092
0.0780332909225947 0.933459211343921 0.610951000846109 1.53125095438173 0.534219754442605
0.0966343395302299 0.202578415667274 1.3505340572865 1.45030551037749 0.258734024212649
0.0455599266103876 0.52070476613043 0.946634830429278 1.43428755559073 0.620432930927895
0.0576080397996154 0.429291506152204 1.1312024115396 1.54117609572925 0.653403778238048
0.0564929184508626 0.551545033301736 0.847079183428032 1.47094598721773 0.544176507415162
0.0529141956624244 0.434661107711066 1.01608572347431 1.65299681274912 0.269850164929869
0.117850193525687 0.142653540378556 1.35571080558247 1.42613568833226 0.196404613463007
0.0856648583756003 0.453847614512673 0.906358259127979 1.40659758954462 0.494669932922874
0.0483573902407258 0.459276758820006 1.04928481832821 1.65289252080752 0.446180029541893
2.24807202790189 0.191140915194963 1.63198697329079 1.76428862231112 0.375480526624153
1.08128559706497 0.475340557195592 0.706081937151196 1.06900438445207 0.42833544603499
0.057850515911201 0.734321704993567 0.65491197497333 1.37913860154543 0.317580834504505
0.121399602860622 0.252851230965901 1.13597783345797 1.45590305846742 0.431820020486947
0.0573800021134574 0.577796602273802 0.999956047067702 1.56213894152098 0.486116438805234
0.0840821335151233 0.579622575185385 0.762379660818261 1.26908794778876 0.450048529634962
0.095577216168264 0.191075663019557 1.32018031237414 1.46176199190069 0.24494017090493
0.0565209735900351 0.615606804632205 0.775606500003275 1.38449474846203 0.416117779861387
0.0790810889940498 0.245147259399008 1.27546919046521 1.56278985812745 0.290630170687136
0.218526319579632 0.612549540770762 1.09123365702968 1.62267678774367 0.736810226526927
0.0444487333332565 0.711354409925775 0.769888611859729 1.43609480776034 0.580381216457316
0.0908694642710372 0.298185655556894 1.10891595147011 1.53187383462882 0.314202478186618
0.0836039346679049 0.264194791220339 1.18139057932827 1.52867127303023 0.405753878066308
0.0566016909434652 0.367864789738366 1.11849948104514 1.31468108614857 0.369089999975263
0.198550851892626 0.889994969289122 0.769576817489674 1.68814412951847 0.624401229942924
0.0668782914892301 0.909486899546131 0.500776589054739 1.41355389482816 0.511062137622799
0.0688689855465362 0.826948741691605 0.548027194151203 1.51922046957068 0.334947063389369
0.137553934529461 0.110349427626462 1.38446521013949 1.45499411978846 0.219906200435304
0.138560788491027 0.127623893424223 1.44741561271735 1.67456680007321 0.166725013316465
0.25592170723069 0.154703829787985 1.52221794419723 1.50272267953782 0.402002917861488
0.239733899620226 0.336805276129718 1.37073479382809 1.63597491295603 0.336957278863406
0.663492971943253 0.411810286206267 1.36257476649305 1.72695863638608 0.498610594199205
0.117396756722914 0.80404821165625 0.829755215750116 1.68773739505224 0.762445632843207
0.0654622808702741 0.904371413433863 0.508738941815051 1.35886834130518 0.726310205073085
0.056897227640946 0.441608053022039 1.11958019757335 1.59509312063198 0.525081006599916
0.0524181475894031 0.601674916869594 0.959478367336784 1.75439885029459 0.673164040436984
0.0434156884451869 0.597677582221644 0.900246062372132 1.66341626374996 0.426265927868728
0.0553675496976802 0.443078674148001 1.11196683927637 1.66553401516157 0.400215237632012
0.0824187041180744 0.467887835637342 0.893695262702966 1.42418976819653 0.581092433338127
0.185373546135137 0.858197257301692 0.802837241359782 1.56339750315228 0.836935431293722
0.121913348715692 0.887240577079495 0.428132161128488 1.29755847755844 0.405627916909284
0.0739170713865352 0.97866953132171 0.460135393848792 1.3952683038446 0.418536155222942
0.178751268720163 0.787908360149845 0.484117795374963 1.25886757239691 0.22895141052222
0.135735726144858 0.911126827403839 0.711440019010269 1.70822955957703 0.629201475167659
0.37330223301456 0.430708475275676 1.31135085546553 1.59801279532926 0.613507121388192
0.0560863099756514 0.430394827930692 1.00517842878389 1.44181774351344 0.550963636431727
0.152036386321896 0.288141502135921 1.37379374359752 1.63051997468829 0.381462573996283
0.183740558919782 0.595717745713977 1.09715795144701 1.82901584419153 0.486380155388432
0.055587090855473 0.374854010200626 1.13230882730227 1.58908453251258 0.457857104313687
0.0535987704114342 0.750853245005365 0.792867245145917 1.57310264195652 0.616059119880449
0.0499611562078682 0.474400525890944 1.06055930657998 1.43438259318127 0.437314943777194
0.0561053081490955 0.407021653503679 1.13749975045274 1.5348349675229 0.285020026110464
0.0531686881186737 0.583751636139976 0.82145416430233 1.42722258301925 0.554105354270492
0.0820743102346048 0.635135779633263 0.705457905654736 1.25057630363376 0.238375271259597
0.076608293958272 0.657336174709424 0.690232381401048 1.29296424527555 0.634201134177588
0.0450596337944145 0.637070594965686 0.881828293572556 1.47840561259806 0.528016633394396
0.721105826576053 0.720584956522855 1.04188203411276 1.86151575228812 0.602072122593551
0.0793871465234896 0.781499521164637 0.566653872348881 1.2686379490297 0.484031333264079
0.0573110996709494 0.878321237816371 0.565019654088653 1.43870219999579 0.331480825364203
0.122636048463461 0.916671859614451 0.694395744468019 1.51142807675875 0.616300207976061
0.0567134694968541 0.548022379359458 0.850502071496678 1.44374273097685 0.433893306152754
0.0673017915782591 0.668734606323018 0.694719704333245 1.24218042933504 0.530206678762513
0.0643593418953463 0.793609838921559 0.772384021491582 1.60140094558766 0.646708815627791
0.104406542960439 0.608545860810275 0.709394669992444 1.16059318911318 0.359028983408174
0.0651631972387889 0.853533575134262 0.694384235595037 1.70409595728181 0.598489939767093
1.99161809117264 0.986991551326242 0.783322604777634 1.8394989344229 0.788840225682585
0.123579083652671 0.797635606309861 0.505623572013822 1.43330318825921 0.445737438658368
0.0582447055608389 0.554536638681306 0.83841920980464 1.25696972855829 0.531904128030475
0.127443403083981 0.415168320247173 0.913204545210251 1.35684567614002 0.311520137668026
0.0542056427809566 0.531418452088125 1.03461111231461 1.6376170611174 0.700852837568297
0.0823989431901031 0.400976637130598 1.21357036311928 1.57817219331909 0.37615833282798
0.603340318734664 0.388531847094666 1.3802772843821 1.83706979511643 0.586697633020234
0.107757360893042 0.952935288560517 0.631374126681611 1.58927544190717 0.716548198671643
0.045984767279446 0.575766562409705 0.867523605151161 1.39827256061676 0.389457885673581
0.0676697861550362 0.35370884658832 1.07786426927586 1.35271478687055 0.339313970423906
0.0456280486650258 0.737650301141225 0.751038014194861 1.61468884901059 0.701104492998709
0.149745884395007 0.373101717566042 1.3004581073624 1.81578311868817 0.66623193753147
0.0949430688978132 0.365624350208846 1.00727549225104 1.40863573562358 0.205703645715315
0.0934643217763998 0.425581771321493 0.931539085470563 1.42958151632745 0.281011294126653
0.0650223794804019 0.471329664376557 1.11999840108984 1.6230363127505 0.37404401083084
0.136293894787746 0.606248022688259 0.688663075088074 1.27467510617346 0.349964398239997
0.0896600434324836 0.213008777151975 1.27406918496266 1.5506651487067 0.308788615131353
0.163284427171485 0.319023436774181 1.01281899364088 1.27783345493219 0.526470048140527
0.0593017356116667 0.539132809655811 1.04326248215393 1.62481751015836 0.618856724841322
0.135736140619353 0.925236935422191 0.386384098854427 1.39798630823399 0.644322330828649
0.380676690050943 0.823554883558215 0.891152058032003 1.60501857366088 0.63235286332417
0.0636123861557193 0.382165016515829 1.18484890068055 1.76472430636815 0.30114386943174
0.0602775095036958 0.555890667569223 1.0295635149327 1.63741561785211 0.73136623672598
0.12657285738658 0.35017563409686 0.99613211366334 1.49718611784227 0.423189984373442
0.0457448270978699 0.506934153506604 0.968276923810165 1.60641650540707 0.429870886985562
0.0650828442692744 0.507632522214852 1.08722867888676 1.6928311055917 0.531514364578918
0.0800681326962932 0.587589040629914 1.03391002251499 1.59929905075033 0.636883518850481
0.0474566223697431 0.769600230465425 0.686790324011165 1.41966558464486 0.530319372270163
0.155213009717434 0.340476952900711 0.989469050021872 1.18122888937738 0.265733294809904
0.123578368796543 0.142498249133172 1.41624711282515 1.45477234163671 0.227946407684899
0.146533204942078 0.269441443138588 1.38453809488479 1.77679706195031 0.454570547413909
0.145375478920951 0.525136003481698 1.15263033982162 1.6889667020661 0.649904222861966
0.0590390059373746 0.493830881803414 1.08432382351062 1.67289446196629 0.54836044692657
0.0510810226279627 0.437988827084816 1.02492027723702 1.27425143976253 0.514904470362401
0.283535745344966 0.138091673711452 1.21543612385636 1.42424668883037 0.0525872537234618
0.104260621758954 0.884484806237984 0.447089767190323 1.3023192599299 0.631042689801667
0.0436477705062935 0.574963431819839 0.898161048488963 1.61484536042522 0.570306789302242
0.0819771113991779 0.359410974799562 1.03533214288843 1.30644300722269 0.209922043235611
0.148830099315024 0.951838367388217 0.356259112919437 1.41430742727283 0.409113198002031
0.0455884524002228 0.623505881691056 0.901044758601368 1.52028311318795 0.531723087344782
0.127741022522589 0.167040908379047 1.26996792050718 1.54982623533869 0.267433774161541
0.0774249107560331 0.998278701201403 0.479771066472358 1.61322620261407 0.359940645729179
0.0721263567647744 0.513843492024559 1.09528217328454 1.75187859622614 0.575810399157902
0.116796771968617 0.158943869054715 1.40334843304992 1.49178380291622 0.368047506472767
0.0681844336825016 0.945474961869666 0.552970463494195 1.41929627313579 0.609726024501011
0.0675095256345627 0.733827521689562 0.631244647349835 1.37480148984302 0.358252585620247
0.0761116777756683 0.256295415671547 1.24198909986933 1.67239579102564 0.402609413889534
0.0566016680411093 0.507681236530978 1.064407407746 1.4979045407482 0.403793439664529
0.109301368438681 0.965300910660617 0.381179994771551 1.36304134550161 0.403031640008024
0.157836822503181 0.409966308143779 1.27125615205276 1.61658366319703 0.636087495154679
0.13967967875379 0.334705137990495 1.32746580152877 1.67700100038863 0.380394608450451
0.132153520166838 0.579199861825111 1.0895118511199 1.62546752490578 0.656184126581166
0.111485641423292 0.159414985330148 1.3845594710068 1.55110846846316 0.432705015576914
0.072496066753656 0.782386620485171 0.803730829809166 1.44556313669586 0.759195480098151
0.194255750856578 0.216345728659192 1.45239655446041 1.66464764987652 0.26878185126673
0.081199494083424 0.696388396315757 0.644290920597657 1.16819254557413 0.54271200902316
0.0917840516454914 0.213171296879649 1.26151823230972 1.29446144284787 0.295999580880917
0.120723929895623 0.393591478960115 1.26239982965959 1.58139370618604 0.426011276912176
0.0716011794725245 0.971270515710363 0.511937536212627 1.43494077575731 0.639645177022943
0.112263161420982 0.972361970628306 0.372955913694579 1.52571575804467 0.361145246335381
0.150636271509225 0.50743788180342 0.789844787421875 1.35892937291395 0.316808278257653
0.155036959059282 0.083857787841132 1.41930776266338 1.47758998302079 -0.0121810668770262
0.0621740371278076 0.575644489462782 0.804341302444498 1.45095160653646 0.334278200660962
0.058897578484565 0.389191015610784 1.16122674031557 1.7033134372065 0.549392642583929
0.0574494865350648 0.483864460845662 0.92662093898451 1.31410004428148 0.502621977612247
0.0960830569706781 0.199262083203171 1.34656009565465 1.65047699355814 0.387497706490154
0.0450259178151728 0.690540897626436 0.816663271549937 1.32858545571816 0.592887223080131
0.0943786384647969 0.55890961278594 1.08043999814065 1.62844362723063 0.63049416280875
0.0638572529067281 0.659099583933362 0.711651701216008 1.33377660335556 0.599144034007744
0.0904768213775481 0.228486271396144 1.33203382653519 1.51054705930082 0.114009983024988
0.0433409619689267 0.617358756252552 0.88006252457606 1.33622588809396 0.642402876231793
0.0846460877349189 0.271202477753607 1.16578112468642 1.50218176884336 0.361495996753582
0.0483044976193752 0.455635957133979 1.03010683327694 1.44737718918517 0.514315898334062
0.0455377569339447 0.525179766594968 0.987097823281105 1.44891324974939 0.478722693360606
0.0588031472120432 0.895420903171903 0.590501489716035 1.56973046538475 0.485694638626484
0.047667993533352 0.745323837325935 0.694712533028273 1.5072843197584 0.490842374450689
0.0640166690734966 0.316425748662981 1.17375955739913 1.70565677565612 0.213796217280079
0.103707792581634 0.599674318222404 1.04720036362041 1.76211859178425 0.66845284240692
0.170871941255348 0.0627166668681344 1.45908561453395 1.57645577057653 0.0123516508898919
0.0807365562099212 0.354196294230054 1.24733524339606 1.71746651876792 0.415497435340795
0.160258701502931 0.095938783977472 1.48079388392742 1.47519319797708 0.0727679942540588
0.0457103488032323 0.506919080095614 0.96913294940476 1.55601370808144 0.445487090038472
0.100869503452307 0.177455837474029 1.33995691446213 1.51435640151273 0.209270976545955
0.5227088748943 0.756921645483205 0.445163270832746 1.31358788951361 0.224454246031155
0.273349149554477 0.997238094241496 0.659272674496643 1.73825849262757 0.659005407402931
0.17027333668098 0.970023204965548 0.656104385398206 1.59564736213124 0.741462614906961
0.205236881574045 0.89814638423602 0.762117428319093 1.56149966571557 0.626804611777639
0.0474752975850034 0.505283499892605 1.02080338201878 1.50975784348754 0.481279810080361
0.669334989618119 0.752282270267082 1.00284195686229 1.62575100751245 0.544833601935358
0.045240293058871 0.566467983567091 0.885599354785944 1.43950707118676 0.34705747281253
0.0967490337059543 0.347108614271639 1.27754697933529 1.59407933628599 0.602722008432039
0.0902386995916662 0.761750208436943 0.56994785112557 1.27084524545741 0.269528640018015
0.414165073288412 0.0461209782089529 1.32183255447658 1.46220363770076 0.0176674763395759
0.647873262271865 0.221127108806014 1.0401938231703 1.40020261416474 0.427382215842466
0.0836832186291583 0.394487052285474 0.98480789219173 1.43129860009929 0.500499338862158
0.0461621132183344 0.738377949838575 0.759949248073106 1.41007763590011 0.527407916838436
0.0601898611825741 0.39865510386311 1.16174024007252 1.49289648496049 0.280222379327997
0.0522360504866479 0.502479515442461 1.05215608337046 1.4254316318136 0.615152113726957
0.271722149072016 0.0534964570037017 1.35709317562133 1.41372078891406 -0.0936982897199741
0.175567585650668 0.916574222017248 0.369811610412244 1.24448366453703 0.453484476129956
0.124395195355101 0.165979769159143 1.27753098294693 1.58581340932107 0.174053086425367
0.0604574571664491 0.733863457667876 0.647811081504276 1.33163354075008 0.538607911710941
0.0977146466202006 0.965907809988413 0.396594936797186 1.32883601113217 0.337309440653614
0.0531030161751259 0.726307046611537 0.678696429551991 1.46805577044242 0.503562600090482
0.200194027941246 0.250141338369187 1.08690310362842 1.46585702795711 0.298380611226361
0.0762191044933068 0.296613109090092 1.1455051018486 1.23518560828808 0.345948741278574
0.0674232486089969 0.621844311414483 0.977592975707281 1.53974577387289 0.524459624114345
0.471050335697454 0.652555263381823 0.557138035786357 1.1856153933192 0.295012248266438
0.0732454331530557 0.83820077224996 0.529622322410119 1.36297920491559 0.400230456753594
0.0472435431767606 0.741125808235701 0.701300357563167 1.36541120388033 0.529343953470161
2.02018695059517 0.957348783436149 0.819158867637746 1.7601832423086 0.719025940982957
0.0802530924549037 0.377044997575264 1.22924267094597 1.65628885263061 0.414801848781683
0.0763967751868178 0.269184330997488 1.19923090167302 1.53164168792641 0.353776923157626
0.134279369298827 0.14011944014582 1.44017657950011 1.71618288065293 0.279643762882522
0.0990529376800057 0.941049091352661 0.410837408294589 1.41514545937754 0.0517243968994996
0.104506092818466 0.901451900708709 0.433341112108948 1.29696670229394 0.549808805321716
0.0464365164139031 0.715225046524606 0.726465159404926 1.34306477656319 0.595006092146822
0.0499386950559138 0.442340336344307 1.02952246018234 1.47272948537081 0.431411121285368
0.0680400343980989 0.936997642476406 0.488061490727845 1.27582341410162 0.475511995499769
0.0467844689124442 0.543517530957794 0.986284205759277 1.59173618765927 0.625325504849502
