0.0177991814524404 0.849405998886127 2.10555742653023 2.85592345654617 1.70317616912284
0.0136657043710449 0.939992891135003 1.9220222875677 2.90785032597504 1.55938349386906
0.00950127724817783 0.894236925893024 2.17074025955609 2.94730100637718 1.87651607646844
0.0127572380808576 0.878171691174999 2.22377069734972 3.09727376612331 1.99817817095791
0.0267359600445721 0.968157104172674 2.1640247904363 3.06892788500672 2.31855545628722
0.00993656330814221 0.959200682613394 2.08684370169988 3.05786340101367 1.98228940499605
0.00736470997442625 0.924292418728688 2.07310258280438 3.02135124875069 1.76517643938667
0.00884812309401231 0.887899484856555 2.11183637317406 3.1018292891074 1.8633511134719
0.0153268912138272 0.898055200259406 1.98765331066215 3.08075671694334 1.69272123822499
0.0239504235805412 0.941069135459361 1.8745956532063 3.12089560170774 1.76761201138529
0.0085660255889377 0.910226828651573 2.14220149489361 3.09708984196297 1.98414234520669
0.121151401558696 0.762987406635198 2.40141489998922 2.95943996060842 1.87748711542512
0.00922676412457776 0.896326377887057 2.0607244256643 2.95246712934115 1.78361334153502
0.0159009598168466 0.88806420201943 2.00691847649351 3.00525416367907 1.88962035206928
0.00895504041112447 0.943584263888701 1.96998595381136 2.81764847404457 1.77411323733534
0.00926202640951153 0.973603261406888 1.94889503903228 2.99034914635046 2.0491302754128
0.00762819665295923 0.928462567931096 2.03000688913855 3.08152897782841 1.71085694142284
0.0125193677515636 0.94243677315986 2.15133484263414 3.22924240074028 2.04115387650413
0.034862506536902 0.811774729228381 2.16019539222603 2.77509158935514 1.66717516826628
0.126575554380362 0.881208385837406 1.88999341060643 2.87240472493963 1.62998527850569
0.00912932978590304 0.896400049902834 2.06299221551077 2.91454115632345 1.83204305912988
0.00901524977886243 0.931344492117448 1.98624125502048 2.79247905498456 1.99031953453797
0.0142305707839172 0.865756334835635 2.08148604335452 2.9079985976123 1.78481507561172
0.0081952459753568 0.94160489468336 1.99017522862808 2.93701630872169 1.88952223561129
0.00732878571162792 0.931097454188637 2.04958259451513 2.87027772981343 2.0550370765289
0.0105966520897701 0.941157501855487 1.94836767367253 2.87997827720786 1.789113407453
2.24354883906971 0.776120467604739 2.58021731655822 3.44729925315082 1.96814831559304
0.0111833165746413 0.909723479241984 1.99665359634182 2.85692838372647 1.89993792283889
0.00845732112637668 0.902244758157129 2.14106461220047 3.09781628684702 1.80174799738379
0.0185615409884819 0.86017549260192 2.06506566443232 3.00810684764197 1.69694614423567
0.0100513280533083 0.878698963118721 2.17580029828338 2.85224161586479 1.92311631075691
0.0102786912840544 0.873236819501343 2.12605041887933 2.91620707954707 1.80196312563966
0.00979244450617862 0.950638485517192 1.94758676666939 2.77199446524232 1.90959876006726
0.00977382684131833 0.973061561361211 1.93537663855487 2.85025781485192 1.85182626438672
0.00995259161619332 0.971956916406591 1.93162993284901 3.05606264077111 2.10093690342275
0.00798344905412886 0.929830971211864 2.01351839284348 2.95368874352565 1.85204353581881
0.0144242224080906 0.845918231039092 2.17447070375663 2.95409488396616 1.83013061320461
0.00741907404756404 0.925930661813399 2.08132605484013 2.93817833350907 1.9625219031265
0.0313092901470274 0.848704702523088 2.048211983111 2.91561504757229 1.73474798494379
0.00988353475957729 0.933471117092513 2.138278321454 3.20558306538065 2.02618710541818
0.00868642447255126 0.895070742158168 2.08225996581638 2.96037042744713 1.82900697308609
0.00868678352529006 0.952397833652277 1.96689122310199 2.90052711533802 1.93217236786777
0.00994105004946207 0.987792096060338 1.96359023333998 2.96315542086011 1.92578967674142
0.00764264740316346 0.913926155346121 2.10148481155746 3.04052578981951 1.8287922937965
0.024867495717026 0.878044746616479 2.29216709462689 3.02376669194228 1.9356404501231
0.0118372995570629 0.990104025863886 1.90375110258701 3.04241339246183 1.88076626438017
0.00827315242580393 0.965101156574555 1.98174666131307 2.76338763884855 1.85553461364884
0.163417980422359 0.969566427746189 2.25997344603492 3.25294842474088 2.22697427547856
0.0102786780476307 0.921782599771458 1.98352845733571 2.81165282035822 1.68001276744736
0.0616801882849991 0.812895511210879 2.09864849016125 3.11844719958025 1.73196234641327
0.00823384267844371 0.966335530393962 1.98925518582826 2.77119974814244 1.83119288458041
0.010361219008628 0.870546149248849 2.15112814859992 3.05089623443539 1.83225516090652
0.0459673283980898 0.78681414471553 2.26331412514966 3.03743950339224 1.79797348052896
0.0155254162168965 0.85610245127576 2.24881626211623 3.18459339790036 2.05677482673073
0.0274801244068889 0.839349017880404 2.08759011950699 2.82523997805175 1.56945776571989
0.0144089535033649 0.999957699775811 1.87561506265347 2.65630592514775 1.96332609673591
0.149485890545893 0.945586319535965 2.3007759947899 3.13226560173205 2.03505819337893
0.00838883403568753 0.961760596315505 2.04319003740507 3.16222281556659 1.94812897874372
0.0182625867358447 0.831352042222946 2.19580106491336 3.21231994511085 1.73710237741728
0.0530888176662568 0.997346802984007 1.76050407492654 2.9062469926298 1.59561479989339
0.0185713174730522 0.925545471847381 1.918077540091 2.68381668821488 1.78859536953997
0.0161777848125696 0.968809809906294 1.87215606168782 2.83366509914996 1.76074914171353
0.0293266278895716 0.828112833619071 2.11822130915537 2.98022687114916 1.6582101518878
0.0200089826992726 0.923413956715002 2.22433097098841 3.1114020113272 2.10379442998648
0.0285536350086869 0.843971024101073 2.31911862639814 3.07752995819723 1.94157293318587
0.00904628115066983 0.964973656790838 1.95231284874104 2.73310149531294 1.93245012302553
0.00897455386472316 0.953309882594356 1.95967656572106 2.93508749776899 1.9030169458356
0.00957884791902147 0.878297691579401 2.13399980672975 3.13274100998987 1.92278968090782
0.0780152824840126 0.995228549421488 2.16827908071907 3.27185577214905 2.10292204338278
0.0280463039878179 0.823668537813435 2.30879906556109 3.06943283964813 1.80114201018424
0.0118432339366611 0.925048717375644 2.17384876789615 3.09933743439345 2.00362122468457
0.0162792775698077 0.882997248073086 2.01688368048726 2.86032165086853 1.73136763786794
0.0844157793336247 0.860545971600398 2.38473573925606 3.28043351902202 2.16152669700331
0.00996950419186015 0.967381728447535 2.06564711480043 3.05870500305213 2.11238599082378
0.0210894189539617 0.824712457302126 2.25251868260086 3.13926315113235 1.88747912540592
0.0111435699986875 0.991639171158172 1.91973163436922 2.90191647891315 2.06541346235222
0.0120413522851152 0.990568237588548 1.90076794924649 2.95993966669585 1.85471100893967
0.00794253078362295 0.940893546708915 2.08393230320548 3.07363619218252 1.95091537612581
0.221650723441526 0.874895903161826 1.87802583870735 2.67630834369205 1.73236569267452
0.0390499086093643 0.932984475778334 2.25436037330137 3.18350188322053 1.97712015599191
0.0278373875751259 0.837508188798283 2.09214228213526 2.87986834067396 1.77978108153821
0.00915408882611987 0.957450121799148 1.95288242317787 2.68868129229244 2.00968970687244
0.00765528812871652 0.947200839266721 2.05552725589543 2.94721032258676 2.00879989751068
0.00873674025077301 0.895555435915693 2.07828418379451 2.82226965140014 1.82666222863492
0.292874048809812 0.748434883048493 2.19403117669969 2.88630378956282 1.69398907932013
0.00787834718719601 0.905317374901475 2.08605326614689 3.02434432632561 1.760312081434
0.0320545423036843 0.933577774800731 2.24129829601436 3.20166629027221 2.14535928536851
0.012636372079364 0.890804414164614 2.21746618413937 3.10739100847399 2.03301913899115
0.0606201404590021 0.796722300854841 2.15502837987756 2.94744288260003 1.60288157385113
0.0921883168002606 0.929525142576683 2.30544174745516 3.39872128770094 2.16036187015155
0.0112626485836801 0.880526299520191 2.20368829870705 3.12812703950765 1.85475473594373
0.00923396616440618 0.885576134564105 2.15650871536218 2.98664969689055 1.88711348919089
0.00738726071692648 0.942696156848555 2.04050234381567 2.86139446787377 1.96300436951069
0.0079477193543154 0.961031178646405 2.00055498426266 2.88079128585771 1.79594264611935
0.0176059486365872 0.84316863853176 2.13208480325192 3.01889515749957 1.8758112578178
0.016036419058275 0.842241482446025 2.23415105305717 2.96030252572662 1.81457757455948
0.0124356942374018 0.862391280455352 2.21095299449615 2.88727091233539 1.76971329915699
0.0826023559966482 0.810887855598507 2.08309597970196 2.97412279017288 1.73729961339518
0.0141162721012601 0.956613112904235 2.13567656612675 3.19734564151615 2.05508578271569
0.00945521813581988 0.899413837952824 2.16858068265103 3.00732844349202 1.95849074315807
0.0134977395879225 0.850459017674305 2.19974983036837 2.96624248858369 1.84735208845206
0.0473113668765597 0.834586379877835 2.36285338859057 3.07533663546357 1.8980096071001
0.00846873025635584 0.937071341841986 1.98894038004645 2.98211741873453 1.91593149891533
0.00787359610579808 0.921119984091316 2.11155339887534 3.20814352657824 2.09906105674089
0.0141759041233555 0.976915998557965 1.87950133691755 2.83833856491507 1.89641161189934
0.00754705484460819 0.950462513905271 2.0271372856724 3.04534416722955 1.93842878625349
0.0174452809902457 0.867499620227064 2.05064214958803 3.11784735172777 1.78760883624687
0.00804692382155014 0.900352702218872 2.10678262323483 3.09605430960549 1.78866445754984
0.0119137976706368 0.991889126012671 1.90392960653868 2.93934905985249 1.76691497598632
0.00889986810092759 0.890758027748092 2.0917030671141 3.04074465911372 1.68372827966112
0.00800838372584636 0.962839117932136 2.00493459474866 2.91911533114872 1.79999055806528
0.0144588496365287 0.933840880478724 2.18059916099593 3.32435153700624 2.04854633260902
0.0115370026060175 0.872256308477667 2.09535886746225 3.03762574923602 1.83198424520339
0.0270064482561213 0.976897271631712 1.82274052918646 2.74944334250889 1.65350287913637
0.011816779035733 0.996873475870578 1.98889599889209 2.85421021880148 2.02637356949199
0.0940216013878252 0.959991444476544 1.76939171048304 2.65508221937576 1.71906176154944
0.00986073360140036 0.885576875104328 2.17738222224774 2.89472353788925 1.95751724884815
0.00815518713698752 0.909305650316811 2.05418155284563 2.90619612629483 1.91780880019974
0.0216753148451712 0.908279175979819 1.93752879492834 2.94715463226408 1.67709679186321
0.0157945539411637 0.95287052816677 1.89137874465798 2.83616350609218 1.86070519343574
0.0198424286616252 0.921507203521072 2.22646281486932 3.28032927216618 1.86236480603253
0.00992720991760519 0.87670741369586 2.16587287861936 2.94385089834698 1.90858431976445
0.00907721245792491 0.895734744888185 2.06655670935955 2.90269114794186 1.71779910605876
0.0151510318675794 0.948135570527929 1.90113140696555 2.69261549377383 1.90812338918805
0.0208030204974579 0.902401278495215 2.25483537311794 3.20828855876151 2.12687080600998
0.0112212938511905 0.949409969116944 2.12542798297741 3.17451939457937 2.10983988302276
0.0143375984619701 0.893875703755006 2.00374348290975 2.83954346815842 1.91492446482677
0.0143538142711016 0.848127760369917 2.21753864069167 3.04650946970747 1.9781190861227
0.0111192601356139 0.873234085543779 2.19727080788838 3.32872240841698 1.9292567191857
0.123464852102003 0.75085075139246 2.34556168874211 2.8923298222913 1.69145443941476
0.0221432361615493 0.92108235903548 1.91238881350056 2.8635011087198 1.75067842082233
0.0156895451528773 0.916060166791004 1.94905103279039 2.91151841929196 1.80754209638416
0.0486645663024242 0.889868224738019 2.32584561940163 3.10048057707551 2.04946118760803
0.0104686068314481 0.969515739491982 2.06783699503697 3.09380776744993 2.05217120521154
0.17781308298118 0.954541978876508 1.74757644034586 2.68465526781918 1.58889550655797
0.0104782867300874 0.992093552442532 1.95173999813396 3.18083881416091 2.05250584923854
0.0144033684547411 0.969862328598121 1.88271452403275 2.89742688357432 1.97116320298402
1.64738924391479 0.943880141717179 1.68067663298676 2.69847735599708 1.50148234909996
0.0296822680838762 0.925850328681048 2.24857541820657 3.0963815148949 1.91292912281291
0.00779805043902855 0.957712926953101 2.0208754961088 2.87197482306591 1.90991248725081
0.0105389336772777 0.888716703076642 2.0572605558345 2.92177041203587 1.92385032081892
0.00866897225011863 0.973219937118524 1.97824689469023 3.10753498844725 1.85513277780691
0.0122767581940325 0.995740222318932 1.90176931076412 2.96984129325041 1.90987723138529
0.0143421834498507 0.924295678089436 2.19464675916842 3.21028275541057 2.04003890045314
0.0183349663473727 0.987747628432877 1.84697301725667 2.76302653072289 1.94673255044619
0.00827761542208489 0.898097533172543 2.09081550855257 3.02184435199296 1.95813623733832
0.0124890369717094 0.99698611175144 1.89961058734441 2.83851847694355 1.72013370159591
0.00771116316631679 0.917839854711224 2.05001327871448 2.95275294455891 1.93140016089343
0.0141606090099777 0.910718398498091 1.96883370941314 2.76104595550398 1.94006554830967
0.0130216589114092 0.908524387248558 2.20532374362999 3.18114600122467 2.08930037983109
0.0603923430474681 0.878934090903081 2.34964054179844 3.09765865226812 1.96886845894506
0.041613835138541 0.824892973459254 2.0940704175264 2.96166726207659 1.71294266467007
0.010416427514319 0.989181925262006 1.93690355383525 2.96028523705004 1.98433666785494
0.12039348310699 0.839263352813895 2.41903237559079 3.2787298757617 2.07987396468195
0.013130566988064 0.859592180977604 2.11945759604127 3.21743686256106 1.840405944006
0.0232729981916337 0.985929295070343 2.11172051693252 3.13931775537663 2.20856895390923
0.0423387448820028 0.877976295120904 1.95521768327093 2.83036522822494 1.6652535639772
0.010133699011737 0.944223539356176 2.1225093693338 2.8766784309958 1.94886326390987
0.0224913861608438 0.971987844254325 2.14264127528316 2.951969124217 1.9861842140865
0.0163922768364313 0.841855309482125 2.23942120479476 2.96054485500638 1.67719643471397
0.007313106351349 0.931060753212903 2.05921538765472 3.09213916772643 2.08618508766307
0.0914559690098303 0.826590077087554 2.03326648808107 2.98354654710232 1.66564897264509
0.0103719281642131 0.918452836136489 1.98864012600878 3.06303411240589 1.88066558353863
0.0113266859332178 0.961717614248189 2.09943478146795 2.88528000309082 1.98179608191014
0.0152762725325927 0.842160545472314 2.18018756332599 3.08351017428473 2.18608972035965
0.009541882873661 0.973049148116027 2.03875967962987 3.02108463216571 2.07097015663348
0.0167158625092478 0.957838881650155 2.14894388586116 2.88478635556532 2.14111879379461
0.0311988154443609 0.93376595811803 2.23926923154074 3.27388612880597 2.11885521299566
0.00776808575785244 0.918586382529178 2.10895668895715 3.25073982884359 2.02716424122341
0.0116884350812694 0.979136622758228 2.05666520172679 3.03438216782603 2.14417701277621
0.0082640858971315 0.963561833908774 1.97978231240905 2.8203072153285 1.8903172115045
0.0141653721878069 0.99656478543509 2.02727618760218 3.16013406954687 2.02783547923572
0.0281577985485795 0.882652094586325 1.97193671733093 2.97618749689251 1.84867090236031
0.0132008527747737 0.91442450387269 1.96856660813229 2.84410518922227 1.88806917986884
0.00765489012990633 0.94921743060288 2.0489747863498 3.17849791887945 1.90043386182823
0.01124625113045 0.951575723173347 2.12123029898894 3.0542747012623 1.92992851792422
0.00821418373836619 0.966743245500934 2.00218707520355 2.90053163859253 1.87027164058521
0.0204731894256083 0.830438144927751 2.163366275818 2.94203366017749 1.63833848858603
0.0122623977542894 0.975672952940389 2.07366640943123 3.16855526727537 2.04516331429092
0.0110402667273099 0.925385306615434 2.16516036404358 3.04247095581273 1.87430235368955
0.0145474331983206 0.987778535963668 2.06015010563927 3.05167724489813 2.06512879215965
0.0194926384252705 0.878796795887504 2.01018223415081 2.91475575590794 1.8371722194928
0.0143489528160051 0.973652503708861 1.88026382787899 2.79186009176491 1.82859144568208
0.0178787851729835 0.912425692806031 2.23043750525748 3.24851042029385 1.96246074386544
0.0780159007973006 0.803305860953226 2.40058946250971 3.3782742326248 1.93665034962197
0.00780590107080172 0.942229185014773 2.07583026950843 3.14827802384755 2.0625760333083
0.00795841404319076 0.915868278561755 2.04380439346039 2.88715483730211 1.93977105730213
0.0208269584478351 0.82821506753852 2.26309146597322 3.10321637552718 1.84967331187297
0.286206641274447 0.809317654026942 2.47838719316313 3.2632511239668 1.94763326117872
0.00910008838209697 0.933985036498886 2.12482664487135 3.0064281469129 1.9474556078314
0.0508698078174723 0.790686991926837 2.20395677908333 2.90378070530373 1.64133125010446
0.00915668841601975 0.894519141278976 2.06836835019005 2.99212883874858 1.92511526428388
0.0179690528872493 0.833240561110808 2.23566964075366 3.12292971213586 1.65166151434328
0.01264204158368 0.900791809232675 2.00160176828208 2.8510516975047 1.51530655550141
0.0134402341934277 0.995487034859259 1.8842875402197 2.77301130305111 1.85292412390608
0.0183089925893701 0.900397412382784 2.24658530707077 3.06705844966254 2.09872836006928
0.0113013692952342 0.891642958084665 2.2019498828132 2.90970959140134 1.69350341788656
0.0193096450547613 0.894458264371797 1.97491097519616 2.84810089055224 1.83667254001417
0.010395246098092 0.899662883284219 2.0297074410777 3.01471644548671 2.07471599676568
0.0861362592596331 0.853811962047689 1.9692758580862 2.77805812326388 1.78086213853333
0.00868356746754445 0.969368472645644 2.02512185033361 3.18254043146802 2.04646947268234
0.00773824575884831 0.956405215559523 2.01978517077765 2.95465330583015 2.07120603958732
0.00751224237213476 0.948503389746576 2.02232010563146 3.13172472033965 1.94957206916789
0.018591681579781 0.861638050927688 2.06056409773895 2.89063328261615 1.85517209103739
0.00969763157327306 0.896106869739971 2.17462566828927 3.09351921621814 1.94953694300773
0.0324442831714863 0.812455883624988 2.16773681755595 2.99804884091155 1.64505289895968
0.0112461051963798 0.978023618761523 2.05405277463337 3.0405484733282 2.00887475422183
0.00763531670638608 0.940938094977079 2.07075798947562 2.80635944036542 1.85029801304092
0.00981053457038794 0.894016351292068 2.17738294193427 3.07128024040569 1.91563572091211
0.0348580836821986 0.832583566268119 2.08597961218469 2.95891472455686 1.7634078212162
0.0106789017133697 0.992928748328867 1.94174263512696 2.86245519022703 2.00816096569429
0.00825836722964864 0.900196008269971 2.08168309343031 2.97226405903458 1.80747781706518
0.198514564201937 0.776538880553481 2.46012016968449 3.21387464666826 1.97044653420512
0.0119946062849006 0.868728410654688 2.21038749044363 3.04001694806884 1.87396582702892
0.0078038520425687 0.927512124474847 2.10162005810091 3.07776504193441 2.08475832370927
0.0589609609149974 0.95301922827496 2.24256131249841 3.14418148675135 2.20978140224529
0.0238990166367581 0.835121825080198 2.29735229873737 3.14549342777598 2.13241136325821
0.0121860987548304 0.908284317854683 1.98949421833392 2.93901561473125 1.77725123798224
0.0104939001571821 0.992148664678877 1.96729932528546 3.05786165814897 1.99268303747786
0.00740424601700603 0.943409475169984 2.04219139663359 2.90690513074769 1.94418831363458
0.00770857351578838 0.918620669760902 2.10590716159673 2.9600961071996 1.90227117841952
0.00788724078748502 0.960086052573729 2.0146464800677 2.80555511628448 2.04400586830455
0.0248188980846949 0.967425829886812 1.83838278850706 2.82627845144143 1.93036006034952
0.0299958306978679 0.968888372550754 2.17044934183358 3.08078730802246 1.95481557784883
0.0148488471086606 0.954998641658037 1.89450348876083 2.85913421392914 1.57581485824846
0.0121569699030445 0.983953724924987 1.89709305292677 2.9170609207008 1.9448298786348
0.0112574579454535 0.865282672814992 2.18415715919741 3.04719879120356 1.91754363050243
0.0185764506285174 0.936352136742714 1.90063637649551 2.76604982851987 1.86436745737172
0.0136656479672683 0.863006093659437 2.23157962404849 3.16311447531672 1.99320196918018
0.0257077489373616 0.904963969598052 2.26760065343655 3.07680432545136 1.86387934304883
0.027193014353981 0.892122921882596 1.95379925529285 3.01592681754342 1.78439177335398
0.023470309123641 0.963368433654334 1.84695788645362 2.73190114352124 1.85711226750727
0.0203061710520388 0.956258195128858 2.16836363854657 3.07291451494736 2.15103915519938
0.0106512539222327 0.959406527524719 1.92717140592523 2.72611959809604 1.85584109024661
0.00785404316067613 0.911288185363957 2.11527242579305 3.27625119597097 1.97103328208342
0.0324393298157998 0.900991817399893 2.28816602979074 3.05675285119869 2.29493859229757
0.0551234272035246 0.780792182713498 2.25533131637625 2.99123534837922 1.75421271739504
0.0121874345185526 0.942568711444683 1.93010268704277 2.8704831235295 1.65347385399138
0.0294756522552777 0.830006974083307 2.31975966136797 2.86018979810198 1.65120997434686
0.103194601227938 0.932113185927243 1.80593994225982 2.88992015107009 1.72247988569198
0.0109040519494088 0.994240776830448 1.93671355058264 2.94812038291069 1.87967845622917
0.020760684463719 0.988743763717421 2.09451409167288 3.24979509124776 2.04092033998702
0.0257645166927354 0.972037081872831 2.15281117475649 3.21234539220822 2.0582535544702
0.00852645258980724 0.896812905227729 2.08221035120397 3.18748488519258 1.82234849538588
0.0132970219707658 0.894859886322091 2.00956422069301 2.98017743457919 1.74178618457404
0.00988694018733863 0.981756533436676 2.01273829957035 3.0246376998206 2.07597188215291
0.018423377238986 0.938624379485797 1.89786188501311 2.83724064905079 1.84136029190465
0.00791424485768359 0.908132877996085 2.11756581959375 3.17407730231068 1.8489991542034
0.0165371344116084 0.84576412557752 2.13253845846909 2.92978391416104 1.6992198095044
0.00811654826727027 0.961767889792996 2.02948240329076 3.04660739946002 1.93183752599583
0.0094668346086867 0.965997835321429 2.05996120367486 3.05676759281925 1.97732506374996
0.0123075681578574 0.961196928040181 2.11085263972401 2.94037663359901 1.94357542829224
0.00956098463881361 0.981621883670577 1.95088691975472 2.97918401411579 1.94884877773842
0.175205367554576 0.81584049854123 2.02488867137525 2.92077473272582 1.61901330270137
0.0137205155589864 0.908803761838401 2.21048163879994 2.9761666942437 1.84633107079956
0.0123934845921574 0.91097297478262 2.19715762355525 3.21226526754598 1.72025605438018
0.00813563993797404 0.954286322210466 2.05763342066889 2.88650328048527 1.97608327292589
0.0164490564497696 0.96700138720366 1.87228736583993 2.79585810747461 1.77518429275942
0.0243336802846944 0.848853680765759 2.07049532687244 2.90246861445689 1.60638490163369
0.00846263206477472 0.920234405664241 2.01831294490922 2.94725863766204 1.73212052769851
0.0307143837522386 0.964201917768511 2.18194609109154 3.0182436563876 2.19048749039855
0.0213106508835327 0.841599822304006 2.1090074357 3.04210731509043 1.8063260508439
0.0214546643078681 0.993635072424563 1.82946276325841 2.94511722008841 1.9103816905359
0.0146105863902887 0.945038766638115 1.90860077051645 2.85775876282141 1.78817486169884
0.0133902361882042 0.990703361801958 2.0395326133117 2.84535696158732 1.95051238480804
0.0160564484168771 0.847364898146155 2.13122070003009 2.96650175220966 1.91485639560322
0.0413972650215894 0.790939662677065 2.28079316086353 3.0684311449826 2.09766281818034
0.196322679453898 0.836797727784819 2.44522198484945 3.32624029287157 1.99648344130384
0.0131353990775147 0.869124661917539 2.08261563979189 2.95849537863435 1.65050427505974
0.0812810257016784 0.765554949006109 2.28297388954473 2.91353325028077 1.69640909877498
0.0207921881975562 0.82900864462479 2.16776769304691 2.97635170956758 1.60244713280837
0.199111916276316 0.748506812440524 2.23055733603972 3.15515819245594 1.5461025199737
0.0885882927572654 0.796323013358426 2.12258392943637 2.84711103070259 1.65582676054999
0.00914669579064484 0.929157664838189 1.98747734694027 2.9527581147985 1.68732909105667
0.0128032232288803 0.990564269930228 1.89006033775865 2.81551667739032 2.06512997976452
0.0144878935774193 0.879502418493638 2.23996974784241 3.13604152960338 1.97256435639685
0.0139010246330845 0.977361555960041 1.88146661559182 2.79972459280848 1.84597598145198
0.0129210495607976 0.910604038100909 2.20213918115976 3.17706668319859 1.94745978920732
0.470001686923192 0.741415100958952 2.18358571141408 2.9929171036683 1.77547793509926
0.0279853090435427 0.853140853213229 2.04540003002743 3.01329761956819 1.78839202488997
0.0391851095032344 0.994402357106969 2.12878234653076 3.34691836971873 2.1230775224807
0.00739795846990621 0.92531234986392 2.07931156424593 3.04999336854589 1.85803173761809
0.017129822850597 0.836139870720639 2.17939565948853 2.91156584684515 1.5774132249163
0.0126346445931067 0.898956581269575 2.21140190140968 3.22750079371909 2.04578228679496
0.00887692390777505 0.943549494409827 1.97158230376532 3.03117448368512 1.97515554608006
0.0108453894785088 0.994944986747102 1.9590288500195 2.91226207231883 2.00559203323736
0.014971509028996 0.952987114544116 1.89612314993437 2.86941698449592 1.7779407166604
0.0183349118854589 0.845587302381019 2.26751910688617 3.11753460493385 1.95825404048603
0.0393169987848131 0.971489358375658 1.80306942355991 2.81569755885309 1.77617689044217
0.0245431865688785 0.848632460317763 2.30413694028626 3.24866614360559 1.8429589932655
0.00997948811908321 0.885347331087976 2.07911459875111 2.94425394314634 1.86059325354944
0.0563985150893097 0.790687800450144 2.35699878151868 3.32723085263124 1.88364019839764
0.035667737218205 0.899656024658486 1.92045195773721 2.87321127531644 1.45511705931944
0.0322587685157926 0.831225328410595 2.32978434278858 3.16354380825037 1.71318538113311
0.0150748600894444 0.963942174183674 1.88345412705554 2.86823061241528 1.79342291128284
0.00951646285477866 0.899750472342618 2.16970019796394 3.01428190612419 1.91007622601432
0.0323975628472789 0.998562847878153 2.10444399508464 3.17780821311138 2.20828898586941
0.193050598734266 0.941316441043435 1.76354802973197 2.84485651480926 1.61962619034705
0.0436324659464485 0.918314331055797 1.87361507936261 2.73141484730789 1.82771772717424
0.0509152537491812 0.870752004795587 1.96012823866706 2.69201704066572 1.75088916902491
