20.8106063887876 0.243579428814658 0.868781176162547 1.08909679069281 0.367451837963187
0.0871816562816933 0.305510267025706 1.11198570560699 1.40175833631706 0.440503729759206
0.0475623865869279 0.495598458076939 1.00140745984565 1.59006446836715 0.42017437552155
0.0588458639766957 0.807609767617339 0.730184654141539 1.531716824902 0.762694542996918
0.12104578785921 0.878997670914367 0.734393086264287 1.60577048192833 0.65165411120111
0.0455954433684784 0.659572766813946 0.79017665690937 1.32065628758371 0.389713180633908
0.0886467892293854 0.231377133338696 1.31542339364059 1.27570321704016 0.27262948077241
0.0813099922455105 0.487860429956975 0.876876308948056 1.30320241397065 0.5623494154434
0.0604597967728565 0.351055052833154 1.14340969422263 1.45912058950475 0.472968562549003
0.520613952127803 0.981028343217612 0.71450934723682 1.57585058243802 0.889793894326992
0.0565072917069127 0.567499227388479 0.834043388357689 1.37089725128142 0.262049710216831
0.068051271527981 0.429230223084988 0.975321260300994 1.44708119831991 0.223708619449527
0.0642217867746958 0.368865196062535 1.18476506203232 1.52159863492428 0.353568060284009
0.0971094996033178 0.610722444345076 0.718153106284126 1.28963407508836 0.323194778607995
0.0642907288053252 0.819387631479699 0.565231048288257 1.45866052165563 0.534694890344173
0.0477244525785172 0.768492896279087 0.698590597362694 1.50610976780197 0.545387111147958
0.0614413373868197 0.819390186407825 0.573793326475571 1.24185612535691 0.437605819464919
0.069944975615145 0.961782450230575 0.522138109161253 1.60152189136773 0.606818137406569
0.17384726785759 0.394600003258032 0.918961333962009 1.23848220728516 0.26917720132892
0.192980855336421 0.175117802343229 1.4760613587606 1.56673323168128 0.352326903137998
0.224995953004144 0.205875715074014 1.14575004039077 1.48002943387424 0.286694668391313
0.0730875943635657 0.698788220337122 0.656815472912318 1.24708873756436 0.441686114692154
0.0610366506737603 0.346513801478543 1.15619788167713 1.45817711948682 0.443728271323283
0.598692408759138 0.0842977653785857 1.64035317687467 1.74391497625925 -0.0488156813583667
0.0496003622338757 0.722346735011312 0.702561012316206 1.41161011474989 0.378290782387131
0.213662304150137 0.546413973457212 1.15191931563166 1.94249903363369 0.757266936220279
0.557044807721463 0.566322908083107 1.18797077334884 1.69413998134887 0.732994794232264
0.107193428294385 0.937245896996112 0.646071297105056 1.60540218019911 0.656519962911221
0.161724956614971 0.0761026243118668 1.45611346100951 1.42428996142629 0.00697632710813779
0.160893584359508 0.102335457439217 1.35896018249135 1.50608656302132 0.164160257270991
0.55718550592904 0.957016149346433 0.253366872078088 1.08604223278795 0.349620135369076
0.0541122373793546 0.474324396758722 0.960213029568209 1.41671625585678 0.517153785158088
0.0459357281514018 0.589204804053329 0.92391638478195 1.49910102382192 0.419183265630593
0.219362952763567 0.0224936886426554 1.47712744488229 1.51800535574442 -0.10387751320692
0.29702399542481 0.652207370988197 1.06069901850036 1.79747647287504 0.569831266152002
0.144058554238292 0.386485922800967 1.27858955569549 1.57051586966965 0.365743367156913
0.206626425243124 0.134083860000979 1.26179487590575 1.38594315753064 0.061029386108551
0.112748217810107 0.506971649134673 0.820800121884818 1.18383527246338 0.413291962907775
0.123330333110129 0.726247850556758 0.916995468071834 1.71210097305621 0.809084909306194
0.0592025314697969 0.37071407986069 1.15435782410583 1.42837916167879 0.615967929689141
0.142963735182559 0.513560733361367 0.792970554205418 1.23394770014079 0.28607365479934
0.139417833962046 0.121100875188347 1.35479907823425 1.50619436595692 0.128025480190915
0.226436186269702 0.0117914463719145 1.52291819476549 1.5051767521452 -0.094411205600407
0.096157990316255 0.214367782723028 1.25267734332575 1.56578002726596 0.367490994651955
0.0573208714449771 0.808820246000497 0.722672617085141 1.59607523109553 0.559563478550685
0.0849799633354951 0.989720414213908 0.531715340132341 1.67280243962373 0.580312590619144
0.19099381647957 0.619904560498677 0.653375741062716 1.31288538789658 0.359786088564737
0.0757883907736013 0.453565432778741 1.14981284047884 1.47177361330565 0.310215357724603
0.0461128987410495 0.677429117805993 0.768239194485322 1.43503145808222 0.335989750929125
0.213052774215391 0.169324678288217 1.20402427460646 1.41113658430326 -0.00499716890203067
0.16800544875386 0.0679966097161078 1.45924456952045 1.47482818923876 0.0855024532619966
0.111524123012505 0.592525626893021 0.725197212005219 1.21677718610327 0.384737169635726
0.0805914856619794 0.918123376897783 0.45379407933425 1.25787007354252 0.487819024707811
0.243847907469073 0.0973042054950707 1.30199320817736 1.32789097815323 0.166991028488572
0.0930825713441793 0.34799459716778 1.26518270053815 1.72657499669239 0.450628638294342
0.0982731625658173 0.19365333838911 1.33978135048118 1.51069190484431 0.334451509430797
0.462477831825445 0.97504741702817 0.714856671176639 1.5805371937968 0.65687663926002
0.0585885605361443 0.410755469014805 1.03297162435953 1.43227615049805 0.523616007318986
0.064321638696239 0.86463733559975 0.668926386973876 1.57222110698808 0.435650655563958
0.0463427112068127 0.644990988732303 0.797090114626399 1.40723958064531 0.344236989687524
0.084054277024517 0.632841726102588 0.984020924347465 1.62333799362608 0.522650169951918
0.0944827564562357 0.315029879339086 1.29175479629871 1.53248756151051 0.39467672077422
0.569334383151508 0.554060847749253 1.20204474578567 1.81590413975282 0.622345885480031
0.04448068570481 0.657132698289061 0.829704792647582 1.55692946504612 0.761417350407457
0.261881219924324 0.727893860630279 0.519467817136907 1.21088749983742 0.503300112787369
0.0931478532187604 0.912085566969919 0.436853722062944 1.47372833910306 0.544800980738447
0.0492167377406667 0.725385382434577 0.702467320990729 1.32726227807494 0.45124798216356
0.0471831117848384 0.73511972668463 0.763038956242929 1.61083719880436 0.538044802656068
0.0747487976879663 0.33736467702455 1.23748838442543 1.45507742148747 0.521036049092199
0.367724904213569 0.726829608694119 0.991225752020199 1.61505197840701 0.714605245432985
0.0730963648104956 0.439122317106796 1.15745334455158 1.74136262577504 0.617317908621052
0.0685465397523087 0.553364603415989 0.820852261429778 1.5033479843344 0.559784702210799
0.121734000502492 0.140249875425952 1.35799275199998 1.44255123225619 -0.0125546007945454
0.0481795828262737 0.707618736396085 0.809975790766767 1.44251697397853 0.55272773154256
0.0619149117071472 0.685951805496998 0.692198129856656 1.40090701794836 0.446765928682336
0.2948442803657 0.991668566824927 0.263571668773315 1.1093992381199 0.317148137918419
0.116981499670414 0.906778484161659 0.414437913409193 1.30244115340061 0.416676206897268
0.0537437690721801 0.777683249200016 0.635867013522917 1.59896634661728 0.458163883793806
0.070352945356642 0.887844274031341 0.653266474768742 1.51420062745087 0.629177469827715
0.0587693240046068 0.540383612515911 1.03208918379137 1.59381108772702 0.659534720191054
0.565702537194285 0.362981086909033 0.880348579873008 1.15932998812354 0.325348325807959
0.0994382561207769 0.602016152430874 1.03352613134877 1.45723173037142 0.432315414312275
0.229933751257369 0.468520727313308 1.23604697599413 1.50836078995259 0.801179881075631
0.105730582227368 0.762610139400953 0.86168536471441 1.61232376359292 0.720785884272103
0.0524706771510586 0.433403036036192 1.08373109038203 1.46736405661346 0.383886193454302
0.0841937594266637 0.412035483853804 0.967567642213827 1.376601882527 0.478240993629562
0.0521137708068707 0.818933392757329 0.622662589878781 1.49109533083312 0.518290166851827
0.0471079619457657 0.56327996208304 0.884213849788271 1.48247040681093 0.584619511845829
0.0758570212017473 0.590527755485332 1.01724334167322 1.67670486213283 0.65711727856448
0.0766328363209009 0.995967138550749 0.481754758064813 1.3315072504344 0.572556564105191
0.0659832971796414 0.471323840829831 1.11414121703395 1.46347657745096 0.451412054291839
0.0692295370191271 0.300052434228665 1.22001693923375 1.47201537010047 0.284041019753871
0.114261564541404 0.950466173464515 0.635607613652383 1.62219700797446 0.678892732639104
0.0521036134387263 0.791435105383409 0.720931015946766 1.50132894635813 0.551710144532344
0.0797585916228405 0.897752796355732 0.469775396290918 1.42188443198984 0.381773204478305
0.0447459060860278 0.6724983723226 0.793350665865208 1.44571564351204 0.52974802065421
0.0840685135127495 0.956850624287555 0.422164491965117 1.41546282036569 0.364332851687331
0.094568805250761 0.20053751842745 1.30807582745797 1.6164862153979 0.196463399324191
0.082977120995149 0.763671713375042 0.578761820266166 1.34472194409793 0.349270888104413
0.883844981789887 0.428230215081279 0.779775394696418 1.26554637377092 0.453997472617944
0.0663727266030689 0.541752897441557 0.838704700965264 1.40096597235408 0.569567510063243
0.0525162132452482 0.73353695616092 0.677656514066083 1.42331881343303 0.450593773700245
0.122768581661953 0.394794264821219 0.948697181202523 1.31589714478123 0.271299305060851
0.0619455358903774 0.670490870793102 0.905288842617867 1.53710385662682 0.611214629926873
0.118938367569157 0.268411748267415 1.35571744545522 1.72762732293332 0.30511703655992
0.0918474692117077 0.463614875244314 1.16364413744532 1.78566271112316 0.298711341397811
0.134177392604326 0.513009823573231 1.15124944111794 1.65452982686972 0.761326598373844
0.0822890644880296 0.276598358114338 1.17171049017954 1.46283325492183 0.188590864734189
0.199287595081784 0.828174902245374 0.439271751214403 1.12985596039312 0.209699002743663
0.389104273297609 0.412500386901903 1.32513142332918 1.78427792764897 0.629225323511184
0.0477313965389061 0.497234979893202 0.977072061200131 1.68619026585386 0.424046095969127
0.051466764490728 0.824701147520434 0.651364424091537 1.42520412928271 0.483373182109942
0.592980062558233 0.264571766515077 0.999310713213566 1.11390696102931 0.302271081697237
0.0622597957424052 0.435937716647579 1.13346448799281 1.45450849971119 0.415265786470151
0.0464889679053538 0.528629990995713 0.941049922777648 1.4539965451676 0.477626116383459
0.0613339333355937 0.790126997127807 0.761288843168055 1.46661479948703 0.622445005371972
0.267788493255406 0.63335607314928 1.07470748911971 1.65133690402587 0.674181752570085
0.104552087121809 0.537503637597539 0.792589059974404 1.07180719941451 0.371372800324598
0.047050032764705 0.737344442117317 0.757730345278265 1.56307902080395 0.737823675944416
0.090000531598877 0.373386755965842 1.01026962819273 1.39057788349411 0.190939936651441
0.145702714529955 0.387669562245747 0.942142783153476 1.24956643554262 0.352413625045171
0.0755048522994478 0.452586452065128 1.15018241301822 1.80996207291836 0.570366775725601
0.0467689409188162 0.511142856231952 0.972151098885387 1.48419737955314 0.492597086553044
2.92151373154017 0.682402416530056 1.13794189359613 1.89406905143387 0.665761461428844
0.0626553574925142 0.339354762724735 1.17859187818521 1.77692549601715 0.209216310028694
0.138830561811368 0.161510807111141 1.27189102819314 1.59234489387063 0.177405133021194
0.0676639294299836 0.801184241465619 0.763392222091981 1.50726907043523 0.506324719198808
0.185404971183077 0.0630017346368674 1.5087761370188 1.61238163786293 0.0323933983439037
0.0609666806687054 0.901748265686014 0.590679414453556 1.5424439543309 0.563899856747112
0.105796937301665 0.517254306906227 0.814746644675434 1.36356215816613 0.439968791480061
0.268632955685506 0.294228226607195 1.01267225376293 1.28106681252214 0.160156508453682
0.155060458211828 0.0926255296383464 1.46430320145174 1.65255823522197 0.255890765272425
0.0544409078229754 0.852176445119272 0.633731281225746 1.43139892832065 0.459485459473649
0.0783821757379125 0.26810877810851 1.20457754194786 1.38383737060897 0.385214301876546
0.062017939096083 0.785752164127147 0.768835805770672 1.58564011458313 0.565882530873398
0.0545592885581692 0.669380826038647 0.885398471486613 1.65891287262441 0.699270017801272
0.0463537909708101 0.541282804424928 0.966668687501808 1.54005863460807 0.475568461582718
0.0467141421210123 0.743467587146863 0.718452418933306 1.59580159644439 0.372801982386987
0.0458201502662843 0.571355365738394 0.886876614986153 1.43462969875178 0.353163666379603
0.0491938932901287 0.705936846361885 0.719225168753537 1.32824989033449 0.558093058090096
0.244428548351677 0.0530072291575518 1.37933368564467 1.42315604194965 0.00784920664639531
0.0729610165466697 0.904005251967154 0.636545728392856 1.61035296495278 0.614297473176968
0.0500585733369552 0.575066065011577 0.85081636170132 1.61859385655331 0.393675829931263
0.0550596876836074 0.708214932042947 0.842397715012599 1.54880227077113 0.561115374362458
0.0560591379818266 0.836237146130208 0.58524108161681 1.17452353364046 0.503972664405296
0.152691364144749 0.608683451494793 1.0626020049083 1.66003783288608 0.692826460049844
0.287798162855075 0.811556115601182 0.43021443046293 1.19162220150391 0.266840936275071
0.0545936062926723 0.445832272420824 1.09483246457667 1.60958751601758 0.529631206330709
0.0733949112186686 0.765087054848131 0.592443355276218 1.46168645553446 0.492448241773054
0.32756873657955 0.164124756411644 1.17300996743153 1.39873140361046 0.0984285609996821
0.198276436868684 0.805722986044857 0.461129043147513 1.30569011764287 0.265444905124643
0.08993454857993 0.438499850009337 0.925936708559727 1.36120547763175 0.425068929087217
0.0456860458029214 0.615252035267561 0.835008841768128 1.61047148080928 0.498902184318519
0.0856702555659729 0.782108265678907 0.817248855235094 1.69924568063629 0.640152649714872
0.046121766646113 0.620773843282191 0.894764153165315 1.52938738585397 0.689556328630229
0.209173277821383 0.0649363484985423 1.38248383734428 1.48832859166799 0.127966926930767
0.0825432152250414 0.332441913610207 1.25879958006871 1.587404486034 0.418153746952386
0.0535995483721535 0.802948540834664 0.618956839315212 1.24017029852433 0.273971500631265
0.0486000976770081 0.491030018863435 0.974925750223167 1.44998761374626 0.667633409535755
0.081222702262748 0.75344054253983 0.590924791944918 1.37826907837218 0.374836820583405
0.0517325250020828 0.440662877970401 1.03124851901719 1.69409484770392 0.410355074979217
0.141222437381246 0.552111464484193 0.750208307489146 1.5060450975334 0.485323669557096
0.0843778924484986 0.823257217392717 0.5224875345413 1.42092083594802 0.346651579020141
0.0530345934185591 0.421083726134127 1.08996331796432 1.48612487251482 0.481188656927387
1.18653141941224 0.371469137941693 1.42539625540046 1.97640272076351 0.292520509826517
0.0678933179533059 0.664623654752972 0.700862856972251 1.3484137024358 0.46083106254968
0.844577328052972 0.45096951683017 0.755742986630209 1.38244999244074 0.339229804403797
0.0712965284607711 0.74152389491408 0.843317915113977 1.51469353981747 0.73644397122407
0.200889046245773 0.986923691688344 0.641758162067751 1.67399851411633 0.658759167061421
0.0499542504216314 0.454274300444757 1.04068182917518 1.46082602720305 0.592088772332237
0.114392217994094 0.392614280877087 1.25132885551099 1.71116113118836 0.440064204461025
0.0500888245390307 0.807478326546371 0.657589243744747 1.47941680658253 0.435031694806179
0.115051065386402 0.879227364668677 0.439461518059069 1.34611873823735 0.317229991388802
0.0450011966511356 0.65922596203534 0.838919855017609 1.57760944769418 0.582989122415409
0.0837332732045662 0.649675980883748 0.96546116622696 1.7152725925002 0.723991610162674
0.345743898113998 0.0389289341990741 1.35921384928124 1.34545247763968 -0.0092836537219145
0.11432639042038 0.694940928933852 0.945564711436387 1.62079594523241 0.658898063162613
0.196101336237062 0.346483434600866 0.969581072017278 1.3128257211205 0.492890573004349
0.068240747894774 0.94500675886336 0.54977831433641 1.61864866167625 0.529274470324866
0.0680665142481851 0.364690236399436 1.0678854152232 1.39651648238401 0.257238677842132
0.0479434456273932 0.599719312620906 0.834336116742333 1.31082813076729 0.659377559492399
0.116004057032657 0.951165938286714 0.636384314567698 1.48947375350523 0.489151064390774
0.295696326167108 0.641169835170751 0.602120836848671 1.25068525003168 0.429823652588005
0.0529592635216479 0.418509162443041 1.06676640448252 1.44893742579242 0.517840169671057
0.0544714342395146 0.476592500467796 1.07265189280665 1.53364441750902 0.467996768562618
0.95201848279162 0.197701213142091 1.57753460761111 1.97816444571237 0.380009529283981
0.112309063101674 0.351478875864799 1.28488073689907 1.68816448271325 0.500434004664426
0.0909520464875327 0.43240214761098 1.19119202096425 1.62848719998384 0.640807703499827
0.0711771303438396 0.58722164386386 0.777730786553223 1.26300044506507 0.447140750321534
0.0540486087798167 0.439776574567192 1.09499209967036 1.2984109924881 0.626727502581921
0.0495121356067976 0.527155292846652 0.913644901058418 1.64090742218032 0.68239764481891
0.0531010644063652 0.746915203425288 0.787237294222487 1.65258409124101 0.473433445037987
0.064445187045649 0.376265062410351 1.18171509296636 1.60932323444998 0.44741909512386
0.21291808947761 0.255944391486543 1.42541830657322 1.72656024661666 0.434029170893397
0.048636020196966 0.739678971140985 0.695610925803967 1.56824768734022 0.510846938560289
0.512069614810221 0.18539297713502 1.1115463390177 1.32563156723594 0.0343007359309241
0.0659877311490599 0.87082544744545 0.522532022323484 1.50055474290604 0.614417717118718
0.0484393668259866 0.770790990072289 0.68061266733137 1.4571583824635 0.470358830831523
0.151616168290125 0.0927756264839442 1.45298441781588 1.44244213827473 0.116807572331354
0.0514048437090937 0.522902678200625 0.908332492323116 1.33509573749559 0.453164726868314
0.146587494403826 0.167844306480513 1.25193789175534 1.18777680963373 0.134865115491221
0.0661968839866271 0.943559885047786 0.497843270642858 1.50347375429127 0.478403688866479
0.286499239469497 0.039739278341212 1.5951494468702 1.50187096396233 0.184673998227768
0.0753658058372401 0.990720045980979 0.486540872614372 1.38133520166185 0.449752585869464
0.0730097996181683 0.342928609979208 1.22935199853895 1.71316654738502 0.485746806781245
0.0630600317475633 0.568648649530508 0.814993682113183 1.31710202118461 0.512561737027411
0.0778440852163381 0.721236708628912 0.877626058196195 1.46400144070467 0.615730310683664
0.729230422207989 0.26804298060358 1.49912252278782 1.70770014677484 0.260193174618996
1.53426766450968 0.789749641185257 0.991866937807935 1.53062820997393 0.612644343499891
0.0517560635959146 0.574491652446181 0.843474652237441 1.34113486101893 0.422628275254219
1.41034799640307 0.913414434355628 0.246279552538939 1.2215056079039 0.217861174509607
0.0448991781861202 0.609141233834422 0.891993992644029 1.43674577556647 0.639348777667826
0.230601532686336 0.0461298137826169 1.55857628052575 1.59249840228274 0.25392233004418
0.0715740697907313 0.964582046713266 0.527286721603507 1.53415912100533 0.232724343002935
0.137181732498304 0.865943700334914 0.434369705710471 1.14535094794171 0.35813856323949
0.139468315044735 0.880193020147896 0.745938250333574 1.67690718769232 0.739071579121158
0.0455476494118986 0.705947895505227 0.755196954388741 1.48275202307754 0.629343095440896
0.0543110134675451 0.778663758115438 0.632426215308635 1.54570104566973 0.410015976996716
0.0529660838482643 0.842166255988603 0.615221197379698 1.28342986153609 0.440532515460451
0.0533313174467638 0.801689480140361 0.621353443624759 1.35834823490126 0.524696115853767
0.0583298949862393 0.36898807884966 1.14189422946166 1.41498731919794 0.543738215534276
0.0913585288601085 0.893429828506398 0.68519989234561 1.54588608771538 0.622623386567181
0.0458176219648629 0.724062805551771 0.746837092042254 1.45983561738573 0.506610836627516
0.205167447892953 0.435219223012594 1.2607986858654 1.6271353187565 0.561377693127659
0.345316297399238 0.665523009701606 0.567075885142521 1.24953138579246 0.466302284453793
0.0474782649432617 0.763350724261079 0.713193365522314 1.54127323382555 0.415864489327085
0.0642720023612665 0.619213820729874 0.756181138331048 1.36960778684292 0.428702229800812
0.0705933098663802 0.9512182871814 0.467597589984026 1.60273120119941 0.388590005565149
0.0451666708250675 0.581406492383846 0.920486046052244 1.56027651264514 0.464804012593843
0.0569258913199804 0.805392988691075 0.725802707612648 1.64636058445422 0.59563466866217
0.0451765716238008 0.557798952804972 0.932488205141841 1.39253592247879 0.616931854382081
0.052980091981145 0.75638337818314 0.774433457411212 1.38934259709541 0.530244393516877
0.0451906297305253 0.559918481760221 0.933328010950759 1.45948953638155 0.540223028856165
0.0813477849678771 0.257123289407623 1.28672901590195 1.46683374760002 0.381411486425213
1.86313932908556 0.662597982737602 1.1411342257467 1.9190156493619 0.645419067093616
0.0858647895202967 0.296332272315221 1.28820353975896 1.33699721448616 0.317983566269691
0.0490321905694821 0.774267560311381 0.721593594324966 1.55406486582843 0.498548347096672
0.0718119405766538 0.572126249941458 0.79350952782118 1.41570932673265 0.297251621580754
0.0574799810183771 0.692027959300433 0.698192985903421 1.45855290735966 0.443917120588952
0.0732660007229855 0.906213100510282 0.478643807331045 1.46264960521458 0.403882106274594
0.782924595555371 0.528854244540971 1.24473297333836 1.73670994115878 0.746109467644604
0.0967398369769276 0.66411208761653 0.9643019149149 1.48269538077961 0.766762064785758
0.181261013368911 0.367643817339108 1.31514322397932 1.45691177281088 0.616173778283894
0.166679325285881 0.731063675132228 0.935313058773485 1.71422550773651 0.575207198809121
0.0502669795569644 0.790905290464377 0.650989469754039 1.37138918448469 0.465061603628131
0.0584568444948929 0.368386678932978 1.14359669613747 1.39009424317552 0.588649372293464
0.05994665192923 0.894924312619559 0.596761256007492 1.7444581573526 0.480631227694459
0.198883430218035 0.526468710434384 1.16750271275514 1.79276614288749 0.734892665026001
0.0819742364582263 0.249495034191486 1.23112742219589 1.41844821618594 0.167349454505822
0.253255994708883 0.444213655762195 1.26667202131121 1.7532748300781 0.43804799887979
0.0609624480615446 0.519096361319441 0.878508746782215 1.27457399053017 0.301528256705955
0.0757705727400011 0.32427440744027 1.24774764669916 1.62736350344871 0.272787021428722
0.250444085998204 0.0273671864373458 1.42666096392259 1.47290047706651 0.0918869902359566
0.0949750917976245 0.752925048009127 0.574424660951198 1.28174056623072 0.205662787994205
0.0485080111254977 0.54114948421534 0.987530605954221 1.46814697787508 0.520305589641809
0.428855981607332 0.0133338746418193 1.65552488100019 1.53690179392889 0.0220021958026559
0.0504869487071214 0.507651312334283 1.02747307401492 1.54246409900457 0.580475152415011
0.0548678199728332 0.502944021682342 1.05293025531095 1.59854330014849 0.594610708061428
0.0835576196461426 0.929016269421667 0.440509579595784 1.23247533467749 0.457339683964858
0.0637502485830558 0.529398314644812 0.859107153128844 1.28243346345344 0.544924457532844
0.229975065934832 0.564914988495853 0.700744842555401 1.28629396204531 0.428878883893425
0.0742612368827701 0.342117466401894 1.08476066253782 1.41898182875201 0.324735298182573
0.0546023190167425 0.830868313918112 0.597168853697693 1.50785817820261 0.462288674114528
0.162945243029932 0.669577446285319 0.612173342504245 0.993550473478446 0.331160047032489
0.0627842900202981 0.911008214909591 0.518059014206808 1.4497635368332 0.496189949939383
0.0496446246620981 0.742459149013556 0.7743390651345 1.55354444541045 0.417184893897296
0.362188316884966 0.252139401393314 1.46966213901937 1.70552808746188 0.400638808812878
0.0725520325493944 0.978721489288031 0.496603128461141 1.42185528298407 0.39322086614473
0.062384800013326 0.355531797989609 1.17998951006448 1.63853739846664 0.630071706837124
0.163393698634929 0.145005280690336 1.27462148530209 1.27484396609016 0.252031857673632
0.0570417778716006 0.821353677296662 0.589183212162056 1.47840654826191 0.377807293499611
0.0821792136576932 0.241119893070071 1.26104063682409 1.37530316084759 0.355371676645782
0.0657985454955941 0.822504716106753 0.73139047987924 1.55311004559011 0.488401014981855
0.0856943103425863 0.53038851261695 1.09181452041815 1.68789159601122 0.487563728439619
0.0650096878108681 0.331132990100009 1.1427995318704 1.42291653569469 0.411931125589167
0.158890231097096 0.524620786834776 0.772080498703473 1.30336238735418 0.474476763898195
0.0919526198503934 0.751204305955445 0.579425401672392 1.44103114731763 0.46571954059134
0.0533190429508787 0.734926553117008 0.67289745691771 1.36774696715513 0.604661567451391
0.107202959544962 0.758389690233831 0.867868626577423 1.65822237421362 0.68439116356357
0.0524889286361722 0.704434315684621 0.837005588522249 1.75665720165159 0.600737699791194
2.66312273615645 0.247775660956446 0.944454707049008 1.31008311730986 0.205905330282761
0.101002293480348 0.936271904299568 0.408067515361743 1.24663202230655 0.383229245756586
0.0746418691076562 0.818311043299975 0.755909744828025 1.44266930713222 0.562224089028482
0.125857835798561 0.172006096864595 1.27103646486879 1.4747978874786 0.141984194143054
0.0513945056618579 0.755816293646111 0.767044596239216 1.49257172316484 0.615089376886961
0.10878409761531 0.425957500866682 1.21615785027297 1.77772162416947 0.551472213451965
0.0481610764312683 0.760716592892525 0.687831127661547 1.3899064637767 0.33052885148914
0.0459574349161612 0.599025607345395 0.85085356473618 1.52108736843462 0.307495776594608
0.169244928468167 0.413338570383869 0.898127595206416 1.20068832567323 0.519380906328521
0.094703510027673 0.452809088032593 1.17701809949006 1.60856374316011 0.520069193384883
0.0568436530529732 0.788978265196532 0.747782220946915 1.59086958750447 0.698181521163762
0.0867467102264735 0.249617829549167 1.30893954560655 1.79499933046696 0.448795449180115
0.0668748835002728 0.324920546611069 1.21159255200397 1.50802592451108 0.307420505064866
0.179154678329337 0.973078053938039 0.318843268989169 1.24921878776621 0.268254345686951
0.0726534503489411 0.4286125396533 0.965966668628319 1.28892302077397 0.399170311726311
0.300856332894945 0.188523617151685 1.1455618802171 1.36369389127635 0.149868091938978
0.0764484289708938 0.273460333283526 1.20281178449976 1.46578055921013 0.533764179216692
0.0986444966755172 0.236060818848109 1.2034295197964 1.56721101637406 0.275785050174324
0.245184250413463 0.012179048276255 1.46805228323696 1.45086059847403 0.0987043245377213
0.0704407947235225 0.847001466406348 0.527873461047967 1.42247906238069 0.421709272186549
