0.775530054881195 0.551057836720719 2.47018328112989 3.03615769358366 1.54494652262637
0.325360939816846 0.311406436565201 1.60766702384749 1.78687718493062 0.494243082489348
0.27006085679743 0.355852790684308 1.61885414082039 2.14005310792573 0.541361974042798
0.413127172708649 0.209866014789374 1.83319683468735 1.85874076331971 0.57059508528384
0.306160513480345 0.542442685789533 1.21332258426859 1.69702668551852 0.470999622780227
0.441364659382804 0.655805803212499 0.983523176088632 1.65045126084548 0.55185661238096
0.449113122077762 0.684637572139564 0.957075780667985 1.54181754924766 0.753161162917945
0.169381591527173 0.664038982672199 1.38545130593076 2.06808456984887 1.07204817806884
0.153626468322388 0.579690685569747 1.72159627993575 2.12047935620681 1.02701955178267
0.202879445272711 0.590809798196015 1.34517590670704 1.9997675300613 0.823178730126088
0.301564846541919 0.752995806990609 2.15365936227815 2.86066302350133 1.69432698807971
1.29803824951539 0.00605947910549326 1.82734784492631 1.87243960661203 -0.0492284651190495
0.333685291248649 0.300613905801292 1.62283525641319 2.12608832360499 0.361752707715235
0.157775983398518 0.737429937834247 1.81701243087778 2.67824842079988 1.44901139872507
0.301897073540829 0.68789779558294 1.08071444480057 1.83612610355613 0.664019694865607
0.15155547907101 0.815477710036695 1.66038754937809 2.71990964265817 1.41692980395232
0.421279663209241 0.513716408526394 2.30884158430326 2.85194968437108 1.37300469948116
0.203922509298616 0.570596969745299 2.02289995418834 2.32361709058088 0.932330091878156
0.369696836304301 0.502251812341082 1.19422691832247 1.75047426490036 0.679377949076099
0.29460852178105 0.884136158482657 1.02038334399242 1.80892573698531 0.818878036853344
0.304198376133687 0.430768875479287 1.3768761758314 1.87597151826772 0.505906989797458
0.360978973189815 0.249399425345287 1.98872368332119 2.16938095678575 0.474597354838572
0.325766775791858 0.359234200816745 2.14126945128071 2.55152355968758 0.811300451422703
0.224682771230106 0.598465816315116 1.28191866724824 2.03098687666629 0.536975506324487
0.174776520367261 0.874000064280133 1.33294129903362 2.16745113636701 1.23444332031491
0.26429064830002 0.535787930594005 2.14420584113136 2.66478545230943 1.12910926904502
0.435802800667723 0.80709308856051 2.24032242789385 3.01097853589857 1.70504207480824
0.153425336423795 0.60781210980769 1.56836463544325 2.21511668889874 1.0681880448507
0.954796937851245 0.801141227882409 2.43882458860994 3.24241891561381 2.08691855618613
0.462319957315558 0.533852020617836 2.33770795599459 2.93729687578748 1.34353275712018
0.188977534272664 0.862169650906388 1.83356994581324 2.64823818968647 1.82240644292148
0.199273324390488 0.646745594050112 2.01356666808493 2.7475734035735 1.23255398903575
0.627830854572758 0.6035673996567 0.932881775253027 1.66005072781936 0.527030002551916
0.20795153475 0.435871740372733 1.91747277463936 2.34103964218117 0.846686146714437
0.313484704906514 0.560942804800522 2.21393015376604 2.69050764205952 1.17338331920855
0.225709752049896 0.863426826512072 1.94350716143644 2.5016987412872 1.72705136414094
0.328041735315544 0.884804330733457 2.08556296061385 2.86167955576907 1.95857830327616
0.144917452729942 0.781347541156689 1.59208380883512 2.39720791948029 1.43139537361348
0.346286093800244 0.484256228025715 2.238793433748 2.87720453670141 1.07020534139524
0.279527251310725 0.970072504017427 1.07495850809344 1.97730947826927 1.10441062075914
0.152090421032085 0.719032793828781 1.78759809645308 2.62391886688865 1.46316926642628
0.232546574001957 0.394016114420979 1.94938690337973 2.41008557413583 0.731881599354164
0.287682378140481 0.899060808522681 2.01814701239455 3.08628500814822 1.9127555092119
0.151871325652681 0.741005885325031 1.77129374572305 2.44969881414966 1.48365690304383
0.151507079723498 0.62702906557439 1.55182378431866 2.12493153157619 0.934604282569465
0.150680693320169 0.71990574715524 1.77518830107755 2.32821516358285 1.35252037595592
0.358865101939784 0.67719529465103 2.24279350308044 3.02533990130278 1.45080347308534
0.166803936643587 0.783005983678846 1.33761409819326 2.21324338692919 1.17406992025334
0.407724154088719 0.782896528247931 2.23532463902424 3.0664594957927 1.7961656384861
0.164163713565681 0.706371814894492 1.37758577147468 2.09022472063497 1.00762138301867
0.144080409612853 0.769521551112018 1.6094402416925 2.30899482298889 1.30157919857439
0.175707522470998 0.927573309247628 1.45781731724836 2.30249493293702 1.49583883442112
0.247832343392647 0.754858847120918 2.07680952586909 2.88575573163348 1.50543619212723
0.161984211217798 0.810280552079485 1.7700398998967 2.50428869022413 1.3952584571459
0.166624645133109 0.531322185750176 1.8047311965171 2.41560144514001 0.990440851801387
0.256649753158329 0.904664935973811 1.08568992139021 1.8838232102759 0.964406226164766
0.153582400580124 0.601974927546308 1.78002157091343 2.37015835214622 0.982487837327266
0.159214991676688 0.559499726167555 1.63064643666603 2.16311219508903 0.964725663569038
0.693042552871042 0.817406468721706 2.35650914791457 3.22716161894358 2.02439251254423
0.385048557087839 0.359460129876339 2.21973033987176 2.6243267164399 0.926714981157208
0.237130156595049 0.513956021682946 1.36451927535306 1.93270649517822 0.794271812128936
0.155660993593093 0.840434888156351 1.65111335966244 2.59820834850754 1.48656837735256
0.153011724325345 0.603653527231272 1.58351327394092 2.22253258416276 1.0870287628244
1.36119489362163 0.483305234750556 2.59346918413398 3.10892359845262 1.15774291552776
0.165431123189616 0.530039907116099 1.78172102653978 2.16101463873998 0.946435546365281
4.24001524548047 0.288589429221432 2.78209693797007 3.14601747181328 1.00431923393734
0.152035281232185 0.827735344457389 1.63049356180263 2.37262418852075 1.42668962549528
0.171191453918589 0.632480330534604 1.40978772976523 1.91550184759973 0.980931060812075
0.172141248375065 0.674027937474931 1.36425222854549 1.88411152009146 0.979848471529458
0.192762513389988 0.585866395347848 1.38268363648009 1.86734081456509 0.822920343855608
0.340396003923575 0.259240304992423 1.94501549555663 2.15151626039698 0.276733795173053
0.461343788860589 0.684420220463365 2.31455037660325 3.13300408928799 1.59939447628147
0.357445632483436 0.398174427151632 1.36216661271113 1.8986678283793 0.647416765062836
0.192204746123636 0.827149326526077 1.23279901187923 2.050037667918 0.892775243018834
0.162007202875143 0.72873395957279 1.84747193145269 2.61230914342713 1.21910219290377
0.22662298230477 0.793783873673654 2.01115082140583 2.70779923567751 1.83646627860226
0.187754568588972 0.953659639872419 1.59015422043679 2.56659833783644 1.67544763687861
3.22824975226852 0.328087215432084 2.74197673946574 2.99271529562909 0.992927962953303
1.05269306212085 0.182195843699273 2.42981717222623 2.55799647392554 0.490331008347775
0.186915008232577 0.940111278244922 1.64666403405532 2.45405218413324 1.67317382621138
0.236539243848784 0.736747305886065 1.1469562601343 1.68866047904746 0.694623833712783
0.144962594657885 0.766479924720216 1.65311753311271 2.55205482845827 1.23354295267705
0.305083805007593 0.595162841791279 2.20375050987915 2.85477518251887 1.22451302516009
0.216454520109669 0.985617424872021 1.68206498760772 2.87725408798787 1.70523327906264
0.151631375335912 0.594576313431433 1.72877005346397 2.3249746452617 1.05586233697036
0.38332978436156 0.300518997463135 2.15771601026976 2.46029354833816 0.487247024887114
0.847012887396187 0.100800582554378 2.22465120485006 2.3661240264071 0.297177459408411
0.399649797489986 0.273249099356943 2.1403127399917 2.3495906118424 0.434374311813574
0.174051163213856 0.603089982394619 1.9239865041395 2.62391710999211 0.945769796755773
0.213560945156714 0.777436385312572 1.99397182317079 2.75331716449598 1.52119809564357
0.362608887432122 0.482634203588108 1.22675801990222 1.72648826405051 0.384844577588746
0.160007560348952 0.874878830696413 1.49976872453019 2.25575645168976 1.33024010291247
0.153518641237296 0.650004156423706 1.81120376331318 2.48782155025326 1.16654042917351
0.231966433651656 0.961934318440937 1.18236074575031 2.1678083576063 1.2204218875544
0.214514120262889 0.585886552119323 2.05348314103751 2.71743758556869 1.28768134940706
0.158263159314807 0.863862315031365 1.60287409529103 2.35731097229589 1.07320186110305
0.154444389976665 0.851029917209049 1.54911505196786 2.42280238146055 1.44457791200567
0.1617389297193 0.884116111866034 1.53291530514956 2.34294350617477 1.46632038827756
0.213348252661832 0.978711557894054 1.28466080151093 2.19846328279884 1.48117637912871
0.170019287396792 0.879535975935809 1.69668971697462 2.56744362331005 1.4694029747498
0.160023179534556 0.555870121077139 1.77851558668741 2.34923227336505 1.00318972647689
0.282282739738913 0.409350539474348 1.45468793808875 1.87821540764556 0.482219823159862
0.276628831607802 0.314551745570732 1.80152586933778 1.98473723712782 0.653217004461717
0.406318280721225 0.401400724234874 2.26627990253357 2.7637285101406 1.07243226497487
0.162301017907573 0.553627603660025 1.80491023586641 2.40182760358178 1.062595396115
0.385384256356381 0.233467933858501 1.76927035732537 1.93518364534486 0.34649206124098
0.180756536655099 0.63847032238668 1.95533443934467 2.46561842779225 1.18666191850568
0.164926541734842 0.533953742148149 1.78798911324432 2.28558347330833 1.03470791503523
0.16548177092787 0.854611379328371 1.71858617450689 2.60420777274675 1.5949706128101
0.259117437866984 0.334835030511722 1.7906444235238 2.02783700765518 0.547632373538064
0.691642618167068 0.113109277278589 1.79325460364537 1.85092048241203 0.157514011368245
0.206589699340151 0.742681055728434 1.99908940896735 2.70440412169807 1.6146510720498
0.229284234343029 0.488735978592365 1.42414698584754 1.75362330304986 0.68144394155319
0.161695985593504 0.842287100492616 1.71325337896602 2.57917645893758 1.5311213267062
0.162388547250978 0.538781069389679 1.75691644083449 2.29378444861368 1.0747418834437
0.185916619831644 0.482892056654404 1.87583956833166 2.26799753894973 0.906475879523446
0.172163094853136 0.602519463600776 1.91491411914889 2.65726329926509 1.2180244301286
0.453799937625264 0.930347206550741 0.868277941496714 1.82360573970145 0.853371479618199
0.165068396617615 0.786585018265917 1.81751205636635 2.63175419745783 1.30925886891401
3.25233473451191 0.965046202352039 0.424280230429077 1.30684484200362 0.281501229116298
0.232878832523626 0.445764229016204 1.49732296619991 1.80731944758697 0.531026600787376
0.173707698570696 0.509934471804661 1.62993032911032 2.27724644751862 0.769677604217742
0.205525346328516 0.569117291524789 1.36532845507207 1.92788348285281 0.781245146148218
2.07976638019812 0.0502064337006386 1.46867632624698 1.64771814513932 0.188664257114072
0.367361780441503 0.318416850921049 1.51200330308088 1.76677558183433 0.438251103240085
0.189729618616184 0.845500810838758 1.85925731869682 2.66935593116081 1.43678390733333
0.169915804931583 0.770173752930106 1.85757379036549 2.75087986064092 1.43092849193899
0.153216172098453 0.678103214024298 1.80987705223113 2.45049675402406 1.2297808705155
2.21728947899356 0.931124937978376 0.498109017665084 1.35193138538695 0.43203523634169
0.194472582987244 0.551389981605972 1.98659863217786 2.44538392018888 1.02564324844323
0.261810885615417 0.359843766598699 1.99212824743038 2.44009855935158 0.651142148019757
0.257307621280192 0.775444526865129 1.09359898841053 1.86589328550517 1.06193391551661
0.427752927926267 0.669047435644871 0.982444244610219 1.6065730724888 0.766835791091806
0.246644593278744 0.349851386330251 1.80310541794712 2.14399980864896 0.578947385565595
0.265963799659149 0.332492159120251 1.74017727403335 2.09363252507013 0.561271564601099
0.169108311286353 0.518688488005374 1.79916306640833 2.21779913734036 1.15653112754336
0.392461738478743 0.35567246787932 2.2248432958893 2.58972920396627 0.753901215533203
1.63133023767659 0.822621112101299 2.53448404937992 3.37830494207178 2.02876736953287
0.183952786495434 0.581699698554535 1.42045872877231 2.14180188510109 0.794771019710466
0.217599516697267 0.688082908043386 1.21563900185937 1.90763823137959 0.97648233787071
0.213352500483437 0.573137768780244 1.33883109491182 2.02897109209193 0.829788181875602
0.399341000134968 0.386939974160941 2.25229904552581 2.66583060649354 0.758354461762901
0.156031268683958 0.809606078843691 1.41677394878292 2.09315209186766 1.17112569363706
0.160755155653176 0.766788970155425 1.37289869195576 2.04481273564527 1.09298455187092
0.338681317480012 0.263966774606971 1.7692848570643 2.10587443778004 0.367094286905664
0.374902310750224 0.63905303286176 1.04620232408007 1.68303622627318 0.803935973569603
0.159617065015231 0.717492878330946 1.83997614047024 2.51154197947231 1.39478159203531
0.841518399343476 0.9720078547005 2.28008795808018 3.23288860386002 2.1182104135724
0.181189469913083 0.743902641164427 1.28512660130254 2.0690870889665 1.15685445286509
1.12920544862283 0.421642083176271 0.987719162364594 1.56402713197269 0.441033343902089
0.537426706613727 0.830779260790808 0.832957156020783 1.52228716250515 0.661073677044777
0.205117499684259 0.759514851360383 1.20568858108088 1.93591555494624 1.00202763572723
0.275496509115783 0.737919122660163 2.12805181550268 2.86690893057228 1.57109056659712
0.199059065731036 0.976092450028963 1.59355522901902 2.40814566454239 1.59542803081329
0.684881965016817 0.0993769714071568 1.96780634907257 2.03334284261362 0.301218538911675
0.575509957071876 0.246924703530466 1.46603682713708 1.62393853526725 0.508389901433273
0.250723164351518 0.561829348929016 1.27280662708993 1.74421911727102 0.638073179809286
0.785632519317151 0.702695770365335 0.803155015106523 1.61153170167019 0.552662551230169
0.706801363400013 0.0935556619493007 1.98515460879277 2.03791512808926 0.127257518453114
0.193185669660741 0.955823834223864 1.6373542563885 2.70010033332026 1.75638668308462
0.233511620229536 0.47799494912896 2.0600459048774 2.60398730375566 1.06401062734586
0.237033599472632 0.937260392077013 1.86790052359523 2.69127972556668 1.60473002412408
0.203674311872863 0.928435750620058 1.24615261084733 2.32668377272469 1.15079765813508
0.416196416583695 0.384492768523926 1.32461799781985 1.62207672825318 0.606890804392045
0.170734031004591 0.539678509207372 1.56645140549143 2.09569190257681 0.917173395566525
0.649044015970185 0.937778301863726 2.24694677842518 3.18775752622713 2.15372010485058
0.472880401004804 0.267121231367807 2.22001154314359 2.58878890279784 0.455504944608723
0.23573938812657 0.372922097424943 1.89674233475484 2.21281292981891 0.778182980976828
0.150982865088995 0.629494096013588 1.55343393015734 2.22972242268835 1.00007425756311
1.83702258321397 0.0774859198908764 2.49311911585283 2.45345129850974 0.247158437847195
0.227253912815782 0.409348593657624 1.95940621797577 2.47447523734051 0.866235141821762
0.585733991088557 0.154517705858098 2.1243129877074 2.2380621215534 0.298931296321456
0.979490660185769 0.961967678907613 0.661437026729981 1.44905258033228 0.720385406973323
0.161260713764539 0.871693334287403 1.45504980847654 2.28967654186494 1.3793275696089
0.232898321340193 0.422111432901375 1.55289347447196 1.95538758358114 0.678236380328878
0.165036692070185 0.895745083485031 1.50134973212143 2.46766615008633 1.18462840055397
0.185141282157226 0.724805123053235 1.9469217916398 2.72070553652503 1.37128475035796
0.682476554473103 0.79740503017948 2.36456794900586 3.36979347210683 1.84902992435441
0.355194850100246 0.723755935765792 1.00234243999449 1.63177569049488 0.753570260134474
0.169335299318839 0.531402201339709 1.83541684213444 2.20206591935403 0.885455391714466
0.146832431357515 0.793106107168412 1.52965753449844 2.35685096382162 1.27714588331165
0.697045176604485 0.244283269390174 1.39759154031819 1.57584079320121 0.310152200247558
0.174214145453567 0.899825269651145 1.37550889305361 2.3323595605912 1.12290653865172
0.163677848253065 0.831682759697916 1.37016177136005 2.06983524151392 1.17974345571097
0.608464633179512 0.227584981548137 2.2828358634075 2.6043956819267 0.276462007711212
0.354744191565843 0.543982289738169 2.25602727221353 2.90327263953813 1.21013821245248
0.167814229550046 0.547644631780004 1.56982056601316 2.07981243457965 0.805835475477162
0.295161988074721 0.615850691042773 1.1484729881103 1.65667567651422 0.732979428429587
0.936509720707323 0.869320003750978 0.685935558246276 1.60766523307355 0.370220713645219
0.22681525420427 0.812619392310098 1.9963985607185 2.76259763848428 1.50897471670137
1.09256424077328 0.954794831056426 2.35763606109943 3.34692103387524 2.23157949850011
0.145100620798152 0.774746779517576 1.63602782712563 2.17510348572755 1.02654577396124
0.150234443290867 0.779323900903431 1.71401727533148 2.56052947865819 1.51021672553188
0.247875318177704 0.646504100864799 1.18985938314945 1.81911246748627 0.786463095554929
8.3038107430513 0.104603949301012 2.83841775445378 2.99262317847445 0.369072100177156
0.259778801270032 0.401301077021245 2.05544654769787 2.63171425642484 0.660929766778289
0.320115684171582 0.307996431913369 2.05318960559593 2.1951402981111 0.473670330322938
0.580053788426174 0.140722450636818 2.05346865231506 2.08349626944888 0.465623435097633
0.154088967188755 0.849151934823539 1.54917635116129 2.27591921898988 1.39532478090085
0.226678468360469 0.409548846446931 1.61406864796084 2.11707420240333 0.65597843042924
0.194612076959709 0.967689625092529 1.39194124932989 2.34704214568554 1.36475970895188
0.251346180359433 0.561947024463847 1.27154443846558 1.82833509757067 0.647051175393424
0.30785534474327 0.89517504350835 1.00338384910814 1.98313816979856 1.11333169142008
0.427493678009997 0.900192868070644 0.886829268454084 1.74107838475666 0.908478269363936
0.217107554859151 0.808019307668919 1.16293511466077 1.98642395781411 0.826413258996077
0.190721747067176 0.831393728592599 1.87994067237497 2.64653834060491 1.46947531398139
0.188026626057199 0.538698227488213 1.95499929187821 2.30808698053822 1.07210923453348
0.310047141027478 0.282781054417489 1.80179355714772 2.21855192036325 0.474496831528176
0.57777709878021 0.986408889003385 0.801588854672099 1.64870501084974 0.714584176626922
0.643425070512998 0.158319406609189 2.19921540946303 2.46245782090865 0.352787529200741
0.165005636138485 0.856998582483285 1.70948036162754 2.54778726204459 1.59580149547324
0.164158628180451 0.583051922850009 1.85898322551208 2.25856871235356 1.16870569892855
0.236151572119727 0.389029063996547 1.640059440374 2.05808976874669 0.528980411288922
0.178017647937455 0.648951476231714 1.36317850135032 1.98503947888898 0.814472532577388
0.150515118735117 0.752956844019736 1.74863539729475 2.35906750138297 1.1943368869529
0.423136435033447 0.440192382489683 1.23171317233793 1.77416200342169 0.570964385889325
0.145128666801656 0.783870794724363 1.58080894599302 2.44136029908485 1.32068846921602
0.325709544422021 0.4140621557628 2.18559868406002 2.57592921514922 0.91198994602999
0.240534450755901 0.996631770964922 1.20316072433239 2.11271061472191 1.12456384647502
0.216207667822309 0.459488110802542 1.52190059474026 2.06538482540548 0.708329610104541
0.19245491652236 0.665546511440442 1.29838980666441 2.01101319942378 0.920340564319712
0.324535172818212 0.807984331417812 2.14589590821055 2.76624133319813 1.71971379796225
0.20163951575564 0.693781841342468 1.25044526054104 1.84493618766033 0.823531458494507
0.298330333480947 0.752818821798807 1.04610692003646 1.86874863006606 0.859334537852302
0.744049561925067 0.655128567597245 2.44310783015355 3.29012194073915 1.54311290581633
0.295583733213937 0.349431799549344 1.56633723708475 1.90465196555673 0.462853700221938
0.257943011791574 0.758981473304413 1.09933923259193 1.80212404388026 0.803244756839608
0.538214433964065 0.40544845448765 1.20368547120684 1.77118519457309 0.623498468790083
0.293224748906723 0.726582927904636 1.06637841117727 1.55423770717315 0.566690135093771
0.545653150189723 0.714016857365853 0.884570228803911 1.64579562080516 0.795690513599036
0.203040138949035 0.62620104346148 1.30501218691494 1.95816975746091 0.593848097392131
0.230131969568418 0.632026813432853 1.23603153599034 1.7207207942652 0.772398214880144
0.193393023137504 0.444585638866018 1.72187096649587 2.24146838741352 0.88676324228207
0.317212907918946 0.294471834969956 1.69186595174319 1.98968017100073 0.548356362805271
0.240193305049475 0.984500067506321 1.18524771227117 2.05946293629239 1.24290395200033
0.187435778496537 0.707034279185626 1.28323904823149 1.97678317990286 0.900050788807371
0.425345155148572 0.343831286323731 1.38917803402078 1.86284875851541 0.554537643721744
1.74043253816593 0.167189108506519 1.27153238772048 1.53136249609317 0.238524488716334
0.174163881462215 0.756233345078785 1.30805729342419 2.11869567411811 0.997756552662954
0.151737351866638 0.709658678200163 1.78929005627597 2.2623376625879 1.20984275069998
0.227403599245655 0.844868841665045 1.967529335087 2.83924347190984 1.61750697954803
0.263230473797095 0.611217552436379 1.19765763399408 1.94664162619584 0.688886892430297
0.301710473324028 0.722530895868912 2.16846409230974 2.71950442874122 1.40313426169488
1.00810944113748 0.0835636195318308 2.27914106648276 2.52279941161207 0.23495254951473
0.594242059924229 0.402246026184339 1.17828853849692 1.45519759667735 0.34094937122173
0.223707079582962 0.942792832935441 1.18820457344506 2.06428968826704 1.34055754351916
0.203855994461601 0.465832948344165 1.55756776347831 2.1679217595715 0.78941874005168
0.160840599600931 0.822618232543231 1.74297365778004 2.64689209919348 1.34522378861506
0.180795042219469 0.735763261726229 1.29014116532779 2.07060279380661 0.910102088774988
0.293598747518633 0.562842691570927 1.20566754018649 1.79410525287835 0.816581550519636
0.228120397363014 0.434945065548069 1.53736230592445 2.14567563045438 0.563157845267362
0.179489302681823 0.48331102722686 1.68060635474681 2.17016747647954 0.97561194988386
0.398618769411851 0.581409316974459 2.29279303808532 2.83822201265278 1.32898648172695
0.805437398029035 0.988330692485429 2.25216880977692 3.25678897032439 2.08005526988913
0.149345984228467 0.605722869203992 1.6922808758323 2.29384586503476 1.00469726679678
0.351399434144227 0.247165811877083 1.90265523346954 2.12430938751277 0.471258780425524
0.215863499279166 0.484786595919997 1.47003370959917 1.89921708698715 0.863125478137296
0.208351361693428 0.540499728574951 1.39781526437944 1.86467267600079 0.712618625198815
0.174515682493405 0.794067253566957 1.30015127382006 2.1454502025394 0.893988338782058
0.146508075175724 0.660508484262622 1.5604268160263 2.05238678356348 1.05965926360552
0.164790790699618 0.784644170451636 1.81799104315133 2.57735254092222 1.3478360535434
0.192265494623194 0.844618957875688 1.86960814248563 2.59080241265397 1.61820688624448
0.241656067091861 0.587720455375694 1.25935521961274 2.06212125931364 0.814675723146311
0.216392246092327 0.442366163063057 1.56319862466639 2.08815909028275 0.859876726828292
0.188818711011444 0.465179949350805 1.65718549051364 2.20243786181397 0.747318364990747
0.165623592309302 0.582088234453328 1.8682979102647 2.71065879796773 1.15352357742045
0.283357306235943 0.462081740579566 1.35751067611917 1.87310671386591 0.694699461197894
0.318072738416914 0.629578605260222 2.21443221254405 2.90657236418138 1.35516243350878
0.261347211297992 0.785134693307485 2.08006446763538 2.8455995014459 1.75800780160377
0.219105689267071 0.545835708321391 2.05656202438864 2.55468610025439 1.00524649294911
0.161258491317851 0.553830991199046 1.79177524855687 2.39977065686067 1.03021700380089
0.184361995806107 0.952180442212502 1.46420301527458 2.4243689355025 1.41752654335247
0.175677278909698 0.861825426163827 1.31660240234085 2.12482605856766 0.972006054447047
0.1699308662412 0.751142963269737 1.87242382487488 2.67619417789882 1.39685005839714
0.661496152136324 0.161211890371526 2.22092906259468 2.32293719714015 0.350837043079959
0.207203380215699 0.957872141403066 1.72029202734707 2.69525409945321 1.72603608949092
0.205070832636917 0.981645372897668 1.34845508083621 2.51557714550911 1.40298245465513
0.147408171404408 0.756299116656666 1.48566049373688 2.07034878045056 1.09288093218483
0.212626395278353 0.660493893186501 1.24867431957267 2.05112972071737 1.05866878780401
0.232028625922783 0.838616598167621 1.9838415334562 2.69931700661088 1.61505849350957
0.189391199567758 0.500468392957628 1.9261420422222 2.49904481342258 1.00113043886214
0.20200422855688 0.693548762832676 1.24963827425311 1.85969878447432 0.66667209306193
0.226188640969011 0.452350518325845 2.01826941961505 2.56000394175177 0.872186750836371
0.170588565386508 0.537641718363334 1.85696641619237 2.37316545624312 0.938064594761356
0.367285379131158 0.539323509445298 2.26726643678345 2.83870986502803 1.22430006608522
0.437575203143324 0.364922505941335 1.33928759422999 1.71179121493193 0.525370242867702
0.166321073878414 0.527783797657747 1.65270757436951 2.30422630548015 0.898180918472981
0.150439506096393 0.676490152311982 1.78624996678364 2.26760578506584 1.05394389683585
0.283289606983051 0.444553812210464 1.38698791463344 1.76526029414106 0.628808884705282
0.273124267305477 0.31912928654884 1.78965664714054 1.96034969929343 0.637673152648365
0.2776602328673 0.98589322891847 1.87414290821401 3.04982517430998 1.71506344058712
0.15013619093163 0.82310934803621 1.529653073457 2.24887418180645 1.24513177809765
0.207477098850097 0.724985720931127 2.01051513644319 2.57030084029116 1.32356101622124
0.512704732845284 0.161427326591154 1.99735948516527 2.1440660239454 0.372152799068797
0.244085344234798 0.382368421534804 1.97401658369671 2.3047086005519 0.759617281793865
0.142356872674818 0.691153746166643 1.63898967786762 2.4252996941436 1.18934497105331
0.181527912212825 0.542531974412457 1.92846173594617 2.40640562161299 1.04221928710889
0.282890779930491 0.854178738127918 1.037105216057 1.83338706246541 0.877639662152868
0.160480286075904 0.545714202322155 1.74350657042144 2.10529712610383 0.97374110971059
0.181283585790413 0.900261657049998 1.32434921550323 2.23684801604689 1.08243711935567
