0.0325811749526391 0.794044865391808 2.30899536300316 3.13803744766243 1.79114293476133
0.00974120050823208 0.980350700108363 2.00638440075815 2.89702484500381 1.89788859761525
0.0283504921160322 0.833106511379404 2.10823766927659 2.90754329255217 1.68929238131044
0.0150603926988115 0.91263505140115 1.96765834137576 2.97190908779111 1.74564663194294
0.144630876857422 0.782049161343439 2.46757134951521 3.19698005179032 1.87088634850031
0.0120727170563733 0.877518179282802 2.22038513268561 3.00854296109957 1.99408463065514
0.0162823391998378 0.831749238394558 2.2321860487289 2.98338547424653 1.96643321456651
0.0272494292369692 0.856775730696434 2.31758701263321 3.22973617988698 2.01225221701055
0.00954031750855211 0.969192423048591 2.04123197415084 3.02429126975117 1.97915002513628
0.0087667834418072 0.962926319640464 1.95947632560188 2.89184171287027 1.72269632119126
0.0226692048708612 0.879155183178809 2.28350381635879 3.22840039602405 2.00801009261157
0.0150911441241474 0.974151525740949 2.08911604495343 3.16116815712501 2.01971610820667
0.00920626422917369 0.920130982403473 2.14057377186687 2.95849037434831 1.99900965997547
0.0118399126719704 0.877813530363561 2.07610749880191 3.09730799046811 1.8149452098622
0.0112813976371667 0.863077215516901 2.14140939185207 3.14302259482037 1.91407168188007
0.434216710117537 0.763390616121983 2.12377814894454 2.87468854189194 1.49847901475087
0.0839952282406191 0.831145689138663 2.41121854586579 3.27718997528072 2.12628245559075
0.00981675706439279 0.952653837067511 1.94733417205104 2.98206068584026 1.75666135263703
0.00974549408155336 0.956047765700204 2.08070044108321 3.02859859325982 1.99364247142526
0.0164539469164466 0.851561464698491 2.26914927824814 3.0863474105409 1.89878023702607
0.040206178107981 0.783981872357945 2.27678847087979 3.14044935877437 1.76838519668807
0.0117486406395476 0.906859200238171 2.00438278030415 2.76129462646125 1.71589827447449
0.0799992835772842 0.754642817550346 2.35956265345068 3.11665794581188 1.86675197503584
0.0247293964179174 0.807352154092961 2.24715653526491 2.94442117188648 1.85133003424851
0.11999876587437 0.982092572888103 2.2027859897818 3.11615093582338 2.14086590768146
0.0110494705564111 0.891575833091757 2.04811799047314 2.96161130151983 1.79627240456484
0.0548884341235152 0.770299584631222 2.34499491367407 3.18421932547616 1.98040564117315
0.0742062649919255 0.778765346589536 2.1993696172224 2.84223246535344 1.637246307262
0.0184997725181333 0.861153218953001 2.06891252424332 2.96412398604841 1.7389438563046
0.00881004247638472 0.952044993412359 2.07263094467808 3.15169145959144 2.06769389741445
0.0487787287992339 0.918425563838335 1.87797636476521 2.68132188971603 1.70596805764214
0.0144078881544656 0.972711864332585 1.87899839956022 2.89220288566228 1.96016613113613
0.016087545328126 0.96538988399196 1.87679409736045 2.80005533592916 1.79148128532535
0.0113508938277436 0.985794181701739 2.01958224218962 3.01118311881302 1.9592616645698
0.0105080344785182 0.867669477281547 2.14413757521662 3.00417018699319 1.84999819568738
0.160669606860156 0.801321094351742 2.46621991359119 3.33794956823039 2.01377702764307
0.00881066724737965 0.890576415733723 2.15111890025564 3.16808854111212 2.00774575633446
0.00798490630559002 0.949354186907425 1.99395955794684 2.99460660249608 1.94050388551372
0.0948425558472383 0.893963404337152 2.34977479357716 3.34588627672896 2.05333680356287
0.0136398761412837 0.871102958230591 2.07581291624247 3.09779814385527 1.93380932493697
0.185603265321257 0.745720756185139 2.2395664780551 2.88112684652376 1.77639776647066
0.00925314340072565 0.880186081273028 2.15174298397738 2.9668217862154 2.22037037719393
0.0463814038306422 0.803409414105987 2.37972417565765 3.11685560139672 1.91242332698621
0.0426956546624112 0.876814090031498 2.32913544614676 3.26144373123412 2.12553934130786
0.0167066156620427 0.900390842512219 1.98371101591496 2.90704755630625 1.77624946648588
0.208911672218913 0.860512799319248 2.42751358724764 3.13763701693546 2.05449255157404
0.00825033688836246 0.966174294514252 1.99257348622397 3.05014855806256 2.0480710332391
0.00934667339808893 0.888593491944724 2.16929366427014 3.02124784417742 2.05180734210342
0.129072333242041 0.867217213565756 2.39827023819431 3.33690437944141 2.07325561724546
0.011946283455812 0.873270608077948 2.08861098181406 2.98797824288087 1.76191270129565
0.00791830177425983 0.954935510760617 1.996538723572 2.82825793003506 1.84715542460658
0.0190332370022625 0.840278079105367 2.28744607859717 3.17168601245413 1.91520747520799
0.0132092624406298 0.916765319867403 2.19017070659174 3.14431148685699 1.93426412359769
0.00938268666093401 0.972619035978402 2.02619234507467 3.16400719001494 1.89562961510223
0.0265988718371293 0.802905845628306 2.26873089799157 3.01743131788987 1.90902297835196
0.867746883758889 0.93047005198259 1.73295732076719 2.5955450118519 1.55682064523039
0.0103217406534122 0.992409246031489 1.95894019429086 2.90345823515995 2.08902959842575
0.0120119150448164 0.978999348072371 1.89482159586317 2.85741067679511 1.90250855670682
0.0151010825890329 0.987223811614122 2.05410608479406 3.07452967556062 1.98706106863613
0.00977024946697712 0.987457810640662 1.96245002553878 2.93487409206377 1.93973185933516
0.0100852069503812 0.940289150105709 2.11977788940333 3.26047305843599 2.02615818163337
0.0081804425064878 0.961169946558464 2.02373794734817 3.08970904573992 1.57726337576365
0.179034657414169 0.820814940440669 2.45874135657268 3.33598347173216 2.02507036839182
0.0100024890795511 0.919317756464401 1.99855525795583 2.89379285341633 1.95354973703011
0.00943272250823697 0.954549811050592 1.95142107069181 2.89068365297502 1.81597491429859
0.0111319761152974 0.862349136026931 2.15166569966264 2.95280962125683 1.84000167566661
0.0425574448378485 0.940890850615759 1.84614281783046 2.86302441729226 1.78307693013925
0.0231174119818427 0.911173343255573 1.93702336357404 3.04963935543438 1.80349851199313
0.0134350922484 0.981170266466924 1.87916035923625 2.76779319353851 1.93221605088501
0.130163893432708 0.79565276094221 2.10226442890644 2.9878315523028 1.62000858397991
0.0289775960401181 0.960058993464195 2.17257011177057 3.29427532958746 2.0998180712619
0.0117792302664715 0.984056340067147 2.03152468205638 3.0505217231172 2.04061291586275
0.00791387042811934 0.922470994803691 2.10467692182118 2.85584416728033 2.03685522803722
0.00950720431948806 0.984225798886602 1.95286883211769 2.89807974955193 1.81084160396068
0.010672246337885 0.889935015072055 2.19504180165548 3.2093485264339 1.82003175358018
0.045609852726105 0.799507378813076 2.1724341208067 2.93578728851602 1.73440979756192
0.0190745500226806 0.902887320150824 1.96768257441622 2.921682032123 1.82109661697507
0.0153426121323367 0.964080101725602 1.88269905482751 2.7797244188085 1.72466354126555
0.181637364855918 0.782286148140121 2.1195398599406 2.67857189424468 1.64794773405697
0.0091319419126693 0.931473202699578 2.12139391561009 3.10917731775292 2.00786778484103
0.0088517167183406 0.925426544099146 2.00554989479956 2.9030500641997 1.66529423581938
0.0138907228881871 0.854306652962429 2.24291191416349 3.06748120975375 2.03586131028793
0.108983243695109 0.807302296490109 2.08137524450717 2.77371930318861 1.59729921683224
0.0575282294995551 0.793386312071374 2.39758330681962 3.09105395647288 1.86889134970955
0.0131324639493684 0.855431266901643 2.13568165237852 2.89557748814025 1.74681624766077
0.00972013519049564 0.961802164097575 1.93929364858343 2.92086636796872 1.96874962704878
0.00922851038044395 0.897279775208677 2.06341021637152 2.98561873066619 1.90363438755745
0.0969975633590393 0.961108897362911 2.23703884106541 2.99297143495752 2.09604940105851
0.00745127016505472 0.9335999960151 2.05056594093633 2.98211787173105 1.99514396428266
0.0111076845188028 0.86106112995155 2.18369821219608 2.98025678344403 1.84335214786495
0.00863641261559879 0.948933353648095 1.97390152635824 2.99590532819951 1.92225813801691
0.0147661523554288 0.840506590951754 2.1817505813617 3.01689323728365 1.83597823971546
0.0100589664575171 0.871519450410694 2.14160588356036 3.11051501464095 1.70456708253916
0.019706759580012 0.924793785166726 1.92305241552355 2.82966937825387 1.87339634819481
0.00999769147599092 0.968776274783891 1.92922401160868 2.83209878413998 2.06416815919858
0.00805450881161937 0.961915003178261 2.00168550216663 2.93313997458531 1.76860030558078
0.0312825378949124 0.887082184040148 2.29756355452091 3.20862796928497 2.13366473502421
0.00913337631859184 0.946476817268677 1.96649016188388 2.923539664025 1.98574155574951
0.418607752002826 0.929636596907309 1.76155224369259 2.7541992418346 1.61104492177884
0.0536651862206263 0.844957172022179 2.02825535297299 2.90473864812032 1.75736233288379
0.0387640326831219 0.815744096682698 2.36398200600118 3.09096454644722 2.00348938354221
0.0138885435261694 0.842946196324011 2.19388391528951 3.09438342740246 1.8833068281138
0.0216204059919823 0.825176319930913 2.29721294689291 3.1667196742943 1.74547019627034
0.0141309074846568 0.993035162084667 1.86644916056362 2.8337804953898 1.79056873567007
0.0293316804167185 0.990071601344068 1.80150456341784 2.84517499169566 1.62090391514315
0.0180521449714595 0.91449087078813 2.22123524780123 3.09477827871694 2.11795955190607
0.00908014828058894 0.96649685541382 1.94960319237299 2.9579599805502 1.93193676072825
0.0403325401176352 0.871631446777326 2.3313587949901 3.10273111044498 1.84148448106937
0.0123335365799831 0.869954455106371 2.22566534132509 3.13862585728571 2.00391809623857
0.0866819829994107 0.942367873418285 1.80663298547326 2.75721459493575 1.68092475222862
0.0579015857977368 0.767170352020556 2.33135423390963 3.11694211045963 1.87924478839816
0.010851821881321 0.945017570132101 1.9441984702855 2.90706792319648 1.75243594366238
0.0174740335915973 0.837348386591935 2.15523531724158 3.08013316756997 1.81557205173832
0.0108862932021464 0.876028000864019 2.09638962138401 2.9723569653169 1.71879257887782
0.0548607500726647 0.967931201778507 1.79021038013389 2.87510687231472 1.70152894344219
0.0154737463912639 0.924711829333834 2.19244714832586 3.21439335619288 2.14284586928598
0.00792765334065932 0.953649339552243 2.03787235186037 2.92631577189968 1.85820994772923
0.0101770391816016 0.981217811191705 1.92246395285087 2.94450339686296 1.80345929855089
0.00878356953580322 0.904007133687081 2.0554809548788 3.11362350581781 1.86799206092719
0.0123738206736223 0.86233476361706 2.12032069621434 2.84761614015557 1.96595422968801
0.00910044538826402 0.921032695932873 2.00936748670593 3.00203347562653 1.92846525558406
0.0178523424840789 0.896383506739983 2.24490559967533 3.18220760543087 2.13688323875102
0.00871402568877849 0.955402368174729 1.96558475051485 3.01900584055977 1.88008554083526
0.0101169557590601 0.983280595914231 2.00452529978836 3.05340771868839 1.83413327851204
0.0126315712202909 0.884505662962556 2.04876222746281 3.0683644085178 1.87478536194553
0.01218481254744 0.866290498020145 2.10860908910052 2.78033228452776 1.97598470293372
0.012280061590061 0.860384937421895 2.22155180692897 2.95198581754685 1.91654145233083
0.0155461674966958 0.960240215068506 1.88636749592832 2.898204610892 1.8278067470115
0.010708071796313 0.989047716686627 1.99467516230957 2.98311380421332 1.87778481170314
0.00971531679659205 0.940232200586804 2.11466679160033 2.89504230173835 1.9867204983143
6.50924296277403 0.692237141639448 2.67289905422038 3.29131774158534 1.84276685348778
0.0125087035689276 0.922443855540348 2.17598495800887 3.09151592483568 1.9590153607705
0.00886782577373882 0.941873806624152 2.09672650780865 2.92824018433717 1.99312298252616
0.0161193929597759 0.846129626013919 2.26468556863777 3.24892222227363 1.81176349572869
0.00978457519531913 0.904385233770514 2.03431197979873 2.93651957550355 1.85573642143041
0.0122806127702509 0.873048450875568 2.08490803154579 2.89529314323164 1.95635246623761
0.00791166068807526 0.93074765513937 2.09239236105753 3.08687536111344 1.76226856550631
0.0132243778438405 0.882722381568323 2.22928967594633 2.99427242577321 2.07255095107612
0.00937337617566262 0.879901204868367 2.12548272681551 3.01324357374818 1.85723882000624
0.0174297770378828 0.885430177407902 2.01321902834947 2.97976531161153 1.75054417623334
0.0300361939126197 0.948398486157257 1.85481827967456 2.90807136968491 1.91972130494256
0.0315945731270557 0.805023767905659 2.19770132095202 2.97387195964151 1.83955406527283
0.0696536983168313 0.802431696326686 2.1249759911575 2.94807236839816 1.83728516796533
0.00773087985747998 0.950128308725617 2.03602548459208 2.97902671619275 1.87758800032555
0.0107790887726994 0.918538397686186 1.99042604190085 2.69510453318601 1.97645648534234
0.0147779207088601 0.947785461789506 1.90829185936445 2.89413152486023 1.78386560007996
0.0210324773446291 0.815934453503175 2.25719920089076 3.20516320412952 1.87039763552901
0.0215697658078733 0.814311435326879 2.25056091576838 3.04446371539902 1.99198991403957
0.0109402754138269 0.934946030867238 2.1401018931395 3.0804314982238 1.97470887555812
0.027170853670493 0.803189730422109 2.29388279319187 3.24555771593684 2.06445791632408
0.0112185671191576 0.861734085276823 2.19488460418666 3.11367770722732 1.93778667571083
0.00748653419020115 0.924144474968382 2.07094123248308 2.98955434229517 2.09094876610331
0.00855155405249141 0.967762938367267 1.96834351912069 2.74984698213655 1.84658124209249
0.0165827537864307 0.913174812862752 1.95832973762243 2.87354526373234 1.7242976183118
0.0261166441471886 0.958542881039192 2.16878139967564 3.21783457756165 2.09836494768931
0.00796956581794878 0.912720647666428 2.05886755367521 3.09696065172613 1.91977759081139
0.01065223212408 0.865165344201353 2.15671572970783 2.87379280910605 1.85939553999985
0.0382122522275607 0.785593843358624 2.31207701270103 3.24384620251861 1.77374084556374
0.0307901083712231 0.916801910062153 1.90754159392336 2.72988427510576 1.5384255573757
0.0249528372795427 0.940444426617522 2.20130593910128 3.0333904644453 2.05040082266862
0.00847322984139778 0.968413641880923 2.00738234180506 2.98998782451313 1.96616928610352
0.0115787328497528 0.869326290243473 2.21411420491674 2.96775892618204 2.15545480189342
0.0146486272016433 0.983791372612398 1.86737162540442 3.0405424359001 2.03626004333838
0.205081747863549 0.734757438407019 2.2785270859897 3.08426432013535 1.68636339829596
0.0112208501593263 0.869926455340312 2.20762336866998 3.15169303280498 1.7887418273684
0.00888001366638597 0.944038400026017 2.09244016209647 3.08619417825853 1.95227648386348
0.0126070351504695 0.890022320347052 2.03504717134252 2.91314523891114 1.81798388796063
0.0131159380675582 0.950513870761986 2.1294628878882 2.88486417082618 1.90232220884719
0.0112922697568719 0.944997065774025 1.93953289798398 2.86962742217317 1.98682015305456
0.0685554507206954 0.849106517900901 2.00398441976947 2.85632708407545 1.63901172767748
0.010777322673073 0.864542974063792 2.15348212009221 3.10025258485453 1.95994449785867
0.00862335728455441 0.91293719100305 2.03691784236191 3.17672703334925 1.94486238888346
0.0255896727302557 0.892629515945717 1.96749731335274 2.92740023639171 1.71588593696824
0.00849406018866728 0.896539115225909 2.14093349286413 3.00831144784329 2.02432403212983
0.00790310340926323 0.935027673883696 2.08436390589141 3.05802701695462 1.9125280526643
0.00849844387116759 0.936173570167131 2.09988501121224 3.0044643840082 2.16510835216862
0.0195072233133286 0.847205554482025 2.10411047545761 3.0689304724161 1.74415867313845
0.0108665110113229 0.90925203088232 2.00858214751664 3.1391168581836 1.88256689576178
0.0265839475023108 0.929623167809791 1.89371980164623 2.82522546690482 1.68340219078701
0.00998404558204203 0.935918406164828 1.96882066643442 2.96598581658394 2.02677577608112
0.0362174304630934 0.78766969556087 2.29500597456427 3.14410898855215 1.84453218580402
0.00788608907182727 0.906134568805402 2.10775568576875 2.98940573536587 1.80508993178838
0.00943668201714938 0.907246514425804 2.03341187428751 2.92927239442994 1.72098043433137
0.095916954049998 0.753296670834926 2.28849974990185 3.17039670406715 1.74741891967123
0.0111852962770409 0.957616048085126 1.92380353137626 2.71439354470326 1.8660558868562
0.0479222385282523 0.865641499836685 1.98662075175428 2.70020895953949 1.81536408508271
0.00760418333622334 0.917541743434139 2.06961159171116 3.04715764185593 1.94705053808339
0.0101865696432268 0.908128406640551 2.01964223908202 3.01303989955976 1.71306121143991
0.0160158009641439 0.839765254711495 2.16217819361938 2.99796021602391 1.71956060414394
0.00902210072015185 0.951577383732584 1.96244269683189 2.9931562586193 1.92146095991515
0.0156306626088714 0.936795708371315 1.92066551043774 2.85774275629784 1.69466417643829
0.060327321735636 0.94142292948895 1.82637702241467 2.78761179591623 1.85780138522336
0.0100110351677623 0.877716741002945 2.11019853522283 2.9141454064323 1.93920177210649
0.0127904400543108 0.849392740534225 2.18139543893011 2.97778922975794 1.7903816630241
0.00942624967937881 0.928932324251944 1.98888306140005 3.12560594529655 1.9429945683052
0.1623970623538 0.775077907584485 2.147740460661 2.88389228381098 1.61657751352382
0.157070366236773 0.74145910836825 2.452859017786 3.25412533506466 1.85598939439534
0.00770167188282487 0.942385949538747 2.05874456698789 2.8815690009689 1.84510693900607
0.00910752873202051 0.968828606148862 2.03187166424685 3.08991023597947 2.03484515546252
0.0620712893100244 0.986541312286339 2.15932964762594 3.22594793619574 2.36856927016788
0.0175706521932369 0.837492069972977 2.15360372942152 2.9379285664623 1.88567642193359
0.00791922799340329 0.955996579995216 2.02770443528948 3.03576418270869 1.80489326637818
0.00919083663477788 0.940108370345494 1.97440541929699 3.00127594518828 1.73953372398028
0.0424690999779822 0.8632895667788 1.999302627934 2.73315213146113 1.84762818469426
0.0103203092009841 0.890580195731848 2.18917140757272 3.07335991864031 1.98752868364187
0.0198492224330356 0.837940343446451 2.13283221391752 2.69555970673782 1.70415318923354
0.00815578439749578 0.958567590646003 2.03283449136936 3.06329456882011 1.94819249498619
0.0301148492766921 0.890398797126651 2.29098939476618 3.06408723821264 2.07773173707761
0.0194246903384237 0.82045315080382 2.24496937166496 3.12352507904593 1.87330655386225
0.00775356607621263 0.946804505751152 2.00762615430142 3.00800283762274 1.99559128963581
0.00788191004297274 0.911587191805005 2.06695795768438 3.25074328029181 1.71390503867499
0.0078903250910994 0.907964650111261 2.07978079928652 3.14657178520324 1.73673347443785
0.00950776788394712 0.921274316674757 2.00196306315218 2.93917883639254 1.70764032844586
0.0100294552042065 0.958695685637903 2.07866304593553 3.1128468173631 2.05196642284803
0.01112994295804 0.929528847804316 2.15162283878175 3.11314657179365 2.05744518464043
0.0217347434563435 0.904656750727982 1.95426059593966 2.83967252124337 1.94886445665592
0.289712164578121 0.812376611747803 2.0187211093071 2.98291865153977 1.66207899046907
0.00984326665433766 0.917739225988624 2.00396869368659 2.94888575491237 1.79304101167836
0.00841657535977687 0.967116995662733 1.97559038910205 2.89144508361601 1.96565545569907
0.035777555973543 0.924554263674622 1.88431359990733 2.85211295281672 1.90324991035416
0.00910991226525072 0.883422151757626 2.15446445269441 3.09820767520291 1.81904705207117
0.0195826027576797 0.879966929668929 2.27075984142442 3.1803401948234 2.05103053800554
0.0804997631419204 0.754474181112224 2.3613761473473 3.10107475263048 1.88535556694328
0.0297183320763246 0.821654120570992 2.14039168266048 3.02319717401032 1.68685719558193
0.0157426329643856 0.834277612819591 2.20573604523408 2.93173001509468 1.97115697392365
0.00883220412697914 0.962869213874549 2.04351579946761 3.01450545705358 1.81913606074898
0.00859583831838219 0.961835870960993 1.96513928349195 2.95279099203889 1.74706585059454
0.00917946017549382 0.880801390490723 2.14579212045373 2.9616493278722 1.96099252970465
0.00750866981498089 0.923959891820749 2.07640193747451 2.92219195885182 2.02943592655365
0.0874540743732672 0.78981284381182 2.14647048516642 2.91384517030402 1.70794355423767
0.0228524890593328 0.957663942498217 1.85926559327298 2.91824091065161 1.76323868395929
0.00753443669234768 0.940486989543786 2.04975538938387 2.90319138553078 1.89916305310826
0.0089608546515914 0.883811281749847 2.13883143609201 3.13935111762386 2.10956906023337
0.0913656894502976 0.781693624534349 2.16943736144142 2.8906402220368 1.62722451738693
0.0130692814509283 0.952368945853614 1.91336218422614 2.82381875022677 1.86734980782082
0.0578199129600699 0.999135522253492 2.12489958352489 3.14834929747771 2.11741675211388
0.00842747875368805 0.924890873420407 2.1172991798827 2.95128475814714 2.05177735476827
0.0174175158192582 0.963220242459236 1.87265365969202 2.87697350723999 1.8866429042296
0.00792686665410815 0.958589599553253 2.01090427619846 3.02975346540654 1.96081163668202
0.00979190172812899 0.887470527422812 2.1804259398075 3.17712937890149 1.80309656715898
0.00900846330905307 0.911329113278049 2.14791641068666 2.9681909675386 1.91363236037534
0.0373625824294598 0.878247827076405 2.3193009174524 3.26502658438461 2.00983379546311
0.0200971587807288 0.952184944800003 2.16303817952842 3.12906862185062 2.04153504111405
0.0109238326880043 0.862811178218504 2.1602545700196 3.11410565736274 1.71543642730489
0.0084082249088185 0.917424107465201 2.03213708888087 2.84142633107983 1.94068454217296
0.0130564281457527 0.918099628765487 2.1870209083847 3.10791600886838 1.96436678270328
0.127589636588413 0.805155145031612 2.07783991403769 2.83565910217142 1.57333324575619
0.00941313054345585 0.898964165647007 2.05474599311526 2.91102484884078 1.80764290914716
0.00982283509271435 0.876261492393255 2.12356587860347 3.01526500829147 1.80414889713965
0.00873907396541438 0.902112187900639 2.06197692554012 2.95689484108582 1.85865682598549
0.0275619424147633 0.801089725785215 2.27655248265695 3.09284649381632 1.78928234587914
0.0170654891238309 0.888662820900483 2.2498414883881 3.15269068994253 1.95356658645238
0.0176370749768383 0.867446391665308 2.05669505004858 2.94915719693919 1.88128120484366
0.55490776540563 0.725272895497829 2.54841840835997 3.24165285795265 1.6911496614501
0.0185533664660423 0.895327682300916 1.9857943947229 2.8891541361747 1.75130726616065
0.0490757451928251 0.774877099992747 2.29426950337778 3.1165990748349 1.74957313544925
0.0262747043640062 0.811212125442604 2.20034765564169 2.84801628623037 1.74764519020207
0.0108730519874093 0.87329587442696 2.20203174855293 3.05009262544577 1.93988611678866
0.0318795012833437 0.948412690841374 1.8510657866974 2.95670404925555 1.8648680091199
0.0128472021813606 0.857823058622279 2.22953690623786 3.019739720664 2.00784754162319
0.00791236977081787 0.957484561094462 2.00123598488604 2.9765056114708 1.73539909358176
0.0223564230320546 0.912742309191619 2.24003049414792 3.21086157629554 2.09638099647403
0.0494716431806385 0.996428315322177 1.76021189481378 2.68134785220079 1.72157486634601
0.0286071427099224 0.822692447718772 2.33370545184514 3.37304125975839 1.59590551824607
0.214431932302061 0.728650454368917 2.46433814031248 3.3150396603598 1.75717585920065
0.00816436254861826 0.948688831468137 2.06314108322014 3.05189474641644 1.91703365816385
0.102151177308344 0.764824413941954 2.22150372595852 3.04885800006217 1.62701031221019
0.0130382292903933 0.848191271720878 2.21156131064467 2.98258311992991 1.70212151441451
0.017696364793292 0.962445777034081 1.87233466692654 2.88278228329188 1.81463718633859
0.0202882009610324 0.872073310468807 2.28103924740185 3.25906930844187 2.06342361482819
0.0132085195625438 0.961014852615973 1.90102580972826 2.70195688306924 2.25570321413993
0.0108407156002002 0.922314519185112 1.98243598150077 2.97540376201081 1.87172426802833
0.00852744413376339 0.914080338939971 2.13380324705466 3.10285358824286 1.97855946242554
0.0155932010804014 0.850304579709411 2.12376607890424 3.02228692781849 1.72583934991882
0.011907403030281 0.857360016192276 2.15449033304134 3.20965142897968 1.69872661314914
0.010093223647203 0.906862259563058 2.02381942409072 2.79832079410634 1.9737656181357
0.0407821782033925 0.900669648981108 2.29615387675715 3.204269093434 1.84473509143596
0.034773670354284 0.912299558855098 1.90860472545165 2.83332711548526 1.60545655617424
0.264675910719215 0.770655193693815 2.13049242760959 3.20494153725792 1.81169936901724
0.00758350434232428 0.931687462349015 2.07442804019304 2.9936124421978 1.97440462688757
0.00971638998249203 0.956854536572723 2.07826335852141 3.16630074296407 2.23017218947842
0.0116821990736591 0.96386740649482 2.08660043853379 2.9759350085787 2.12725430570887
0.0094927756954812 0.879793456348208 2.11952467179228 2.94117925765952 1.65321278962604
0.0207344478962811 0.917621268187192 2.22711856960915 3.20365889710207 2.03948947375888
0.0200085218120566 0.923834802954986 1.92365677801525 2.80936727142351 1.72367067419591
0.0430410925957793 0.793500549993628 2.36540312920551 3.19454541858478 1.90511871765188
0.0442565502055176 0.804393801415103 2.37537701416689 3.32220907331689 1.74941569769175
0.00798468330500571 0.902924982149116 2.09746263289728 3.02476024596728 1.99561072583373
0.0099382135455153 0.87881065964307 2.10780655602363 3.15808434299226 1.77012345930819
0.0160956997845532 0.842868526585342 2.26214721015076 3.20479438133789 1.80086883396095
0.00774403847443283 0.914731305180421 2.10219241360087 3.12539296497482 1.87179031690525
0.0117110559424306 0.976790730580817 1.89972135804411 2.95953172977446 1.88479298180667
0.0245091887165381 0.978111938682756 1.827652935134 2.79377389655323 1.87058856113425
0.0113710732956578 0.891086357204863 2.20350130731568 3.10497057774627 1.80892338219254
0.00772834525618678 0.924102518115576 2.04169693835624 2.87082196779399 1.91498819748306
0.0482409137448353 0.983832662168411 1.77630957045433 2.74587928123654 1.65943071395915
0.017199567056571 0.864469818500198 2.2706804375429 3.10711851742296 2.1573362339551
0.0205336525585365 0.921226891807397 1.92650941391195 2.73017136975355 1.77035252017544
0.00988426992746552 0.959535386779784 2.07431853275799 2.88199807391138 2.08151820603991
0.0152505273499179 0.977654084347222 1.86839407874994 2.82174902785539 1.87028804803057
