0.00781764200865836 0.949822126326563 2.02454018836387 2.99207671138115 2.13055649320243
0.00811876599609317 0.956018302460217 1.9887288437152 2.9441740181277 1.77013629904565
0.0441279722276628 0.840172051109518 2.36557122096555 3.22032870298443 1.98145789509643
0.0106172107784356 0.937892620899773 1.95550518301704 2.90568452208976 1.73061329019203
0.0103585289946008 0.880847477420671 2.18863163319338 3.30311907642112 2.05745150725306
0.0540363362309686 0.805053158702559 2.39955688943334 3.2675804415591 2.19722310931501
0.0693349568100576 0.767373786727406 2.24146682219338 2.8662792322713 1.64819191187957
0.00799597417118915 0.905626121238457 2.09488253097785 3.183628758488 1.95521161361739
2.9944216313833 0.734282805002639 2.10892953558225 2.81449994883272 1.4585549674382
0.0141426447621656 0.843924648901267 2.23807619094657 2.91354727059842 1.73030699765263
0.0398377056227488 0.786628166111299 2.23279248826544 2.97746209881138 1.64227436128536
0.038767183576763 0.810393898955353 2.36976035816743 3.20981296607308 2.06426041228088
0.15543399534799 0.794040058135698 2.09067192670544 2.81986753135226 1.41403666300023
0.0152207564104227 0.963728641642258 1.88102822295438 2.63740686793338 1.83496745305807
0.0584612802111404 0.769954880843937 2.25417285661396 2.90658784938653 1.7337248096194
0.00812279282599794 0.952150111714451 1.98863593003648 2.81488295198933 1.82544328071861
0.0106642087335556 0.957818000378962 2.08419505163015 3.11124021746542 2.11509593372481
0.00789782955996862 0.952560013842639 2.0223824911693 3.0288367474524 1.72584822589255
0.0719938241125868 0.853060354954951 1.98840087791877 2.85589484021258 1.70891591359643
0.00801317094944456 0.908800527169687 2.07232734885832 3.12201437392433 1.86393976582277
0.0153860809928152 0.870907758651129 2.25239008468537 3.16726558441322 2.00028009245026
0.0100601562583032 0.977574416467658 1.92303136051092 2.80450663692733 1.73058098175414
0.0367817918214838 0.9014391187328 1.92313060926604 2.87754297585174 1.84650211654414
0.0106811053359131 0.863910328189182 2.15653453773561 3.11353369341563 1.98872552085178
0.0971106789409164 0.840936296156717 2.0003612806701 2.62120853607669 1.83310948007352
0.0097525112841724 0.979033815750881 1.93100897432025 2.89014074443522 1.92757895257142
0.0346084587681899 0.819695183171344 2.12387743326901 3.05389635412648 1.5464009469035
0.0306986170121672 0.885596215745953 1.96673999516262 2.79549308011022 1.65929337987345
0.00996365933876143 0.970864957191849 1.9269560379723 2.77376612347723 1.85840099385162
0.0102500419789721 0.869394149278294 2.17482946674623 2.95270904376905 1.82790264994732
0.0089116852389774 0.961294094738913 1.95585898136781 2.83837004486403 1.80316714180438
0.0389104540373804 0.789126202665317 2.35855886301732 3.25895504880666 1.80241653326894
0.00996572057359096 0.882743563522057 2.17969842713297 3.13953983118951 1.83027195964163
0.0100929621983517 0.972193148020157 2.03777440130752 3.20899792509709 1.93428115076308
0.048949111881373 0.944551680694975 2.23207761462474 3.14730461171578 2.12765796081836
0.215827640411109 0.783394720192794 2.4970945295553 3.21612294501738 1.96051312242217
0.0130200716973736 0.85710877637938 2.23219205595799 3.10905375298253 1.67884687360252
0.0204825654935916 0.834994895902483 2.13151377852314 2.81690366946042 1.760603490206
0.0253140711585267 0.898217653837557 1.95324693471886 2.96768608791461 1.85638195572656
0.0575262527360716 0.946121000600031 1.81839491984924 2.84230945855149 1.66313809023553
0.00763675882940061 0.932920332747915 2.03829524969523 3.00738954940491 1.91855140495121
0.00819161272328883 0.92522740552528 2.10103535104678 3.10074315513145 2.00698176923085
0.0264389015946612 0.917752582202574 2.24003221694039 3.07815373935089 2.13712092693146
0.00941793492221427 0.948900192160608 2.08523220174093 3.12625596604152 1.93858353171954
0.152252230889236 0.864879374078668 1.9265174895437 2.5740000848511 1.77778128066531
0.013528221376273 0.905015583213174 2.20380424230796 2.89682312882043 1.92322764837039
0.01251068911381 0.93281319331576 2.15337445564483 3.06648401116519 2.0095201229111
0.00995459602589735 0.872973355619143 2.13200065549517 3.11024415091269 1.87270537969843
0.00795474671878566 0.909222272204299 2.0758148836143 3.11831528068521 1.90805288577177
0.0262201380491295 0.900887338222585 2.2643020016984 3.02304974846047 2.103615930653
0.0178801506276861 0.825439935838771 2.26415816298712 3.15222355897139 1.86386109203612
0.00761170471275587 0.92726841762671 2.05882833508823 2.96132303909848 1.87440786809367
0.0275995837590118 0.90786718690578 2.25786795611705 3.18113272589447 2.0150186296171
0.0466850369911278 0.837344074284151 2.37159190637862 3.17733016436957 2.00675728953211
0.0116414077307151 0.996403857307204 1.98087319815169 2.98967695247341 2.0122557630877
0.0475879039539303 0.877250820065976 2.3324965993444 3.29565527594065 2.1275779671903
0.0167294678165067 0.836046663938081 2.15977710195187 3.12409493120905 1.74011991453618
0.0156827508223839 0.955015052254435 1.88978579708371 2.90364773593106 1.71915184420352
0.00801046436069181 0.956682819365273 2.00087570674508 3.0216106660802 2.01442668214672
0.0428346132860327 0.837335167174418 2.36568765039775 3.11400858518048 1.98727669053736
0.0177396960041975 0.823911023758965 2.21414809051366 3.03002184496203 1.88301807391796
0.0131118295867208 0.971281800115108 2.07806862964211 2.93960506113724 2.03214036241704
0.00802639303295087 0.938108423846398 2.00610826239792 3.14198842726241 1.79308689273321
0.0200625074290404 0.838923658762643 2.29668198991942 3.07583401179352 1.9612133174557
0.00897854993304812 0.967979499250324 1.95201199870625 2.93173343117674 2.01347856182622
0.0114419870434408 0.894019246010325 2.03404667486817 2.89520202758508 1.87785680978748
0.0285508708095569 0.98078973754976 2.12463268280524 3.16692712479413 2.08877329902478
0.014848061265155 0.978813790952735 2.07297152995325 3.01242779047875 2.08564527607005
0.0183421724789008 0.840142841223247 2.12866365033256 3.26831726869359 1.89979580520984
0.0158363204686821 0.980233480381205 2.07611825294447 3.14096563005029 1.9826712476885
0.00926859536417359 0.947984960280346 1.96071914047266 2.91738115167412 1.83213338951506
0.120596699684729 0.819135411241764 2.04078792253134 2.77863143876238 1.85718294293339
0.0159148666820996 0.855787628458688 2.09662941106229 2.88325254625874 1.81259296800098
0.0419945309541087 0.900423697463424 1.91747435446838 2.89057519707785 1.74005881758633
0.0248778898585142 0.85458275808328 2.0544159315881 3.00233927887562 1.66069146964835
0.0253376675921073 0.879691936382679 2.28856045600932 3.11634718485047 2.03720054677129
0.0131744627637012 0.917091710985524 1.9685087301365 2.92472894058053 1.81158225555692
0.0416029648095927 0.781754764865901 2.25166144712023 2.98734628210398 1.57688887072455
0.0126211180763245 0.957156057899879 2.10664097086043 3.13688805479159 1.90127067677725
0.0110884094015875 0.97181023113325 1.90862080329503 3.07301238717652 1.78297057851408
0.0084651910801815 0.899781329273515 2.13149825459141 3.01017958039129 1.98627934979162
0.0472516117422137 0.914710523583006 1.88360345698868 2.88979298455187 1.64394997192692
0.00787798363438517 0.930232079926414 2.08066637252233 3.07796484905887 1.96151430060569
0.0671660098674359 0.834889498698587 2.03493678703167 2.76907889987312 1.86066772431478
0.0170181810703707 0.829064861401637 2.25916025333194 3.12680473142086 2.10627052215043
0.0116313790891669 0.887258331732345 2.20505711580656 3.25254356735757 2.12998349728533
0.0136798512406075 0.847640000079788 2.23506351347371 3.03846640885856 1.7634954224749
0.0256424616455755 0.830485790859678 2.32588549896771 3.26842445774087 2.10251144474324
0.0190980323674214 0.819082579153173 2.22227121954905 3.03498371786853 1.99278896473226
0.0311259929294266 0.810933405173871 2.16436872410884 2.98145232808414 1.74777230460035
0.0361612332097405 0.792508900214299 2.22004969914601 2.99407464062592 1.81198877859753
0.0108663690149804 0.994556454750085 1.91563591249299 2.82903154085195 2.07486847931776
0.00881867355108554 0.912450610028686 2.03223788526111 3.00342829383528 1.99891751896935
0.0213986025057415 0.842950315933298 2.10089219476854 2.82658154750752 1.96002187883675
0.0323220928730733 0.867417390373051 2.00360499651908 2.80717684309533 1.85253357738196
0.0306246984031914 0.795347188522551 2.23866165653318 3.00457467799776 1.65831434645888
0.0119164246345277 0.967712466135373 2.07527753380981 3.18287128706407 2.03492366602885
0.0172665561656582 0.944225919386802 1.8976016736441 2.70196475145663 1.76136217911902
0.180437031006047 0.971749381568917 2.24407116269838 3.18256778367034 2.0325119356481
0.0137805978037943 0.84165348148049 2.18902422259086 3.04624813027667 1.82095065150872
0.0119492107949731 0.896103098592683 2.02356753608486 2.90545838151059 1.76149330992327
0.0222254728890741 0.986381541010703 1.82311315087028 2.71093418285257 1.88129801265494
0.035444124390465 0.919159443065664 2.25658608525137 3.11352133007895 2.14991133664961
0.00865664688735973 0.894166943112299 2.09119304503357 2.94879568193341 1.84546886219379
0.00798118522833055 0.908610069719731 2.10402508548766 3.06248384360253 1.92697061981752
0.0253049713587062 0.820822710208787 2.15417466345565 3.02153459078293 1.69034617984464
0.0591970188334253 0.765259107884045 2.27978064898877 2.9959142349673 1.76778410393882
0.0256962340366637 0.813296790945868 2.1814541558962 2.88408419098022 1.74242541337156
0.0077616285159493 0.939706901793436 2.01817400957629 3.04229790561262 1.90174534214829
0.0214236182045995 0.997432176303138 1.81650986301106 2.66839425761953 1.71398690626682
0.009933857571472 0.925347198842994 2.13757384419222 3.00654380438184 1.83888787156045
0.0800274104350951 0.762371075878183 2.2456060475141 3.02415419886612 1.8079596354824
0.023558152081753 0.841382791728445 2.3139084305551 2.86627491957345 2.00739723247571
0.0134919790500312 0.846175976172601 2.16498250880797 2.76287408894269 1.94081511798811
0.00848832896619228 0.943039249190282 1.9844511639933 2.90601102456428 1.87504427931534
0.0482058252879839 0.77671439897819 2.37190874467326 3.05232107413931 1.82142051384324
0.00950420479886314 0.967852755556997 1.93790261928362 2.78768759564467 1.73592298459826
0.0096320123080128 0.896109063146067 2.0558109240147 2.98376871859189 1.86336182902085
0.00894972381100332 0.945566843602669 2.08323661635502 2.91403491116571 2.12293977555371
0.00847554712936422 0.895812109329854 2.09495473901367 3.1404025166852 1.80198546700166
0.00767239823940002 0.94168888039598 2.03786336953327 2.83596941201696 1.82607063261053
0.0331838505088169 0.813147472509968 2.14926280085921 2.78162638320728 1.82385387130472
0.0702522409774843 0.936232971807531 1.82473267693355 2.72198606259584 1.57074038083015
0.016412150206164 0.926529019346326 2.18983735755545 2.98785859619611 1.99691948359325
0.00765774874229979 0.922926816492107 2.05901833678261 3.05176200715802 1.92077033706194
0.0174824563100623 0.957592962693101 2.13731708251617 2.90639067439456 2.06835565039576
0.0156963177237195 0.955101781800675 1.8895889463027 2.93385566551263 2.00517669440959
0.00901103363041337 0.939325940783806 2.09733438889082 3.09460735187779 1.83779685366737
0.0214256053344342 0.823265885353084 2.301001083629 3.07394878144684 1.86228339201874
0.0115462642084912 0.857498703537906 2.15775425068152 2.86018380564591 1.85798691047145
0.0417990868545523 0.780624487562732 2.3531179362591 3.19109526973149 1.80092518447541
0.0302467813027408 0.87152516711868 1.99871551901224 2.61908283264976 1.90199282371733
0.0114271223832607 0.882900112467662 2.06311864061455 3.00402406964448 1.83788925555298
0.0216997532916883 0.901779605114698 1.95688843384838 2.96322045717652 1.79005414504143
0.00823888254450158 0.900071869657707 2.11613961885709 2.93949616957337 1.75508212557206
0.00827725403996209 0.897854784357777 2.10871212903987 3.05904934758475 1.96420256383487
0.22202825055948 0.770382228137077 2.13499704352975 2.84388308977417 1.79818219218573
0.0100075872651672 0.88197009363771 2.09072095410905 2.9877022565667 1.90823469552146
0.0204666780901114 0.853679118531355 2.07453863722491 2.92008326208512 1.63864641431671
0.00821647976444666 0.96114937344983 1.98678155809571 2.90386970749077 1.83497424932739
0.0086306723170484 0.899661406660619 2.07213153826192 3.01598870293108 1.7860289945701
0.0146482431685765 0.948593179154308 1.90510064815795 2.83811557714498 1.71623696712642
0.0248265449745716 0.970038900517356 1.83357334344643 2.87238039067551 1.72912377350142
0.00881764556720556 0.957772547144616 1.9606354093252 2.94644931245355 2.10135229356425
0.0242632615754572 0.807769253639525 2.22087508458365 2.83147674333621 2.0291854648028
0.0132134142186311 0.998074120658196 2.00026728100223 3.11516673593567 1.93668663428586
0.0130842657026665 0.864377999640857 2.23397320323635 3.0171126761452 1.91662122181288
0.019553936305785 0.816634185740984 2.23857187033724 3.13843075575169 1.88878663582034
0.00924538923756677 0.918172486601105 2.01088840997942 2.94975477767164 1.92213963713787
0.0143220391564699 0.965353452034848 1.88490673709746 2.94117949461874 1.8155807651929
0.00940491757945793 0.92133185303667 2.13527023063812 3.10515742951523 1.98578280331597
0.0325307657804617 0.893076971974796 1.94740044695708 2.85069170324623 1.7250170303316
0.00835001359302081 0.964964973460127 2.00253876213714 3.16224002868303 1.88298865996731
0.0157932698105983 0.893376480200314 2.00051739139734 2.75537569310571 1.79952771833041
0.0128424967266344 0.858326282955303 2.12203085073371 2.84070969948143 1.87575578501961
0.0102247118712304 0.871375779243634 2.17910184563936 3.14265514542663 1.93713259959754
0.0215155874650081 0.812789518194561 2.28082877317037 3.06893889886114 1.70518913821739
0.00901006114591485 0.910598964296519 2.03217112985118 2.98688191442718 1.89491362274102
0.0970546879483104 0.740926767042443 2.37449686730332 2.98726732037927 1.70488292423983
0.00976099049014378 0.911675001608613 2.15435162994887 3.08650224515803 1.86463116998074
0.0147699279007832 0.875859810112352 2.04904225985046 2.97743224045601 1.67622958809199
0.223344151405014 0.784770779913263 2.49812911839974 3.26701515699072 1.94697493206453
0.00910203847013455 0.933468112768334 1.98509905833668 2.97194204067542 1.73478290635059
0.0144823572347808 0.865696442670784 2.24818771290816 3.29943885875514 1.89741345874802
0.0442577237655118 0.846144247110185 2.03328156138228 2.77814719831446 1.66687580228068
0.0334292225526645 0.944678832708375 1.85116931966953 2.83638456271171 1.86962082005922
0.028714872974551 0.856948755220583 2.03701787115496 2.8481874524922 1.72884375914057
0.0161604981059388 0.977417778208044 1.85998447782598 2.7175342703085 1.789897909553
0.0123094458181649 0.927424691970628 2.16079546833574 3.18067105813416 2.06088750138744
0.0192446045629911 0.875451153310601 2.02425855647839 2.73469739640644 1.66605872262401
0.011643350696792 0.864698940757172 2.11867454410544 3.09281115908253 2.01467478429032
0.00859631501382926 0.96842900775144 2.00411129738964 3.02539871582418 1.99994782811082
0.018114328026684 0.849479661799793 2.09991598844217 2.92918696772731 1.83454345651805
0.0083883669878262 0.966398529116637 1.98615091929359 2.82973561535095 1.93814131001233
0.0328460974012246 0.847922562070253 2.04958926475955 2.97451842860297 1.77073679943054
0.00842339457537698 0.967270876881521 1.99000050456316 2.88523428682671 1.91150219836317
0.00797073144213318 0.906840018624178 2.09859082985105 2.98130215998893 1.95921722148308
0.0138447377612432 0.847598961319138 2.1501106328852 3.02450712030257 1.81549428362457
0.0253068373694683 0.980271373378577 1.81971544544257 3.08171076761853 1.7500392653196
0.00764201110797703 0.934124803498924 2.03590728786445 3.0540908381881 2.03146262641352
0.0637826068557851 0.766534410413203 2.39787550105791 3.00577600767942 1.62530139712846
0.0101849127337352 0.895376797203841 2.04777880237901 3.02079754198541 1.93676893076659
0.00769794959167551 0.91860865780706 2.0720619010396 2.92570937484932 1.73610488708983
0.00991380764894418 0.981195530036608 1.92753880702468 3.00165371876228 1.76787298022835
0.058576401338691 0.99733375068568 1.74607172396097 2.72877191523823 1.61219581533886
0.0205450369885008 0.97246646372679 2.11844894778477 2.98962580854633 1.93029229461953
0.00866329390623394 0.968406630740963 2.00858002928767 2.9901694562225 1.91630906063299
0.00873973452675506 0.961462163738935 1.96088526289132 2.91359811853278 1.74919809829397
0.00883797352111428 0.887488269139914 2.13759325065439 3.10403989650569 1.8264899377295
0.0101779336584821 0.869764734544406 2.17170492151817 3.22775777523943 1.99600847231688
0.0201668397913816 0.836500591633849 2.12839524956054 2.84073689919817 1.93268757943239
0.0196340881522412 0.916805016065789 1.93492806905014 2.79714181567229 1.86498845974415
0.00941336298528295 0.973284252486753 1.93906247256255 2.9682043398144 1.71062697276797
0.00882537977499857 0.900898269128226 2.06186440867526 3.03958064474257 1.93646535156859
0.0142812863446352 0.880567178463775 2.23636091776285 3.07023202594798 1.9252232640948
0.0076418208262366 0.938255605946992 2.03294394645361 3.00800170003489 1.91972397634437
0.00942519850521379 0.877710724003034 2.14562269459376 3.15535982223129 1.91529909139676
0.018381145834312 0.956725865782676 1.87407283634436 3.06923363572411 1.7663704148423
0.024098834906621 0.8076651293472 2.29859005594555 3.15675769682285 1.83250764193369
0.0150728369829021 0.96245254029413 2.11340503035878 3.0835595473442 2.14602879049193
0.563190549000388 0.74152037220346 2.56322624514616 3.19588367944668 1.90415990024173
0.0238477231341198 0.805214477909197 2.2803825398488 3.05988156167327 1.89317094744237
0.00968096556354807 0.894187708995408 2.06012578320548 2.79186892995159 1.88392696518438
0.00846690109295017 0.951354519341601 1.97590198664337 3.02026103132105 1.78484320453274
0.0236248245828997 0.963486055514087 1.84579737928085 2.83509085827449 1.72308426286808
0.0256779895890045 0.980651481246186 1.81821510445847 2.94590560698468 1.72409698922466
0.024041209990623 0.846589845521145 2.07883206330888 3.06730237681236 1.85763064418845
0.00760568662547948 0.930149316839138 2.04975833152123 3.05612143106143 1.84731692230685
0.0801720021938555 0.749177059215109 2.38028012416035 3.09014049712079 1.8057227259012
0.210121689997046 0.727139169152761 2.29321084978089 3.04017162103099 1.54435448158538
0.00846168530326654 0.918674283028025 2.02744268533269 3.16080883602991 1.90118444917709
0.00776123103091021 0.917135586448829 2.08589630485485 2.90132885568502 1.91029456083129
0.0192791839077316 0.90832830686434 1.95263880780565 2.89522219513544 1.89644117487792
0.0201242865049549 0.835626605172458 2.29701709900469 3.18185144821732 1.9483509867836
0.0149774301817172 0.835961977848799 2.23448396790964 2.91922208003694 1.89827089530608
0.00793687224757645 0.913488985154596 2.10170881248084 3.19436175916501 1.91548394245469
0.0265713292359259 0.943126907425089 2.19726733471018 3.09256006172008 1.93226455364529
29.5869060897696 0.833786839540712 1.81937956800381 2.72830558131617 1.48600456208934
0.0148183609144571 0.893637320039662 2.22698901426319 3.15694418252762 1.92025302981993
0.00897592386363858 0.888429562048236 2.10003188708937 3.04460820921984 1.87592090698109
7.43509181817562 0.725071046348067 2.67815038449605 3.28069282407142 1.99978123452881
0.00817876316584012 0.918233623682626 2.10961050521192 3.0221152091906 1.86873047251636
0.0339202381100485 0.994281852018157 1.78376098806734 2.88548825528482 1.63203809755324
0.0082182233635121 0.960038642898006 2.01823102180762 2.98036847369813 2.04301396407409
0.0291852537819467 0.998000967854503 1.79092015009766 2.83749237815558 1.75991053292711
0.0206928623230246 0.885577249083781 1.99489073391748 2.85605751607229 1.68461469102794
0.017760626967512 0.822854856541375 2.22757205901126 3.08368462238862 1.76029324421547
0.0106860706126802 0.971173621554874 2.05071356194825 2.98043474836359 2.03072922514352
0.0284982886286785 0.952706230940738 2.18389492419354 3.1487583112316 2.28314492224147
0.0122111532906321 0.975913648686137 2.05725824449785 2.96130344757246 1.96357469316379
0.0335132453673426 0.789298883597164 2.25607041160505 3.26744872885065 1.58954884162229
0.00829413683563919 0.897900201700054 2.10126606573094 3.15047798131507 1.79089232762623
1.25901606820924 0.715454117378457 2.60780309209887 3.26421159106739 1.85382739853023
0.0173422959190882 0.824240028901688 2.23370916061017 3.01359775813707 1.81929790859862
0.208739892594134 0.842500569549769 2.44576899488437 3.2562929869234 2.06193652210237
0.0149335280509531 0.963498647342317 1.88310177079116 2.83419073719302 1.90850019508434
0.0145554283134091 0.965355501461223 1.88331558653677 2.82425332651632 1.78224117469801
0.0112602250690652 0.973472507989565 1.90514473489905 2.88936795381975 1.86799068693442
0.0723755016588326 0.847909498498744 2.38865955388741 3.39633178910556 1.85077117626568
0.0225177333061877 0.844763417794078 2.09027607868386 2.98624365052585 1.94452474407201
0.0166848370543499 0.945537515144624 1.89838022805939 2.6617637563222 1.80039271770731
0.0137634988433485 0.926198561006591 2.17428649008482 2.9886764206539 2.15968382214303
0.00933746626162667 0.929458869210352 2.12132294299615 3.33408892927075 1.87990436700239
0.0130834801238181 0.845657375690299 2.18405819474112 3.02281150999546 1.74915527192035
0.0157926959098045 0.875456317158538 2.25168788111369 2.93347916664272 1.92178879448916
0.0107576439903618 0.869520764208958 2.11945127862011 2.91267500408576 1.80002745377723
0.0221013753981785 0.960058394363672 1.85533882661908 2.70124846607613 1.78131121776457
0.0250841433097185 0.818887520446855 2.16256927701131 3.0208938119009 1.76678169565498
0.0283368819434775 0.833492422194114 2.33491222798643 3.11536111509484 1.89071672284389
0.0122791892632086 0.878349114765169 2.2189629593206 3.08099991503608 1.94261534882582
0.0132002895555776 0.929041778787402 1.94635245171515 3.04137088545118 1.85339403322265
0.036843395274302 0.903856903090257 1.91828834782101 2.74720021283758 1.79077859244573
0.0181638228020305 0.942458870195222 2.1703048881846 3.18617251857058 2.06442765861514
0.0180581519702455 0.837265200788752 2.14132471745713 2.91497242400858 1.7330094229345
0.00848192461369288 0.967306145724306 2.00103059714838 2.96217355813658 2.01243364554609
0.0215659456711186 0.957578634723726 2.15431299352233 3.12502369794427 2.1190336055206
0.0261009005976794 0.814160125899735 2.17548157422329 3.09234914990079 1.79595879414266
0.00779585112046492 0.947981853273181 2.0132892210249 2.96299520534642 1.95234147411284
0.00878059582704924 0.973651505986447 1.97315226246747 2.90443337531614 1.80454765135542
0.0128967939477805 0.848827289306836 2.16568650976274 2.87545901129826 1.70965334607496
0.00850458460071078 0.913795244278194 2.12509749207372 3.12050795974642 1.96181069124029
0.0114767333120652 0.85785248597903 2.15850172043635 2.79451204590729 2.03188354429753
0.00777464583265937 0.936617209366479 2.06288783441989 3.14000890834773 2.02663126399163
0.0469837710810404 0.771162607835424 2.33892462488997 2.90738743423584 1.69607964008239
0.0122089481144646 0.981498874781942 2.04159346211886 3.12123054002767 2.15142626037683
0.0102408853241714 0.96882599807162 2.05012373414251 2.93654965729907 2.08003335189118
0.0384437526153389 0.947681248407222 2.21238286243726 3.16868989667054 2.06414226544262
0.0099179351182473 0.958115840997216 2.07253489831572 3.03357775727538 2.08185954142384
0.010722903406311 0.984849889019169 1.90958298159946 2.60992283645154 1.72589834831413
0.00893935277713509 0.885191244459664 2.13692994379756 3.00396571079931 2.01857104311497
0.0191721848494002 0.818526303782884 2.2598695833737 3.03824689431271 1.78061496282519
0.0161206720258345 0.929589039640299 1.92736533314186 2.95146407721012 1.88527838476625
0.010645493524747 0.983713411310441 1.91096481111136 2.92935300552368 1.87823327997688
0.0104950671820695 0.951040978098277 1.93797034976146 2.92688487243735 1.84212623325913
0.0175010684048468 0.910995375077652 1.95502337260215 2.91259851253201 1.70581679212204
0.0578859101870439 0.782328247349928 2.20043759676777 2.93973940950128 1.8661234658884
0.0129768859214354 0.845971228796627 2.18787205072788 3.03870256871778 1.85126432261726
0.00956595345606909 0.883239944057281 2.16861506742225 3.00134396178542 2.01147252202035
0.159543059318983 0.756961263552432 2.19882502537278 3.05800561674503 1.61805362504121
0.0166410828930514 0.871611024938628 2.26031469407896 3.12214116918803 1.86716312226492
0.0105865098707687 0.898079719458547 2.03497229086338 2.84231727163467 1.99476336746212
0.00983145910536955 0.875625775957475 2.12259330607661 2.75020629193501 1.9592822533921
0.00787170135922926 0.911542410175872 2.09508368681986 2.98935227416995 1.90995004159663
0.00859739355208174 0.9615225629199 1.96579897976742 2.84793606279991 1.84490749336732
0.0174440367329828 0.925408201691489 1.92829340204095 2.94016064086404 1.67487766259144
0.14152681582849 0.843715646195498 1.9756399801214 2.95143438037496 1.65900459502105
0.00763289532929788 0.938180372874508 2.04267680577436 3.04321545051552 1.95990293414933
0.0115786212908349 0.882711999537035 2.20764304728901 3.05485034059966 2.06010313048383
0.0127553032436711 0.863034701352548 2.22972187650715 3.05899309863816 1.96891144666748
0.0137733657228527 0.971233563072081 2.08375759721289 3.15580286994402 2.16491349407036
0.00941627093817085 0.912953285393943 2.14682278252667 2.99035290727672 2.10316344065751
0.0148398472680835 0.97553662572811 2.08118857897143 3.05034475167637 1.86046952208505
0.018170447044155 0.919021050593493 1.93672286055092 2.82582541234121 1.86363557587806
0.0104994389847562 0.944347506144611 1.94712462624374 2.83896679630091 1.93877640356592
0.0195442330696592 0.903729923778587 2.23863430577353 3.0067058457129 2.12724911729688
4.50398496735023 0.896727456597377 2.47962357532135 3.45314940300029 2.19971013595064
0.00796044734262653 0.91704264677578 2.04983888455733 2.83141638338212 1.84420876304088
0.0092427748090195 0.968964634749498 2.02851796553695 3.13613063363459 2.15230608972156
0.0164585841613785 0.828448612006828 2.2119341256873 2.849114732953 1.95521020882059
0.0106593879069153 0.993927927932332 1.92247336272445 3.01274605319369 1.84884954532979
