0.0166593926241053 0.84382406606806 2.12739541386762 2.8210804966488 1.67555157424141
0.0127951486269328 0.884454213295154 2.2291605840703 3.12156297167853 1.97048496894787
0.039360336765138 0.994812995203829 1.77079142268753 2.76673009448393 1.76167235565392
0.0410918974599485 0.869887310943071 1.9819077025458 2.93837080312849 1.69015131991818
0.0554179723271411 0.85669528890594 1.99429940364803 2.74888728681316 1.71285603360609
0.0225585929184887 0.952741131381776 2.17360281688085 3.06174906504585 2.0155075319859
0.00935300143388891 0.927831489846172 2.13828134056472 3.29066815755946 2.10126993534957
0.117650546328673 0.74141864279191 2.31658215491278 2.89241745757454 1.52906710554313
0.0154879711654731 0.868263149948887 2.26186605218263 2.9311988005662 1.80256026888816
0.0151466049063281 0.949692720046937 2.14879522971422 3.09224618955432 2.1775609327633
0.0207144428109917 0.853697426382066 2.29935995475256 3.12116171114216 2.22172381515655
0.0213466859191361 0.971040710198493 2.13029488636669 3.04054682140878 2.04203607989884
0.0109934321747324 0.868092333634611 2.11018423870498 2.85292008710203 1.96930828998985
0.0306765004352129 0.86269370695884 2.0173506349887 2.92373700249711 1.77723317997201
0.0315115467977887 0.814799804259434 2.34750306721094 2.96518216890594 1.85972279989329
0.00875114155576221 0.955623437898665 1.95096547842235 2.87202521733342 1.83348999514081
0.00729299047142756 0.944776883900207 2.00763711762518 2.98000636838555 1.90226607522271
0.0292200709720058 0.876841305739504 2.3074693794413 3.15375181685398 2.19213039177246
0.0256083680013143 0.834164239830691 2.32669950030518 3.04073048411362 1.82652843331102
0.0109856515386972 0.863596330408047 2.12872744401952 2.99548544651108 1.78456799894333
0.0083332721292536 0.892486036272435 2.08988695184782 3.09351703450249 1.81856571753564
0.00826538298812905 0.954022065374526 2.06552759751258 3.19974803692364 2.1223805285286
0.0756013223597992 0.859119822143907 1.97198396130553 2.88171269115212 1.95272836207691
0.0128910941605729 0.852252323592425 2.13996750004068 3.20514159648257 1.69442537611943
0.00717410890635978 0.942842167003143 2.0496826628502 2.79299345169714 1.99587835372299
0.0073633374448259 0.955938443814602 2.01234200836808 2.93389478957372 1.82847067762038
0.0112959844779403 0.862853250989173 2.21548622270524 3.16429009588415 1.81500768123958
0.0102247731923182 0.897517386628873 2.03478154737819 2.94791077908164 1.71466296101118
0.0155065335553191 0.861258413413832 2.26543561026922 3.14775046675522 2.09364753511381
0.00783462238636835 0.920581925086679 2.11826983060398 2.89814261419113 1.97363793613233
0.0368378964545727 0.940717913984702 2.22805393308309 3.30355274257713 2.14648620733336
0.00822330947070798 0.956998097188792 1.96179998449626 2.96259597957876 1.93825375534639
0.0114954170296359 0.989369829952848 2.01905253405495 2.9440974033581 2.03596588432629
0.00723094729774075 0.927904553882972 2.03555814278547 2.79290598587426 1.8214989360611
0.0118806656447894 0.966807839985406 1.89746178848237 2.82622523042726 1.70772625910545
0.012625864200518 0.860906120193962 2.23678901927675 3.38788425637431 2.01839727614782
0.0089883864978505 0.914411681637916 2.01445975718683 2.90689537386649 1.76066087557375
0.00725873943932129 0.948397008155024 2.03950541979581 3.06572876283519 1.86427451150179
0.101779517805872 0.743097567508176 2.35793525349913 3.01499637711537 1.72730142954518
0.00764390648757696 0.918961272270096 2.11393846772817 2.91398409917974 1.85734886838823
0.0123283843888756 0.848320635462581 2.17845538316684 2.93104254313111 1.82444095940095
0.0111705344403153 0.914268457949227 2.18070109425355 3.08005659263724 2.16418036944446
0.0236062719789309 0.809107663396663 2.29285776013355 3.13672974552696 1.97508988912019
0.0268395381755343 0.876829671144858 2.30155687012187 3.08626456774757 2.05781086045052
0.00984519464134134 0.990906089424163 1.91995666692674 2.78612247981483 1.79610041147468
0.0122558468043304 0.860645540291031 2.1164464212958 2.92003374758885 1.87295246803122
0.0131264575314722 0.972106422115402 1.88111738662067 2.87856213547198 1.9334230233361
0.0892711507904359 0.95532229171459 1.78001436800296 2.82747177632758 1.65490305828504
0.034416686035129 0.787634158608598 2.28038628987753 3.04228896636966 1.7869609460837
0.00774299188232681 0.915328193580595 2.12127058100301 3.04624293557193 1.98733380671115
0.105781023896961 0.756923758816174 2.43738075959546 3.25608891574604 1.85608712367298
0.00972205814605844 0.873140945456806 2.12112502179013 2.84927642649327 1.92500801121864
0.00908394618297109 0.878501669880918 2.16781406258703 3.25195472570917 2.05781901633141
0.00983692511167587 0.867947896010626 2.14778279390636 2.89709081527801 1.73607246499945
0.744243658137383 0.861769645684638 1.87107501446708 2.71298251798046 1.57052840725947
0.0152411200047368 0.87787993083942 2.03755219852142 2.83006118784881 1.76373363130845
0.0126217532950581 0.926599014497331 2.17460480191519 3.10809230564548 2.0339638789624
0.0075967006035563 0.915566634791552 2.04657862761979 3.01044018664591 1.78376101370616
0.00943873922803071 0.909855363695285 2.01714605137505 2.99234791815625 1.79892641644905
0.00956227314502055 0.934663809896505 1.96728421247512 2.9892127896675 1.77431981242956
0.0106283250314509 0.861098819673923 2.15525607550608 3.17152706739592 1.95443361013555
0.00947608604202398 0.93036839955768 2.1358431395152 3.02791212633535 2.00398073228137
0.00842583395557669 0.975440060147698 1.95466800087143 2.93382992560803 1.92902924450131
0.00952804437702473 0.926395430587223 1.9822983098972 2.80757403332731 1.88578539690686
0.0314438212060886 0.869677013267831 2.31988085733508 3.21273667046941 1.86696796705348
0.00703121289529513 0.935474762484025 2.04844964645536 3.05799516535067 2.06822132084206
0.0148869510929674 0.846412645066989 2.13565230594994 2.90134549718832 1.87583107628457
0.00892630802318592 0.892766216576761 2.07049086644429 3.0223253484527 1.79863242030278
0.00756079733241834 0.929754720213311 2.01711273193671 2.76737473078857 1.8997868591419
0.00709402145675948 0.937899616264195 2.0548581198253 2.93751870484029 2.10052656005859
0.00915654439581783 0.956471015949018 2.07794944180734 2.90005051105816 1.92444252877841
0.0111430501412586 0.995954718605209 1.89241163941542 3.0391695789507 1.92576189973793
0.00770443172555278 0.920665521789767 2.1140397856019 3.04311660617688 1.73310916917542
0.0107409720561848 0.869965951452432 2.20860755632936 2.81298029255266 1.96911292290257
0.0074220089630506 0.918621631522439 2.10494822705941 3.07965649878259 2.02436335368809
0.013605700399497 0.895684867136759 2.2247341426435 3.08553387374049 2.1040407807691
0.0426299556339599 0.790078771198626 2.21067701407987 3.07310417040684 1.89403732226343
0.0138448047076009 0.90819411214865 2.2109559151515 3.01138565938878 1.97494847863006
0.0133829931094847 0.843245988951391 2.17839136997086 3.19410514145102 1.78719682865359
0.0275053343550657 0.928201346417905 1.88909524558625 2.91647036690379 1.86305033401398
0.0126543571813247 0.936009065917303 2.15859827689844 3.13529656649711 2.06247587028392
0.0077657180828423 0.917750361659835 2.03516018930012 2.97616481647082 1.89348344690417
0.00751790198533837 0.909927417205156 2.0665601301946 3.13311747878065 1.80046605017713
0.00975383449040048 0.990449122512615 1.97812550152134 3.04182898692246 2.01939159009198
0.00916573053384349 0.931696979724826 2.12893232890478 3.00052156449654 2.05726357395568
0.00860619112541473 0.980834275663514 1.97280092848251 2.94826221567858 1.8158949452822
0.00923970600144583 0.988546481559283 1.94712909560536 2.97427811816678 1.94875660772144
0.00881473231852219 0.937749322303957 2.11218027447992 2.94363545123011 2.02471290899021
0.0123688381978046 0.980841626970658 2.05516421671355 3.04467555821594 2.0490523085656
0.0148070822818447 0.987663086254825 1.85469688746288 2.83946616135223 1.844407857328
0.00702832723853495 0.934012374287114 2.04644218862613 3.00920336099059 1.96790209263691
0.00703853730454782 0.937124327713455 2.0452192581805 2.80856031275685 1.82509666265742
0.0074618849882759 0.906696816931822 2.10852427613571 2.92918879550302 1.90793868124064
0.00984094316097616 0.894691316302672 2.04751688352181 2.87831475603008 1.80602618894273
0.00814698565941785 0.973842567552015 1.97445196829405 2.84783595044225 1.92012984182456
0.0424856078379637 0.947415499097172 2.22372960414787 3.16476351290697 2.26004613723543
0.0498578778027124 0.877526358308676 1.95407091658281 2.99760234971051 1.80584166839124
0.00856425320991863 0.882520483367056 2.13691186593636 2.99762103110897 1.95377622378598
0.0112386229897845 0.913944294856152 1.9867877211898 2.98007961568997 1.78215989657286
0.00706988675205287 0.93941369541559 2.04671595142558 2.83061956121721 1.99210173904902
0.0388016944218619 0.96674069579353 2.17948167824332 3.29017478971508 2.18407864784939
0.0145316860256859 0.836040549250718 2.22829031538013 3.08428963685463 1.9716312977123
0.0152520363922261 0.998589860889801 1.84509043813473 2.84293777602728 1.70415994222621
0.0150210632013486 0.862524760548646 2.08062195887533 3.02215219239295 1.74005856993622
0.00815121746047566 0.953784360789433 1.96656411963517 2.88132551379953 1.96421656966308
0.00966923601602871 0.988677926161519 1.9844891506742 2.88368671743832 1.85564590507718
0.00712050957141461 0.927477155051724 2.07627750795817 3.03222125702849 1.92313954796015
0.01675568932266 0.862470031715714 2.27353273965918 3.04353246134695 2.05139743437025
0.00918920935080729 0.985166899381486 1.98414238175783 3.0028808775506 1.92094017651458
0.0176241524002522 0.825486887149347 2.20179308646654 3.05392014631017 1.83914070507095
0.012662487400034 0.958047801229914 1.90128686512212 2.95784057069114 1.57381149515081
0.0605018340692424 0.941618426848842 2.25360002739223 2.94037333906368 2.10319055984454
0.0118012188518428 0.852164908067842 2.20646726006384 3.25496835466186 1.80183386139595
0.0130273628011541 0.845016367585156 2.22247648937898 3.15414739243693 2.03610394548384
0.0916838946021716 0.769274552557423 2.43448840466913 3.23581334555544 1.8553154483727
0.00908610319680938 0.959892644540589 2.06820720306159 3.02561205384549 1.97056825966433
0.0226181495597796 0.816475975804223 2.30213566916134 2.96936108597585 2.00658836114532
0.00832635748599705 0.965699796608055 1.95400810856689 2.90616267793269 2.03915833345931
0.0171133930385675 0.857318618855977 2.08092008490954 2.9555862418492 1.83952206742407
0.0299437501057556 0.925091394730995 1.88937941093256 2.9174662398787 1.81030954596155
0.0222699082728309 0.848849216546204 2.30854948023816 3.09051458271768 1.92150593057319
0.0212633208774998 0.820753448143521 2.18173081083214 3.10966750306289 1.9669359044006
0.00765376224451267 0.915801615848264 2.11756130323546 2.96184763361292 1.77909434602578
0.00709068984205957 0.923957987953656 2.07541663617637 2.97899864943235 1.77653272482517
0.0398158128214648 0.880962484096925 1.95954749969907 2.91523838591381 1.7768900926665
0.0270830207139609 0.820096137125629 2.14881711290332 3.1535533829941 1.75132391847784
0.0128147945000922 0.852367387830166 2.23438952775943 3.09499399272344 2.00764631815117
0.00709347915568715 0.921425665249971 2.06950884900815 3.0155072337439 1.90460588405503
0.04764333758829 0.969113741229106 2.18627102658475 3.17691407970762 2.07544271993503
0.0090234277859382 0.97901173350393 1.93386079621152 2.73565301748699 1.79965257804604
0.0186368183091871 0.890079521203765 1.99116960893238 2.92295317730273 1.82809623643582
0.017878887791792 0.97814413202108 1.84595063550368 2.81607231783453 1.73933265075343
0.0103316950215269 0.937512291939954 2.13410897767464 3.12248056646096 2.02336353936193
0.00864251730880186 0.975961709741043 2.00647771180114 2.97912613447037 1.89212325444747
0.188417355862148 0.729719011588882 2.30759873032395 3.06107201924469 1.78715311879037
0.00975279223510052 0.871309052180802 2.12933407441745 2.97070016197576 1.84874348153606
0.00799208495943816 0.922078382502427 2.01914212116227 3.11531321349866 1.87491169825513
0.0077066672547859 0.927802728985663 2.10412838459965 3.04646041330434 1.96637108501183
0.00733947425834196 0.93810189450594 2.01251884020418 3.0267735028885 1.85857048361921
0.00730381273259905 0.926193750025068 2.09044291602953 3.16824042553354 1.80737516478815
0.0101557247012546 0.948803049644073 1.93802272452576 2.89710869039876 1.7678026064879
0.275705156677621 0.995586931044638 2.21155566271598 3.16776450150221 2.2415134276718
0.0131883229565829 0.845752634617142 2.16697577479018 3.00031400965833 1.87689540923396
0.0125697051474016 0.932408761038708 2.16434554524283 3.10694099190947 2.03434971656994
0.0219892651742798 0.821575452549286 2.17202866995292 3.10261106885701 1.79297358918188
0.00840865950929306 0.893921679534752 2.15427658543718 2.91536301080344 1.99842637108326
0.0942501360872253 0.7514446393803 2.29015979567989 3.0659439544002 1.74277927296828
0.0184469971842028 0.966630695985738 2.12896550297608 3.06127805293434 2.2201660588547
0.0710456785341195 0.842050190774352 2.39555111238447 3.3695711347154 1.99245469208237
0.0148129951708846 0.948346364650744 1.90054104515039 2.93125108613971 1.88916393896253
0.048288908386621 0.915957800908212 1.87892659070958 2.785560704571 1.57394731952979
0.0137048995942081 0.921090882550334 2.19122543701978 3.17311355956428 1.94566944406289
0.0113498978106708 0.854192880679466 2.18989380736962 2.93613119818608 1.72075104359971
0.00775217151154168 0.898342557519989 2.12111871020449 3.15335513531534 2.06174084985478
0.0139604086165728 0.867620298626472 2.2501914362375 3.16804220440768 1.9391186162028
0.632518367861945 0.895474110424949 2.42692685417311 3.27129164999844 2.14835652980961
0.0080906502240546 0.93602245816488 2.10052848902847 3.06649433346033 1.82471298807763
0.00913927377967784 0.958460097099392 2.07277526429802 2.99881725088627 2.017492127621
0.00853749698181475 0.883775829071965 2.12316267354964 2.85054786351909 1.96785602359114
0.021048579245218 0.833831071030751 2.13110146981256 2.91680821674534 1.77196090929071
0.00785716690503891 0.959270584462224 2.03790531705174 3.14780500464275 1.96274602238784
0.031588422204022 0.79138076509103 2.28674998611472 3.01349920448407 1.89693346258711
0.012858557550851 0.899268261176778 2.21491939994966 3.33253975176717 1.92812092891309
0.0151498245303074 0.948081072509329 1.89902970044554 2.91420282327583 1.86733610175358
0.0162173209003094 0.852880091306397 2.10060747604953 3.02659836374178 1.74581283344818
0.0073099249947086 0.921864863686553 2.09590084850125 3.01925591638019 1.88943468442827
0.0193854542012728 0.904753715681077 2.24398926235679 3.22467813886611 2.22495500199267
0.0110521968470917 0.929297799500959 1.9594159262235 2.89413665862708 1.88843636944417
0.0438859763716656 0.808885101012331 2.13706197907871 2.79821810037364 1.77894748294202
0.0103822012425758 0.909007515378494 2.00631967112616 2.99696322904254 1.96985532362994
0.00809596451766303 0.969757436142408 1.96484520368136 2.8992474554858 1.87463193828496
0.010057944899696 0.914189243611105 1.99928840482626 2.97558623079319 1.74572131708084
0.00924543626735976 0.986502410446533 1.97887866070992 2.93975966564083 2.06099374141608
0.0109988426102841 0.869102335007999 2.21326315885474 3.10965927891859 1.88276212955477
0.0108548559922326 0.95291845548957 1.92449050772176 2.99366412137784 1.65150082784638
0.0132194353155593 0.915161987933023 2.19680593796061 3.18423261567723 2.01884182690822
0.0141915297620405 0.841951012130522 2.16625598799981 3.06936539017104 1.8035236286312
0.0146164497656119 0.877582900819171 2.24927897776374 3.14675602208133 1.85656665059743
0.0258460214779287 0.995019859366357 2.08569255982851 3.05190868173724 2.23589073888719
0.00792212568925853 0.933660669977027 2.10055004243969 3.01756476629527 1.95002652394676
0.00710978550946921 0.93181072094737 2.03691723173797 2.94844068896551 1.82256876455791
0.0198784349099294 0.899363477171777 1.96629911583915 2.80047611244215 1.88033729552599
0.0264214751698993 0.859854889378573 2.03513609300222 2.88088856552843 1.75670392872359
0.00806698479367436 0.922187945220807 2.01699828828542 3.04175116608318 1.836848686588
0.0340209093628668 0.868751666847423 2.32609293259757 3.17605556025792 2.04660692207325
0.208578001670076 0.987423907670202 2.21810842712973 3.07772014008307 2.18009082236147
0.0398196366385769 0.786044868336823 2.34708711507431 3.00753443908264 1.8846930392805
0.0389685523648434 0.962224675575419 1.81315106784506 2.65912707287523 1.58828865544466
0.0978193527152726 0.843934412767572 1.99309564891894 2.97986393803269 1.58168572691063
0.011146293683421 0.855611980085863 2.18226881864717 2.85989890633915 1.93606864528889
0.0254357102495621 0.828094698983368 2.12838476178294 3.16287214098829 1.78558563101435
0.0496628237015601 0.772077628882525 2.34227434463721 3.17514047266637 1.67944786426347
0.306331198282872 0.912272012980484 2.37474812135444 3.32243130368267 2.19380506616373
0.0103101243536658 0.87037784695222 2.1161076765785 3.0263624276098 1.75265357747008
0.0287536133287411 0.796605761622645 2.29519890903512 3.02124743949216 1.75600749046064
0.00808834854851441 0.890504912625136 2.12707949605246 3.01616206796408 1.91751422834187
0.0481113109354267 0.895468889337519 1.91880343304079 2.70922146722597 1.83214780525409
0.00896408035215531 0.916954764326025 2.00947234321453 2.96827225298984 1.92734716280129
0.013031427941319 0.987358004799974 1.8692725630475 2.77929017939849 1.80708359779915
0.0191511146360156 0.963261806213548 1.85862255803479 2.78025368014001 1.74063635865561
0.00877520313643467 0.976657833436564 1.94076003056376 3.20182505893914 1.87503799530259
0.00938620956959341 0.982675872603565 1.92507448972433 3.04573814142089 1.79327715910398
0.00814834182396489 0.963638093771361 2.0346714284448 2.92115252107752 1.9559218099057
0.00888974153876061 0.888799593719493 2.16911965482329 3.11628714218869 1.92342751189208
0.01191060622409 0.852332751904235 2.21191740980498 2.99780468921654 1.87353681389678
0.0131967827083059 0.979004090015047 1.87396471873252 2.80052247936604 1.74194364111825
0.0142501871493965 0.860780814117251 2.09250680229252 2.8616584928706 1.77153533675954
0.00853260479742901 0.977910190576643 1.95360761403275 3.04369010382554 1.8783728868901
0.0279223526515016 0.892638007062981 2.2859202348982 3.51741659114103 2.08804731516022
0.00973826971643098 0.882266415279542 2.08546382536725 2.91212410989899 1.89954973354705
0.0246207356429725 0.816784425078336 2.17453231097786 3.07264537786892 1.76378946210188
0.0133273267498016 0.861591607837737 2.24546003335923 3.05878546719969 1.91960795349764
0.0168505457635485 0.940499344547428 2.17549475188511 3.22223923538428 1.95562711243408
0.00708565846318398 0.934559875843479 2.06149467088451 2.91185097107873 1.86896665791932
0.0347240885866096 0.8770685478119 1.97629011246072 2.95847397524292 1.71283115486124
0.00809111745267838 0.927393100971996 2.11538688400995 2.92924317593393 1.89688932665405
0.0101820143382613 0.953841814188383 2.09906559226678 3.10035856278551 2.05393897436039
0.0417562097664696 0.82988123114968 2.07911216938402 2.86690427531209 1.75594801904044
0.0103652090978172 0.891155722102806 2.04902028239265 2.91722914083263 1.91513510101612
0.0076088735443298 0.959667375070009 2.02323401597232 2.83720319702092 2.03421244522299
0.0112069966904091 0.877719409098586 2.21593797148626 3.13408715252785 1.89148361020869
0.00955217380775077 0.883372174518663 2.08585659851597 3.02289892983009 1.81218313479835
0.00943673570036247 0.915073249022965 2.00589844103876 2.94615441542474 1.72475459101552
0.00715640416299183 0.939317987645854 2.05754587937898 3.03795074496504 1.90352822569576
0.0194087525614804 0.904084082452856 2.24499440786783 3.05863291029191 2.01718839982077
0.038027201622776 0.815820499962604 2.3662557464393 3.23139724915447 1.79266499738295
0.00818542252093391 0.97448983952599 1.98351530878438 2.91806736407822 1.69714138505395
0.00720338945678432 0.948246558290267 2.01531601643203 2.83832561902569 1.98085317129767
0.0289074997588583 0.851247956012994 2.05005443084949 3.08037408297218 1.90529748564155
0.0424919683113522 0.991403583513247 2.12858025804809 3.16587148241429 2.12905729018966
0.0165044340154483 0.985889873874444 1.84540077018907 2.87913982395995 1.8079590624399
0.0159532520265755 0.846342261165743 2.1247575015057 2.93960986156181 1.80475528507666
0.00782004130664646 0.933051795067029 2.00310572486778 2.87538177856677 1.81203404408443
0.0233183768487259 0.808009128172247 2.28193929316077 3.07232716429301 1.88169508327403
0.0139616753351166 0.838234817034041 2.21227637245563 3.07224187260714 1.79410344030526
0.0114676609270056 0.854834043252442 2.16303581668276 2.91665566865677 1.84532793907037
0.00715897350092897 0.93382343060692 2.02947211532557 3.00959297635834 1.94696590582366
0.0080813524782251 0.891937627447097 2.13521795466874 3.01632843102089 1.8772965655141
0.00711966367591676 0.938288984994722 2.05669558756478 3.02494618387014 1.97117959177569
0.0137070027063551 0.895422926304712 2.00618479637326 2.98256997365125 1.62309837173464
0.00778980349091821 0.96720250385721 1.98978103588291 2.95495372001417 2.02040299371668
0.00749768354081686 0.914094644932055 2.05496114718266 2.90782969648304 1.82574618076002
0.0189026594920176 0.98466830824662 1.83449325345811 2.71595925505623 1.8199097712885
0.00937343406787927 0.982247107556984 1.92519295778475 2.96883548361407 1.9444152463412
0.0168221504152015 0.976983734839826 2.09678631687192 3.04080126212474 1.93772521977752
0.0285083022398216 0.946047600253449 1.8567932243896 2.92756144674288 1.91240338337511
0.0205149364097425 0.902816401979048 1.9568696575582 2.75022115593316 1.70228702787601
0.0135029483065772 0.856749527720411 2.24710325836571 2.88455729950645 1.99068520776678
0.00876612147001641 0.889606861137275 2.16552486017921 3.06442783340518 1.94402599730791
0.0252394217012301 0.816256679407821 2.17298657585402 3.28970432619798 1.97331962765851
0.020834993916233 0.82240204089961 2.17778363641296 2.98191125117001 1.88823444503504
0.0560692111846168 0.800801658435334 2.14157855328394 3.0323797625224 1.56644810232102
0.00897041924795661 0.877728755250656 2.13283106952744 2.92880310016243 1.7527820143018
0.0828888520494563 0.765768863466269 2.23280196439821 2.91381660684249 1.7047561256645
0.0432252757096961 0.846116735576644 2.03457332749097 2.97160143737185 1.67908487467051
0.0517093665190713 0.837707198648713 2.04398747947293 2.82899112901639 1.77674579788695
0.0200229036178016 0.92166487862534 2.22127088332729 3.09130160434134 2.07565675416509
0.00971261152706392 0.984915522468275 2.00266845467942 2.85062210122745 1.90187404612655
0.0132738928114791 0.915647628709525 1.96668556459507 2.87089315381152 1.64620687944751
0.0169603125628677 0.832692808926436 2.17007663303663 3.04517291644685 1.69037349907942
0.0104721874848424 0.984140699578356 2.02107297315722 3.19335169715727 1.94848140508295
0.0324730178330658 0.873526753738975 1.9884329110044 2.83549761940412 1.64247659617069
0.00848747526059004 0.9745279609139 2.00632718994434 3.02007741435561 2.0139393135598
0.0104956570237584 0.911833721723103 1.99896887627618 2.78006888708315 1.74906047761941
0.0108444755378179 0.982442809926538 2.03241346188916 3.0682520503014 1.96529124208598
0.0127469317261922 0.967213518197097 1.88945216247442 2.66947072529736 1.89837512792977
0.0237232979318332 0.927022305708403 1.90073368007596 2.67775410292528 1.74943540062401
0.0106174086635086 0.883674619321104 2.20499306295839 3.0460852243765 2.04201787339811
0.0324993903499528 0.837115629132882 2.34688207674878 3.28660807684302 2.05747450537958
0.0163721988050966 0.981015694079545 2.08416736521334 3.06483565840858 2.074317132936
0.0080036150622847 0.898830566686634 2.13892229953511 2.93298125456646 1.86429812172752
0.00875990495387337 0.981785556967509 1.98078744353913 2.9039987316961 1.91649523860894
0.008924498426281 0.912628313406586 2.15308189303472 3.16974506464287 1.86530360854441
0.0112982271079054 0.945748260831241 2.12841598950344 2.98766626683009 1.93398514619049
0.00788848448673653 0.924181092125914 2.11494343656363 3.14027004295113 1.97125917102839
0.0177089179137465 0.897822973467511 1.97845456028274 2.92582105312487 1.84722109601645
0.0111217435672369 0.861279677043904 2.1361235935031 3.13024819222008 1.91035229933457
0.00764538488716083 0.902118172757835 2.08872228605739 3.02740725355422 1.74408154866023
0.0121292199874578 0.889695308320679 2.0325373971979 2.83753373276538 1.89127000619142
0.0123754898986219 0.868094133866726 2.23364541773447 3.05548111090162 2.02549707945632
0.00861952438159522 0.963764469091858 2.04791179111686 3.00910555289111 1.75854025526491
0.00990661169956257 0.911777150199585 2.00631791970085 2.9090393690508 1.84895602014406
0.0918091777221299 0.923689282441709 2.30528998581739 3.13562589190572 1.91749118373955
0.011506609151031 0.853387083887484 2.19669080158773 2.91803640798046 1.78773841650733
0.00713142619749963 0.944309622191739 2.03936309349154 2.93089222749571 1.83636000148244
0.0140611046666944 0.864122534510197 2.2523963951417 3.16051505531002 1.96418030458347
0.0126481984104701 0.846128776011348 2.21175611295401 2.91500637667349 1.87148296670602
0.018843696712633 0.940463192325037 2.18426324394171 2.8502298556339 1.94913900680156
0.0270783492945491 0.900701585162113 2.27328175522785 3.1976161843812 1.92419880062681
0.0136525609746276 0.847842550870738 2.14673409733111 3.09289068939129 1.74823587259252
0.0126049468961235 0.960029685877505 1.89919578435265 2.80501828005471 1.80946133281614
0.0144495611437523 0.97525921463265 2.08689445371595 3.18741904442986 2.0028755887884
0.0108080059244235 0.975017180793558 2.05395403565982 2.88462220871459 2.19423845711195
0.0351286544787729 0.851047640139861 2.03632208173878 2.99767869040862 1.79304126869212
0.0292365682444497 0.808534017763933 2.18385392616012 2.87225911585197 1.75693660153266
0.0121091252816774 0.927154157779408 1.95382374941061 2.87494569012883 1.9287907063767
0.00779275327370918 0.905421792846062 2.06727169717089 3.01097692435565 1.79108878065046
0.0153635946388652 0.867650895079845 2.26134132939897 3.20816743259653 1.83353533139813
0.0419825241338903 0.830675507296929 2.07654800327107 2.9570121917566 1.78087137719741
0.00889599059057862 0.979435213570367 1.93857807867381 2.82270890148581 1.98537959094989
