0.161869265282076 0.820718837133986 2.02189543766753 2.98562273540209 1.62952999989071
0.0277442817077698 0.875469999359361 2.30552906569885 3.28097850912126 2.16998669414103
0.00917993881348818 0.983464655483309 1.98443125394907 2.90785623910268 1.91445407278966
0.00954650519750566 0.964657209285506 1.93376591217976 2.93936197205688 1.67661906987757
0.0104665560822966 0.91826258485557 2.16722428803289 3.01252954955558 2.05734898352914
0.0136046491443836 0.993614824894948 1.86674269400898 2.69494868585384 1.84271164900241
0.00878813132411777 0.968683101417504 1.94807126109652 2.86814293045532 1.91022836589627
0.00975278399147752 0.903025144670233 2.03172551130253 3.04258601962126 1.8542666636003
0.029059746665502 0.803659424293938 2.32619855076523 3.02822240930445 1.86725021441753
0.0261685136399725 0.947928882886532 2.19439511006416 3.07763303780229 2.03778290734571
0.0102526248315705 0.994260803636873 1.96674732990966 2.92755688370399 1.88708121770567
0.00876789782524405 0.97067310117622 1.94860239695288 3.05715278753368 1.94393152679813
0.0101367845552358 0.865655198042284 2.1663566885013 2.89929337528225 1.75140289252622
0.0145983318274021 0.951107614043401 1.90088241722941 2.88298094863771 1.79872787311369
0.00979721376202221 0.914838801600647 2.00490276213999 2.89651111012571 1.82282702406587
0.0124291889899666 0.937419129025356 2.15472176744631 3.1837074813837 2.03786197994676
0.00949435258614879 0.941454260098812 2.11537032210653 3.04040948450942 1.98633592313011
0.0088258340666534 0.903662041648002 2.15864265850871 3.0958577218331 1.92003748931039
0.51153924142339 0.860344608174328 1.8872504760196 2.76397282022 1.65003078738128
0.00764462588048113 0.942106662964287 2.00300090069251 2.96954950973019 2.06050530724844
0.0179722419258587 0.989444332195911 2.0715588245033 3.13881890556562 2.02713213006551
0.0202349627870891 0.913598115173291 2.23519246154635 2.98819227722194 2.02759672181502
0.0406931104172742 0.974660027997791 1.79593380691752 2.88174455616369 1.77187415202436
0.0093584323452632 0.946887709073684 2.10219705320204 3.11212952512239 2.0708900167508
0.0100769211286463 0.93026444155535 2.14373520575841 2.98209967562463 2.13121226536204
0.00960344375807948 0.875720205898579 2.11958861254409 2.92356396226498 1.81106882449843
0.0146719152620219 0.957978720018001 2.12950538999855 3.12579078203699 2.03621148784796
0.0322819876884267 0.955377814723906 1.83692003958288 2.77468713958383 1.68288302926632
0.0172397318898541 0.927957834008964 1.92408446799655 2.80350565867365 1.81292201213964
0.00740641919402861 0.935263795229517 2.02337523583189 3.06463651866215 2.17452698510472
0.0204424798459471 0.956753713529193 1.86565760349994 2.94392177721517 1.73214026523032
0.0141694724776624 0.994995030746306 2.02984800092781 3.00417506790459 1.92937466872074
0.00751311645153674 0.910123230264674 2.07968094509094 2.99552438354534 1.85554642627134
0.00938937842553955 0.88339184456812 2.0946974840175 2.98029281022817 1.83926050221901
0.0147242688398308 0.907955013483009 2.21724272158034 2.82761530947218 2.16554921356817
0.0269671370936033 0.799803042115984 2.25526814716045 3.12569301268791 1.81400721159177
0.0296033910101437 0.801385504249163 2.32522088880291 3.04775205141187 1.86498263263745
0.0180207368572631 0.827180060370963 2.27172372412623 3.02294477404759 1.85830021137455
0.0489134565991878 0.865921999127051 1.98089373868775 2.80620247629532 1.6797115857151
0.00850183842983133 0.965071887810098 1.95723041256415 2.97186408683816 1.83528392901462
0.0227151648480186 0.966110991823569 2.14724161800457 3.12035440978979 2.13888258644429
0.137823139492378 0.973154607773349 1.73409715514313 2.65696792228041 1.73020682706699
0.00765155186611022 0.903879205809141 2.10296116334108 2.92357808670729 1.8865429280013
0.219776031241371 0.976467116309855 1.70800753657762 2.64466959563475 1.72914228665868
0.00836971534775894 0.96226228440103 2.04262247952959 3.0757385613785 1.84660254246173
0.0079054126671051 0.901920142467505 2.12846872325992 3.31774293033684 2.06478183293664
0.00814253516931649 0.949047135066542 1.9785297438275 3.04534503976493 1.81881167519463
0.0321320838879815 0.917548417311603 1.90034059603914 2.82619704361186 1.5617570341634
0.00914340909101266 0.883442443819801 2.17136220390504 2.97800592793899 1.85727400287243
0.0133450254083117 0.89469280724026 2.22378680734496 3.13542369757855 2.04221948546313
0.00801968139109418 0.965810970148015 2.01281815243364 3.13560625717295 1.90083136569916
0.007366978203754 0.93623381385383 2.07026146974666 3.00198842900638 2.03116199713328
0.0441377641945497 0.805374509347336 2.37915781911003 3.06315280251584 1.87239691251036
0.0298291576301492 0.975401723464438 2.14539172590918 3.0676300957435 2.11420758011213
0.0255924942492001 0.92472828615056 2.23424185488728 3.20824597140761 2.07694675911262
0.749655112372406 0.841533115163366 2.50068559033316 3.35007135961093 2.05924688212102
0.0113672463218403 0.963694921815729 2.08987827332553 3.09188576529242 1.8578713355021
0.0206902103361896 0.858180545340196 2.29648258160198 3.11300046872886 1.85197207515411
0.00721697018246786 0.927809443716919 2.07089061921486 3.14487631513971 1.89117391916092
0.0531126279979995 0.965048317774195 1.79389705523205 2.720843909265 1.59994296040723
0.00780820867950383 0.963347572223907 2.00069663178476 2.98311265989689 2.09918896904134
0.0162004921500094 0.829639368826075 2.20718705043729 3.04233968263605 1.61299816957003
0.00863199218141116 0.917420333075228 2.01920776939992 2.8351195884877 1.75105586653319
0.00732316281806671 0.93285370749829 2.07384399853694 3.06367047318809 1.779603144504
0.0152632241976514 0.969674111332742 2.10664794034383 3.17136318458243 1.87550313512712
0.00884317568347248 0.899498342388959 2.16195934455859 3.17185123671949 2.00248562300119
0.00781279775554152 0.948429114427218 1.98983872843787 3.02392030094152 1.85013564377271
0.0102939432502479 0.891745054238469 2.05179845336095 3.03450438899187 1.74884276411042
0.00886040017815408 0.901456545865365 2.16108414338412 3.01648583207467 1.99060153317764
0.044264214398657 0.853641163201108 2.01503483554789 2.95158290369964 1.79785227250646
0.0297667368129793 0.877641320749851 2.308121921474 3.18987413345454 2.11530324722255
0.105961629326183 0.860313759191806 1.95266453773955 2.74202224768754 1.60699509521075
0.0117122738519343 0.859927875061187 2.13254153305181 2.9925853196016 1.93805199499694
0.0894599714060668 0.760881538438219 2.42338882381445 3.0607749083343 1.83491311888269
0.0389673043205529 0.904654612710786 1.91335789013278 2.7711608939769 1.63708774542232
0.0190138361118178 0.956833616944278 1.87100790775942 2.55133660757583 1.75945731274101
0.136963459770648 0.744735481411405 2.26561721161663 3.09431259279026 1.55710638026646
0.00954680341101347 0.955083729994721 1.9430435241406 2.76138503673646 1.82704324495989
0.0103493358473731 0.864413191495175 2.18155101238414 2.92249265454926 1.76047808571408
0.00972370756337988 0.973427800065527 1.92524173368168 2.77951055739427 1.85264080762239
0.00846280470703778 0.945609582448615 1.97453492220254 2.97414604533378 1.82489708596132
0.0129660616115884 0.941067616678708 1.9268206779974 2.76042384091308 1.64438806079755
0.00982965713689275 0.918691794175513 2.15848743892827 3.21499786636618 1.77166364061816
0.0122523615346411 0.888591722318673 2.22016015852342 3.08248985514178 1.81641927630661
0.00731533909402221 0.916769694229954 2.08044013853843 3.12788421044799 1.84105505607708
0.00902180936127521 0.975764935206844 2.01580675602009 3.0048955204365 2.00854270067157
0.0256884366994198 0.93348607976441 1.88617286144267 2.7939911545531 1.83577738849354
0.0439252167869847 0.855972204923297 2.01003314815814 2.8279270779132 1.6377506427857
0.00878790132203633 0.95563265388718 1.95619801286995 3.01860354109221 1.78867919221942
0.0117419995386467 0.915307088820174 1.9821902067254 2.97060895867726 1.77180239837489
0.0417652452053537 0.884959303690333 1.94900272562085 2.66311077554627 1.73135575883104
0.027026382060399 0.799124253936903 2.28181835055576 3.11449025858923 1.66159202519623
0.00889962943260166 0.891343636177041 2.16618753582503 2.9086429456733 1.82348355171597
0.0132041572630724 0.969505469818152 2.09266991287003 3.10048347800015 2.08250031551203
0.013520898264583 0.843091819740955 2.18009103018152 2.99441471832865 1.97596592141562
0.00728842441150931 0.944455892909368 2.02676871245755 3.20811914337239 1.76712343536331
0.00912897265275735 0.904551516772241 2.16414240368015 3.05791368827983 1.89764559546357
0.0314377672738285 0.919586530061299 2.25566162335333 3.32405987626853 2.0934923955001
0.0125213281719243 0.914102392657224 2.19319702713619 3.11379138414337 1.98547281433234
0.00764689368733511 0.935200418207144 2.01236993159683 3.0413328308871 1.93991661541295
0.0114039148874839 0.854980192756318 2.17774012544721 2.965011291946 1.82618877455027
0.0643519565442285 0.761180004272691 2.36327844010046 3.01620092613949 1.84101458018254
0.0396230687520357 0.970226675401252 2.17469434332905 3.04227938681526 2.01859216524622
0.0135881150813135 0.91993423262986 2.19262903488874 3.35854370465697 1.94292880201625
0.0142304266041421 0.844300379143513 2.24595377096486 3.0852536203074 1.89366446606675
0.012244936019062 0.881311444701821 2.05527338650234 3.03587453947526 1.99308046389512
0.0700454109988591 0.90189862584007 2.32650901379342 3.15165184057749 1.99263278683509
0.0273678152431596 0.955968665089338 2.18147188269126 3.04000480697838 2.22929849806993
0.0150596392347943 0.959391634824181 1.88679853539654 2.78687200026117 1.84623185675344
0.0293794180178491 0.908481784913191 1.92290538636105 2.78754028361242 1.79008330944344
0.008735474560674 0.909139074483272 2.03560376321362 3.01015202764199 1.83961707704315
0.00810264486939742 0.921907348266276 2.02232609739731 3.07757381423715 1.8511114932065
0.0230912014011623 0.807528833647011 2.25342781409028 3.1544889440819 1.7099070423336
0.0218176478598233 0.926846592237438 2.21981769748857 3.23292464741104 2.02724041754955
0.0156872888232426 0.835635305124784 2.17586120418479 3.05634129457555 1.78388036576831
1.87953277207428 0.712048803512807 2.61661161493234 3.41510265572237 1.9372865865032
0.00729763331377816 0.932817981625598 2.03436479398093 2.7330411268403 1.96484724003307
0.010118196035857 0.943800693241006 1.94980501931308 3.07002157584737 1.87136676256745
0.00884576143943856 0.949641332385827 1.96156351793983 3.05156212675953 1.90448020046377
0.0116232572727276 0.939930897701136 2.1430907057745 3.1123233506566 2.13379602718069
0.0432561883630876 0.835292881893799 2.36909572659826 3.14771706345063 2.02420538647609
0.00808351744994618 0.895337729776274 2.10130320003213 3.11475751105436 1.92998820015777
0.0101239174180589 0.934750289810946 1.96378698460991 2.89683065379583 1.66856185547802
0.00848763495983621 0.976105703613063 1.97831202827826 3.01003067485872 2.01949947470082
0.0774287750863011 0.762669957621078 2.25358481918251 3.151595442358 1.76694617201722
0.0146513704890911 0.886862509357628 2.24123948279343 3.03906665077668 2.07443250166095
0.00887454824952671 0.902503188820877 2.1606330464464 3.06947285885387 1.93088794122547
0.269665865900223 0.925854749750411 2.34831144804176 3.25071637333368 1.98401785465986
0.0268967107016665 0.911021053369585 2.25883747473273 3.28398388629879 2.09950775343052
0.00764173382134855 0.944074862201873 2.06675945348278 2.9815706359851 1.95367089066084
0.00721321641735804 0.939173197640369 2.03972041588913 3.15443567739726 1.89606154334066
0.142720473152836 0.787021558569775 2.11491676831797 2.89853643475725 1.62048205122551
0.00915572606310414 0.982146670193393 1.99130743127475 2.86506222490596 1.93005129002884
0.0147072349313252 0.899893900142833 1.99176673297392 2.93449315120322 1.8419563865792
0.00761728937182606 0.93395666070786 2.01549100438953 2.87781896141153 1.7084597468691
0.0737010622130119 0.755344999039354 2.36792178218002 3.00486341881555 1.67566381719419
0.00841874231804888 0.889182227410362 2.14403515248515 2.97456122430421 1.97315252156523
0.0161417676206158 0.853171521484081 2.27160362309445 3.10743774653973 1.99996439433296
0.00769529423904338 0.902699908590415 2.10700279327491 3.03377118154765 2.06820807259896
0.00784359320174253 0.938131801828197 2.0010927600825 2.91613685975471 1.71406477234831
0.0162101747210997 0.830489601317066 2.24822150671341 3.07730114636869 1.7597944013224
0.00772542651002871 0.903906194814043 2.1169951057471 3.01561277352667 1.87708509435705
0.00980933648025066 0.980298416595774 2.01970754057642 2.80930229151685 1.84293216710924
0.0211441048547241 0.995689682683463 1.81954734590321 2.82189852626831 1.74673393986304
0.00883687799176454 0.888027958726073 2.16341029348067 2.91118632202412 1.94654899175059
0.0146845722817148 0.936791750384868 1.92231876943635 2.81138660103958 1.78960456333395
0.0212776488281858 0.908439744491715 1.94459020373017 2.84733681748767 1.90035229216644
0.00720159092467034 0.931284739731102 2.04763101436528 3.31498463986426 1.84204419864126
0.0114026280300224 0.924126564249218 1.96853628469359 3.00600659089852 1.93158836687313
0.0138950638652393 0.946137801675496 1.91259654315629 2.85268623964178 1.89916369419221
0.0150398248414018 0.850770210794209 2.26148326930626 2.91375403243927 2.00157259730007
0.0155819082045245 0.963638966544236 1.87836291022602 2.85031731199063 1.78295966610022
0.00950280728952032 0.973964541440599 2.03466329152718 2.78839092158135 1.98545596047525
0.0170893120644207 0.825585361488907 2.22055011804713 2.98512590558829 2.08045186668571
0.00835214896093888 0.965285269272768 1.96227744809945 2.85293179307883 1.79986074973028
0.0208816299658711 0.862756316984627 2.2943627418641 3.08253592171531 2.23494842033747
0.267793283708362 0.710535762454051 2.42902512449233 3.07639289636926 1.70129079693658
0.0175506024384515 0.881677518047087 2.2632419417725 3.15001558048204 1.890223318357
0.0601170690922994 0.969595570261384 1.78068418905792 2.91042051249571 1.80077247438185
0.00846765131912503 0.887889718048998 2.11446160376934 3.07504541311933 1.91789115568818
0.00740579917508586 0.914503626082294 2.07269999985972 2.94203683274228 1.9058436595986
0.00739907868185613 0.931489896150176 2.08106880708894 3.03737358523277 1.90175972060343
0.015954760689421 0.957118143150953 2.13880385780162 2.92999487348263 2.0998897403974
0.0243317901564041 0.996626507540006 2.07818742713399 2.91293322325339 2.04678842000438
0.00751502917446802 0.934487333544291 2.08165999745493 2.99321942501215 1.9285067670794
0.01094171400585 0.906224000423606 2.00903340518759 2.88641529870946 1.9470343809444
0.00898247363611059 0.913733150250792 2.15154800512026 3.19014406914431 2.03490261383724
0.00872183684447631 0.901577157506815 2.15772566750881 3.02398438935557 2.00166405622758
0.0349503286700956 0.809589245658506 2.15662078993617 2.94919876753246 1.75995152182913
0.0104298619724938 0.906315160431644 2.01483641697308 2.74579614450089 1.93477690817948
0.0565698781229048 0.768444362725984 2.27794010863459 3.04080874894409 1.90488167459704
0.00733447001945188 0.944334421683498 2.04687040538132 3.04128369515875 2.01659772243896
0.00812981419082719 0.954551567168081 2.05759250636623 3.04980174295437 2.04958582849026
0.0222459603701499 0.991004582007747 2.0859284884055 2.95246685231105 2.15212545692817
0.00838888266951678 0.961160169847619 2.04661745864153 3.08422029527932 1.9299343598237
0.0105629428428305 0.898914105918851 2.03015951631752 2.91165111751571 1.69661593649712
0.0352788951955688 0.839802705784296 2.35161557868964 3.21144726729817 1.84985520380379
0.036450566994981 0.906462710129994 2.2844491035524 3.30013870782697 2.08441438393015
0.00923660276240099 0.880297105545145 2.17166912412513 2.83021274161322 1.98221862760106
0.158355799890824 0.847880203967087 2.43071229227608 3.10563890742438 2.17889567438559
0.00836444565030607 0.959779636022409 1.96343972420158 3.02680507863534 1.89379232066886
0.251548351554986 0.995056145090296 1.67594903339092 2.6757874231543 1.61221982686462
0.00833035039632862 0.89938743168377 2.07278230624033 2.87629209829383 1.78151786967469
0.0146069371537587 0.893764509995685 2.00583744431406 2.95300039057763 1.78332494775866
0.106299256249783 0.91127204838965 1.84994065356653 2.67816374426561 1.49968861216887
0.0121333553113993 0.888950727283894 2.21867781450408 2.94686354356402 2.09738203844483
0.0186219258455512 0.877359015003286 2.27251642747837 3.26071590940041 1.99037424934803
0.0122833712148368 0.98968168963314 2.02748236452179 3.0271093122046 2.17298515082823
0.0139857665175995 0.848663259603388 2.2474667783443 3.03493971687348 1.9034095340964
0.0160972094334292 0.934280287008225 1.91874180808523 2.90827946455064 1.74430044643934
0.0112325766185904 0.998074930114218 1.97763468743499 2.89340096152495 1.88363683023713
0.0182999396357408 0.905695679276373 1.96129801501072 2.86822914256268 1.73470185820935
0.0110585621544184 0.861572052345404 2.14158064187924 3.00922484536003 1.75491514898557
0.0793512094216628 0.791174126882027 2.42760521178614 3.36104870602855 1.79728195613121
0.00890221202615239 0.917772913713218 2.01316625538971 3.00872189894088 1.91666170802445
0.00936302234596711 0.956976103847111 2.07938595507792 3.25731320529011 2.07758953984758
0.00977927330628062 0.972074453579536 2.04600237150461 3.03512824691459 1.96771389242887
0.00835427912634327 0.971828610498817 1.96756774478626 3.12332127514343 2.10837495846509
0.0128961629250528 0.848094572962899 2.22514593614041 3.0707659681125 1.91939927514368
0.394597422247608 0.885966508951434 2.42314052571163 3.33897896202847 2.19947710671453
0.0106272902852929 0.927586724616255 1.97020872789282 2.89407949352667 1.92249258979229
0.0169476227396007 0.843146668927865 2.12866194661682 3.0090623267408 1.70736472614354
0.0071841541943404 0.931692677134578 2.05128879642069 2.98341994126099 1.94496954276914
0.200296040099256 0.95546237065764 1.74469356136937 2.56427635475858 1.70568228728757
0.0173793175219671 0.99162601552172 2.06234784019922 3.04034189002734 2.05746056407344
0.0087233128342089 0.973203473177015 2.01572994892726 3.31356340806392 1.99296199918941
0.011492808396903 0.944458637833388 2.13314231927221 3.16068304150822 1.97595727229673
0.0230886261007857 0.996075639084114 1.81181370307578 2.86305000696793 1.70053753012826
0.00883444576291159 0.97712891849842 1.95032575406421 2.80220081754588 1.97187055529287
0.0185361458573927 0.825309533284443 2.27451999613664 3.2382848225659 1.91044542241733
0.0170267020441517 0.847845388359775 2.11194305809199 2.6901071946812 1.86784285487543
0.00922950491953886 0.96407500050184 1.94005730460808 3.06031238897192 2.02288333921996
0.0571804775414809 0.768973123716624 2.2714673284367 2.89589363863107 1.76909566304225
0.0260555902282131 0.800892845461854 2.27218657753268 3.08202073832221 1.69941812948406
0.0813650655080755 0.753932039135157 2.29871026725879 2.95346920226745 1.7517193390667
0.0113851476363752 0.858319218597462 2.14928051140028 2.96293849422068 1.90521445949113
0.00803668641135266 0.894468568778883 2.11739615910293 2.92441461303438 2.06219466933119
0.00827121617793 0.965586766682046 2.02771585799451 2.92613331361851 2.07967909038746
0.0207858765111655 0.838829675534958 2.11655007826073 2.96806368438677 1.84754952836616
0.0111844387123683 0.930793586230206 1.95878836834494 2.95091558494118 1.79249935049632
0.0199034337407098 0.876745186443064 2.01762230449221 2.79945220473877 1.81963875329884
0.00721069096815839 0.925082585890647 2.06977005078597 3.09483186847849 1.87670876141399
0.0213726318492969 0.813347622167847 2.27589631978032 3.05153972487058 1.86201784119384
0.0960100932762827 0.990614875674794 1.72808155310318 2.66129448986423 1.95018778776879
0.0328418718886293 0.810472476769244 2.16050627347006 3.05110075504072 1.81934405215697
0.00937251567263726 0.879966968258652 2.17635944290293 3.04924291555835 1.96259314001193
0.00798502052977973 0.962862250897276 2.02449683968043 3.00187164227684 1.93716436825049
0.00827090658492627 0.896685448294022 2.14476271880414 2.99646583138586 1.94646351836823
0.0469923228559001 0.800622178739732 2.15713713360834 2.94203373432485 1.67393692798985
0.0115845224784709 0.854916730966347 2.20295013404059 3.02541274530656 1.97797816896323
0.00741459720808917 0.91365741595959 2.0753759324574 2.84687116547943 1.74072332288491
0.00956331095229889 0.878771694157001 2.1815742791251 2.79838151434023 1.77573381492584
0.0100894110510501 0.873833652714657 2.19291060480512 3.18411582244787 1.88396530651536
0.00950024377746284 0.983102611475623 1.93204529867388 3.04837793015305 1.95859500208887
0.05863778063176 0.832171795434806 2.39130226954101 3.23537785274823 1.94344750959958
0.00936926599857731 0.945852667279036 1.9573745264638 2.89718749656788 1.76835602020785
0.00950805566284024 0.904297105584337 2.17116595343177 3.00131078594735 1.97087391291929
0.298449454931992 0.70838242211619 2.44881995101552 3.22957362712826 1.69254329028679
0.00883288765135026 0.943533674230386 1.96973743349795 2.8003379910045 1.91471272012765
0.0776095464870303 0.884221082576757 1.91755549569725 2.75565610157527 1.72260509632594
0.00838594141030789 0.971649550696067 2.00695132726331 3.01493184749539 1.95713947310041
0.0191478786836916 0.865863303303383 2.04772522873256 2.84044472086002 1.93881621791835
0.00908261319728122 0.977088643209143 2.01244733063976 2.89178848290511 1.99429257108879
0.0522022849347837 0.844521476288076 2.02656343635729 2.83663875578373 1.64730713635517
0.00775509480231036 0.961200326917598 1.9944916789042 2.93284836518501 2.20424833495921
0.0147013859581879 0.971057848526422 1.87508992743425 2.91803687999117 1.78905330238032
0.0606441858665535 0.839556856491944 2.02948105360759 2.93075177958246 1.72307600614597
0.0110335547467665 0.968875469671945 2.0731412815148 2.95643006595435 2.12623150330452
0.00788639992441658 0.956809239578425 1.98191664096481 2.72448567236621 2.02944731064586
0.0675992843624978 0.759255183558311 2.36683796863792 3.19715106797202 1.74165242103992
0.0105370653658762 0.898848112664938 2.19158955731425 3.26423924412661 1.73027187739586
0.0117080638940381 0.86389036249075 2.11642002845113 2.90054683438716 1.66757241594682
0.041951891932315 0.903011083794232 1.91235460662003 2.64013375418492 1.66421532031312
0.00741949627186697 0.951653734064855 2.02176644202238 3.02311932241618 1.87898548754257
0.0107207990659199 0.872010004199712 2.10484788413651 2.99022196982983 1.93215870658265
0.0102421601060867 0.882849015510528 2.19772512270205 3.08919629251254 1.87956456949399
0.0111096389738876 0.996018734603063 1.90247966636121 2.75798590011491 2.04205029119143
0.0179447525052587 0.932644516063844 2.19547042827172 3.00669616280779 1.78668496712029
0.0112214100226579 0.878241392507974 2.0762346894207 2.95602860362678 1.85110403563053
0.0124301163855031 0.957348115537483 2.11460327998918 3.02060272863134 1.92430575001167
0.014376776137133 0.857472236541757 2.25556643228622 3.0621354189763 1.99841445962909
0.0144014054972407 0.836753969395014 2.21607646351992 2.83943535596415 1.7015692711612
0.0384927895482762 0.790100448004301 2.35072725109772 3.04772508876594 1.83882012095016
0.0773168141172656 0.755550159466166 2.29874531618818 3.00207749123707 1.77318630136168
0.0078075538406809 0.918738560470146 2.11629254092182 3.13153425361857 1.99551411961244
0.0139548589378589 0.845883921991824 2.24362164863259 3.05307263893742 1.91874007378773
0.239719181071416 0.713783469155885 2.3897977066464 3.2220405572367 1.71715996130121
0.00791192608826065 0.954455521789748 2.05012683291303 2.86191153953116 1.89041489942821
0.0205577285906017 0.818026742422553 2.28242807909097 3.10399855658357 1.80909590741152
0.103434945792839 0.771210068811934 2.18682087905098 2.8558127921121 1.77248351071246
0.00972959164462619 0.941837318132857 2.11802746859201 3.04800520583365 2.1689341073185
0.0400058070907984 0.916026698552997 1.89034637443786 2.89558269334628 1.82097519472279
0.00788883240149425 0.905012472056783 2.07262349327044 2.80282474984165 1.94305058912047
0.0496211825391195 0.771052742188252 2.3368105386394 2.99228484226413 1.71844973724215
0.0135197111015849 0.881039425947187 2.23773565511292 3.20425348580663 1.90443158607159
0.0110654395415697 0.903983549245819 2.19246545231339 3.13422100521421 2.07554400694296
0.00815234400688904 0.967668704648086 2.01268949916591 2.90414752934576 1.93647149376666
0.00721028008394044 0.936732440445771 2.05358888033034 2.95640072303131 1.8159221643576
0.0702291816954855 0.791923627802611 2.41813524854498 3.19917423276341 1.90679127964967
0.00819093687478038 0.930579746641724 2.11065506903054 3.15321066714783 1.81933607691439
0.0404481004646447 0.96389351553031 2.18936034660222 3.21063211360205 2.06885977327865
0.0102446034808852 0.947122083070592 1.94350295348014 2.86546360343106 1.98605763576638
0.00837063174759951 0.970011561700042 2.01409522055043 3.00135547794596 1.91083230058674
0.0090710348398781 0.967934036133827 2.04403314376522 2.98006103389767 2.0996060219973
0.00863520267988105 0.893611147059968 2.15802124630899 3.11971680714524 1.84761700956338
0.00852391284287569 0.890524560505979 2.15235420473564 2.79563961181257 2.04910292946785
0.00766279271465945 0.939570277372902 2.07777485705417 3.04000313465906 1.86632378542921
0.0466243837710679 0.773330419456943 2.30324911483686 3.22322210994811 1.88497283943635
0.00730565089539481 0.945999182237021 2.02638904379176 3.08109155262478 2.04252393211693
0.0103919032421719 0.901539746568449 2.02617333852636 2.88516985268959 1.72070764179399
0.0974351896951294 0.994467290315741 1.72257790323043 2.55394574792876 1.65479874945509
0.0136441927250146 0.870132917302856 2.07231951456567 2.76118841114143 1.76622930482529
0.0164886871856962 0.930543599718109 1.92313432443354 3.01165370018694 1.73718332471499
0.00868121088515172 0.884859611915979 2.1172679661057 3.06498540322958 1.85618654917533
0.0139651207411996 0.863132381790248 2.08992387408053 2.92217668084529 1.94158155885929
0.00926726259269879 0.875200965079693 2.15401757039437 3.00127605195594 1.94074444923878
0.00864691560480222 0.901058138531869 2.15615237223337 3.24105309200613 1.95625158015195
0.023224172630704 0.99951044360467 1.80869579412175 2.87062588060049 1.84510265295518
0.00819177292856819 0.968881958305259 2.00899208964826 2.79255732293305 2.05828542856522
0.00816638358523765 0.892919446282563 2.13296654943875 3.00940198170512 1.82361743850701
