0.007774433542314 0.94813027420156 1.98047280899949 2.81365545545318 1.85882174338933
0.00744888797492132 0.901211665105042 2.11311486114743 3.0978004752854 2.04155259138263
0.0252601518981246 0.993454707641058 2.08399335552512 3.05196119433256 2.13482515155763
0.00853621149909946 0.878944886529446 2.1434143896274 3.07730407556392 1.77900890144774
0.13290142685269 0.786129449660257 2.12442473186504 2.69375182867231 1.83885247445323
0.00756211901026333 0.898171246587295 2.10308783781017 3.02985497194981 1.9284693521298
0.00702598981702649 0.924188938864135 2.07891805368016 3.00218654072669 1.94925364624236
0.0195592944331103 0.824381840941536 2.17336327127119 2.90508913587511 1.74327002127641
0.00734009816548036 0.944522442585935 2.05804119397196 3.20779531499223 1.96124767665201
0.0115831867638737 0.85988845777519 2.1249684821133 3.10109691047218 1.7847438051496
0.0272531909235855 0.846492961781 2.33298328173371 3.12253258404629 2.1936972045111
0.0103245317284525 0.888483231268994 2.20200155440625 2.90559554376721 2.05346069151001
0.00726380403350458 0.95387779741398 2.01539323790748 2.87606376448954 2.0400322873724
0.0106114492595918 0.856472773543653 2.17255064359328 2.90931393676784 1.85897984162564
0.0130692258666113 0.861181459405628 2.25029471135704 3.17370658373742 1.81467534821852
0.00703292514308324 0.919766290828764 2.06423016235789 2.93399283751126 1.75569469981237
0.0148615252182396 0.835721115860693 2.17627233756791 2.92280219593218 1.93353507869473
0.00764051624820201 0.903323273781669 2.13007660734707 2.95662146830279 2.0074892860437
0.00856079292973307 0.904461460980081 2.15737754395327 3.00429482760868 2.00879622059605
0.324118296745192 0.961649531424153 1.71705345950005 2.53938373401218 1.59452720007298
0.0129952441212906 0.933360273064893 1.93589856781156 3.03344167681848 1.60559575992037
0.0297382771151099 0.816764117429082 2.1474749651671 3.00169568275619 1.81485124475262
0.0109278272289413 0.869428571759073 2.10182190373394 3.04111914722804 1.92684209467783
0.07399728635871 0.997537214968244 2.14141845213509 3.10230039565501 1.91880416371186
0.0871558434367788 0.854830918946533 2.39488205103092 3.10616693067746 2.06204806583711
0.00804609744304237 0.892051490540704 2.14755205673087 2.86832329311256 2.01062594658807
0.00935524488198036 0.931423043443388 2.13171559075948 3.10500278668178 2.0850334313137
0.037861882916108 0.778364443780442 2.31145126746936 3.00543262034068 1.84853804280894
0.0105182322088676 0.864332711351559 2.21095217221824 2.93893980910464 2.08224039159233
0.0111961951951765 0.893612758051963 2.03106196060989 3.04485398264152 1.79321541027868
0.00940795824187378 0.913986280105161 2.0068788988464 2.92754395826387 1.80600988560723
0.00973264374987017 0.936263405551231 2.12788890990562 3.03923154024216 2.03578716746455
0.0111015986742904 0.863817127664107 2.11868160972182 2.95504791363792 1.78394613120707
0.00699779537778255 0.940327041705031 2.03464173390332 2.84046735469793 2.02010162645846
0.0160391082947489 0.835484363237332 2.27753150194766 3.03985753012942 2.04325636725887
0.00696940880388791 0.937187462048827 2.04514337237533 2.98248497555788 1.88737879396188
0.0225310564519917 0.891469149871937 1.97468880679373 2.80499804510089 1.82235397471292
0.0349594343936427 0.95310708169967 1.83485550297205 3.0091762849934 1.86914218082309
0.0261172729252018 0.865975841574904 2.021765473175 3.00679255475771 1.97384424418499
0.0725484354624636 0.872512408782309 2.36469063807924 3.35561355125839 2.09640711157059
0.022849961710215 0.818055039953124 2.17517077726403 2.80729315667762 1.83223679301476
0.00834462655756022 0.976587701275994 1.96113151643209 3.02642741836452 1.98745763226954
0.00922082309569021 0.909122186636988 2.02018699587117 2.87355992928651 1.92741422949964
0.0194866902008362 0.81672030151678 2.28974618456359 3.03853858859745 2.01886948171685
0.0172105051507079 0.823361617419218 2.20703349586172 2.95635498275802 1.77723867772434
0.00789748630529183 0.892478960679192 2.10307152183601 2.85669969849575 1.92052471607832
0.0144208452254634 0.832945944546048 2.20535943384292 3.03272293542069 1.76995755061725
0.0523913238597879 0.781485972509277 2.2157261112019 2.97647210987032 1.80988849929956
0.0126676598225843 0.905197341431335 2.20667429629639 3.06155838912571 2.09309483491389
0.0126222570564148 0.846688069439227 2.23758560605264 3.1774058237905 1.98361221393952
0.00843122049797609 0.950065035357182 1.96174573080208 3.08419432661027 1.90051406049014
0.0322017250912841 0.796605467356952 2.21621189683702 2.8837515676998 1.82704324508217
0.0099260588508123 0.894631195606633 2.04408585851444 2.95835231387862 1.84575662244049
0.0150924971151541 0.869858293290267 2.05841583129937 2.75844952313776 1.94700650694641
0.00711228619297933 0.91783341800291 2.06112135156225 2.96126384345844 1.87256045508219
0.0138641061407071 0.87463564380133 2.24971169811848 3.11580365762839 1.98477063425341
0.0114867952735881 0.91419547452426 1.9831581104468 2.89338752032565 1.71784096420363
0.0377464163258987 0.934101361359132 2.23762933614936 3.13526472752265 2.10923924517281
0.0078120997277797 0.894711306669251 2.13619621869108 3.00070216440857 1.85935181327902
0.0141083790078859 0.950393793053049 1.90154489405095 2.85060981041192 1.86523493487371
0.00958538154499691 0.989459372995435 1.92516522871305 2.93630067955292 1.82500338193448
0.0491869349713574 0.950744279500924 1.8198485850018 2.74712848391336 1.51874688043013
0.0124059494946063 0.921556531152367 1.96131988614091 2.71186343593728 1.74312977579075
0.00743338255463807 0.905892856709572 2.1181894784038 2.8794173790056 2.04473484192891
0.027030922156012 0.901228399681127 2.27102514416885 3.01692972751855 2.12067221961682
0.00911381098484135 0.957602216568444 1.94041574374075 2.81739436443254 1.78101974871912
0.0192821197829474 0.838959124669809 2.30441759564943 3.15821500152856 1.92080622694821
0.0110514028045573 0.951553785488905 2.11164929446538 3.19047678841312 2.06491181757842
0.0964071730742563 0.745649592426869 2.310309882504 3.07825943345509 1.6945445197511
0.023829391658775 0.867980052730482 2.02367267798916 3.00596561745809 1.79144104849275
0.00936383954865081 0.936145391157075 1.9661649211328 2.97864919121089 1.89744024647952
0.0120768216842029 0.845361894959908 2.19300667188394 3.11951983947943 2.05691840365047
0.0167804401172344 0.843755919958882 2.28688507715928 3.10048565803751 1.92441561685318
0.0764266271433363 0.959955407891363 2.22544813915405 3.22049860964667 2.09798057135139
0.007236039117601 0.935533370381416 2.07393552213155 3.05802461209 1.9376043459051
0.00878369069770997 0.951788816034653 2.08067035517199 3.07729585854883 2.11765584776773
0.00847889244703542 0.97461158918714 1.94824861117093 2.84525552250417 1.91944583924342
0.00973204027443399 0.883364229814016 2.07808870785245 2.91106195433451 1.61996836435026
0.0722109384746765 0.957870529341334 1.78909221372165 2.87035718365091 1.59616502180076
0.0130440454830433 0.95806284369215 2.11450547915329 3.01767388154092 1.91754930908363
0.0584143113547128 0.919583228859516 1.86492173367905 2.66035701691039 1.59047436667574
0.00738045586801693 0.902699120939496 2.10314748772831 3.09683843326959 1.77550233081014
0.00952559945636327 0.986370516092667 1.98765829751235 3.06048752577348 1.87097858637801
0.0100536571737763 0.98074025841008 1.90823735025748 3.00434691084079 1.77609624835383
0.0075084222390856 0.961273682684075 1.99885088497132 2.83356137276223 1.80905274571036
0.00957823276579654 0.872982812586065 2.19238763467379 3.14385715325088 1.91640830586362
0.0135512323833809 0.85029580104751 2.25597670624418 3.15608054079322 1.97091390086421
0.0116393928147698 0.993176105602804 2.00403237304934 2.92316896629957 1.85779293143458
0.00733117371108464 0.954803624577154 2.00001494919701 2.77857247197401 1.88424869139598
0.00703394753703361 0.943093612041523 2.03426777699674 3.0251655932827 1.83651241755514
0.0135915756076987 0.997439916793249 2.01239298586443 2.82182841980242 2.15247553602113
0.0108507908059208 0.854734529322779 2.17294325479165 3.02976004610827 1.99800291217696
0.0110530627983551 0.853224856258832 2.17451283681009 3.15111586205775 1.65145400962912
0.0136598162014297 0.919312397541504 1.95683496315277 2.95958272554275 1.82210490607151
0.00767509075559543 0.902244230260537 2.13190843707812 3.23912109984252 1.93339665132659
0.0100379217327924 0.968915051617858 1.91529370747496 2.98327689378014 2.01791707556152
0.00740841712912137 0.902530513114008 2.11143712276562 2.96037117195703 1.94186689328921
0.0112299526486474 0.986508940223341 2.02129064339254 2.91063221636581 2.05104454621944
0.0109171056897846 0.87653942530418 2.07962015155615 3.00098174005351 1.93312182912116
0.00701593642339244 0.925307557133638 2.05007448319544 3.06118480927281 1.8225459300503
0.00833607117713241 0.973100932462194 2.00379218462414 2.90318750947773 2.00223531995718
0.0106400952306332 0.965536801529795 1.91072103321016 2.98287235965225 1.62566485540409
0.0102083113100453 0.957353299702811 1.92505931445766 2.65891212621032 1.74037346168168
0.0146719675405077 0.99737700153103 2.0223132741288 2.90941419601381 2.25006223475329
0.0305520523122246 0.905824813252435 1.92591321619015 2.69287370127722 1.83586400924039
0.0126052409204377 0.976785431820778 1.88004876312162 2.80705233308292 1.7097740215952
0.0140335096206667 0.893606661732233 2.00762060611611 2.72533171158764 1.58675884136461
0.944318143545222 0.819428468428576 1.95726660241519 2.70952314387013 1.58483516678593
0.0122946313133572 0.880991291505085 2.05164024959658 2.98337958947562 1.80871348424857
0.00921259707736133 0.919042995246928 2.15015528908347 3.02414089717583 2.05374932129443
0.00954068667163033 0.974658848448912 2.03221335429461 2.98294596122497 2.00326992861615
0.0103445437163436 0.872215295454591 2.10260233770537 2.98008326788495 1.85308388547052
0.0192767352627437 0.940019973226061 1.89350692473024 2.83645796974672 1.83718815109168
0.0147237466035166 0.982807300610835 2.06545584285413 2.88361337212937 2.15993658877364
0.00794315349522253 0.902337829923892 2.14270103770953 3.06830217445886 1.99379744015022
0.00776437981895002 0.935097545269502 2.09403590049449 3.06402923984138 1.85247560735925
0.0125434827741538 0.994432632965859 2.01134062880577 3.0288502783002 2.05933558527199
0.0115069144622518 0.849942549811497 2.21067514293747 3.0899800538749 1.86751400413056
0.0763095326931448 0.794621409425381 2.13653499667399 2.94196357086485 1.73510624314662
0.0127567718797308 0.985777309928638 2.0410988695912 2.99484512101575 1.87179050518165
0.00774524576739077 0.962168328418444 2.02124468519432 2.91751471061756 1.92295758043863
0.0137681550110261 0.840784000319184 2.16979353530783 3.13089422773411 1.97290173860242
0.00729376230299547 0.927094778351344 2.02847764797302 2.84557328117763 1.85508838097592
0.00883097731434137 0.936701568291094 1.97335621296854 2.98760765558607 1.91886854687929
0.0156804968890611 0.88780522150284 2.01080662344417 2.99918805824692 1.85006199713135
0.0769882889082176 0.904252818147824 2.32332108709523 3.10533891855958 2.09094911407477
0.118409732863514 0.913707580164512 1.84322408382705 2.74838675758605 1.62728979339249
0.0108842331173807 0.901106256937387 2.19572674279527 2.92822946932974 1.95588891500815
0.00883311838969897 0.902128989798622 2.04335508341583 2.89274167529155 1.92068943726316
0.0159989469006208 0.856077184125485 2.09052830230296 3.04714336765679 1.69885147359548
0.00802265279615622 0.970992665902367 1.99488555241352 2.84894114026788 1.77663102611307
0.037248850588602 0.999622086479784 2.0954244696394 3.21358930378181 2.09153002710616
0.0168828385510735 0.893342531597156 2.24798225895394 3.31716440675688 2.00999931066536
0.0306684486945277 0.800154959699335 2.20747075270668 2.89628870617362 1.79429159270395
0.00694835145364681 0.929995298656634 2.05058895472639 2.98376232539761 2.05395135034707
0.0324182383929847 0.80297730582432 2.18773539404309 2.90887952614555 1.66689822218509
0.0184589697247182 0.878695816311126 2.0181573418344 3.05209765169019 1.68386325678524
0.00851938637226693 0.940700576549755 2.10017988894785 3.16242043051818 1.93062205115776
0.0157662872899395 0.922050741482118 2.20041190646894 3.09796833151342 1.98624212314583
0.0680078861219557 0.977688878136802 2.18254170568341 3.07823842920547 2.03403507357726
0.00865327477124927 0.98160023773994 1.95945042883859 2.87138376239156 1.80865426715628
0.00935053255821772 0.920431108549354 1.99462059244852 2.75091284549317 1.80308782704201
0.221313019386766 0.744212674974025 2.22159743651112 3.11226746719787 1.61247279807074
0.00917232798651833 0.924986394263023 1.98847241963917 2.87393703321095 1.73920319127554
0.00994762083850802 0.872092087213268 2.11142269917888 3.00592597648428 1.7592126850343
0.00740339176594256 0.950089348057424 1.99343173236317 2.93357960553607 1.84929613770067
0.05479772950658 0.766460038791971 2.38190753478003 3.19881407082765 1.72048037022091
0.00928331486253407 0.987594685991565 1.93497305159654 2.86101476953283 1.85605325770994
0.0197889121454476 0.847864889076568 2.09194237487786 2.8465600459008 1.64541484806047
0.0101466499730166 0.866286693601123 2.13021604908051 3.08896893595545 1.90564756257499
0.0120022997910692 0.882591371176379 2.05032450590157 2.95299865911303 1.83781657462188
0.109039622438775 0.840898414265638 1.99733405508863 2.74342466690749 1.69255771046185
0.00971557436523946 0.924294345845287 2.14888683297517 2.95658886555647 1.93622408597565
0.0155823541554734 0.890980809754134 2.24411081418268 3.01670324000335 2.06218471180565
0.00871713818026447 0.980963725631679 1.94777526193534 3.23641296220308 1.67304234015423
0.0114046022484277 0.875552799478314 2.22509343027225 2.97652726367191 1.87885966403072
0.0190939968133435 0.815350619657994 2.23005500208871 2.91366556638526 1.79673148307115
0.0456571945843677 0.956351957684916 2.2060505976102 2.91710279135918 2.14665689506627
0.00915603799824989 0.92282427553458 2.14340524694666 3.11351025951067 1.9797790248152
0.00874435323163109 0.934038872087285 2.11733453394869 2.95444466235315 2.02601316029082
0.00847140213097291 0.971666467892 1.94676347830936 2.92725373522686 1.86183031755281
0.0112880126983149 0.940176172097512 1.93813757069375 2.9726097407631 1.68127098835085
0.0324415830293304 0.790999615214885 2.34338963053382 3.16162667170262 1.78986750850762
0.0143349588420896 0.836120313756027 2.25249019258481 3.15667325752245 1.65901828358925
0.0216223137952102 0.851828896095147 2.07251170026486 2.82476736311371 1.67489887014997
0.0107222705902142 0.909723519302294 2.18276893281463 3.15123317925029 1.93182328300624
0.151058511396681 0.826910711413946 2.45026804433526 3.28658872005066 2.03417163778885
0.00954779762869617 0.894317915221652 2.18535366562465 2.99971932648821 2.10309362566936
0.0087183474709169 0.978472756562193 1.94229828815222 3.08344406967107 1.67726674627582
0.00760725143410844 0.959457733588999 1.98144385032304 2.85024836483008 1.96267974312315
0.0169524572950376 0.91477523017176 2.21788745648423 3.27276159056584 1.94783570733605
0.00972061827178225 0.91760099144332 1.99521948412504 2.75469475835156 1.80039968501783
0.0121058805108015 0.855368598212571 2.13368596905786 3.02047400499708 1.94780657363513
0.0291698468428818 0.877701315992024 2.30703703203422 3.31583918094743 2.00188879061567
0.00981476696396757 0.957758515740839 2.08290060534072 3.04941821660242 1.94390086080064
0.0297466664255947 0.795720510652064 2.23565244365285 2.94545205216303 1.74447149978851
0.0148398435865222 0.878596944263027 2.25313930574893 3.32336347524312 2.14137799686101
0.00844992211626957 0.892302032190427 2.07987087962067 3.1010938488712 1.99299718669818
0.0135599837938894 0.869270411100601 2.25117687970739 3.06297636313315 2.03521111246295
0.00823004094120115 0.967626633270359 2.02201316953141 2.99613871068681 2.02895155978003
1.04330114388694 0.802708631149135 1.99064952957544 2.77330038840398 1.49933342718653
0.00736649509730892 0.931749119001577 2.01695488439202 3.005588119809 1.8743402416327
0.0112080536905114 0.861378099536173 2.1260606729718 2.98511885376495 1.92303999621795
0.0617863454563492 0.954945684195509 2.22479570483653 3.14914567937133 2.18978350008154
0.0113526839145318 0.859760051636847 2.12972242816689 2.92837713941805 1.6371578405697
0.00969853029562041 0.987087675496487 1.91749226650497 2.9933926067061 1.96128785647471
0.00732454751914373 0.916153942870408 2.05167083617998 3.00755186372461 1.79616906562129
0.01103659251206 0.883309288068658 2.05899213043014 3.0557005415252 1.73481741918366
0.00804858600203174 0.939024452131281 2.09354666891829 2.88917434297835 2.08564548260992
0.0556597779834463 0.784796272922156 2.1959354851655 3.03252323226841 1.64114539569478
0.0291826100456618 0.809950367734983 2.17390250808766 3.1349409067518 1.76750745591797
0.0130887421162832 0.948675096419368 2.13503825476745 3.04887461014055 1.98584314575528
0.00883458953250541 0.887853789964202 2.17480506804036 3.30895230169216 1.81734744419746
0.0200499897854821 0.907243107923415 2.24195625982129 3.06392066789894 2.23501981056763
0.00885469166379354 0.976283951076533 2.01007431184117 2.78961653059027 2.03756895766333
0.0417761925194488 0.856528503230042 2.01311615085516 2.95830016878337 1.73478037522193
0.0108187165087553 0.915655844936354 1.98658739999525 2.88992714150125 1.76361799273735
0.0129791619733694 0.898708212266743 2.00364922842749 2.78394597884265 1.91549189513069
0.0597845457231279 0.893062625648712 2.32748542201601 3.23157362042364 2.01050307693353
0.00898779848741363 0.975748676413389 2.0159854586122 3.01608520038258 1.83149451339473
0.00734672694407453 0.909986638047106 2.11238408278018 3.0344622434164 1.84607552669597
0.014902388227999 0.864174724529969 2.26520291142042 3.16795782038739 1.82825345186249
0.0127189856082015 0.841228817266454 2.20140359625096 3.20893939223637 1.88924266226975
0.00726565457386159 0.907762754844744 2.08460845962866 3.05242404462326 1.7013160407802
0.0276569013350362 0.807211831961833 2.19208539331501 2.92061168049563 1.67771857871588
0.0186983406673041 0.961739398253203 2.1374191826005 3.01177589287726 1.95776844826071
0.00917779814219952 0.880309323257376 2.10035221373019 2.94580611238566 1.90985179021173
0.0185026344011168 0.87243927750346 2.27921697483596 3.36280350582554 2.03423072583318
0.17347148222748 0.784703633098785 2.48952764049943 3.09647041606101 2.0597680539982
0.0215866577812395 0.831706957584618 2.13268034701234 3.00748693287011 1.59265533684763
0.0180502462785164 0.949709564001969 1.88289076507439 2.89757573275789 1.87116087892097
0.0183621688747637 0.869624742078201 2.28124835725382 3.20537109190284 2.1048554003777
0.015771453610035 0.986055868713473 1.8489779273483 2.73240886390999 1.85789542806008
0.0109592745448956 0.943492775207379 2.12763299886027 3.22843269178667 2.03069226534559
0.0103819366736486 0.880579619702788 2.20825114323931 3.0588043776433 2.13946869412451
0.015932412664322 0.825711549075628 2.25012564350355 3.14990925103889 1.85158052663173
0.0122238204049235 0.999257703375565 1.87441767771486 3.09129994957152 1.83113081221117
0.00716385990792307 0.939354153008361 2.01570021320564 2.88360342150995 1.77912099769979
0.0248896832066547 0.872193214398326 2.01058895873467 2.71083262504508 1.76922999159887
0.0091121005737418 0.889374110448034 2.18076930051213 3.2335404185728 1.85416900900813
0.0226240146912689 0.804216293487078 2.26620757906755 2.9944619973321 1.92384657555031
0.0107842996120827 0.894911623818569 2.03245437133246 2.95448332569259 1.77519270543254
0.0182650505526505 0.849005023663477 2.09687776807717 3.0824847898608 1.56978811512158
0.0128183113080871 0.934131490792872 2.16143142929514 3.06792910000743 1.96531297308043
0.0103525823265996 0.951073438803947 2.10511616239296 3.21626271516175 1.84027769168835
0.00901816859573542 0.911688469457681 2.01777200592161 2.88871310722531 1.92369427193186
0.012606394376104 0.846075132888002 2.16665114515823 3.03302967203848 2.01764986712454
0.010163170952852 0.950611749256748 2.10387396805718 3.04098224855735 2.08918502190862
0.00850978638875955 0.974222574097602 2.00640043925304 3.02584846506427 1.90027092668188
0.114366812572498 0.842323197252776 1.99179935490901 2.93798593628259 1.7079289799465
0.00864729540040533 0.934987731689752 1.97928849936336 2.73886757646349 1.64534521120466
0.0101967263973196 0.859755434800046 2.18274034792826 2.88729419194277 1.90793841844101
0.0275822352891094 0.850133067548288 2.05697099972432 3.09014565925011 1.70921625899021
0.00779141227793845 0.926549670390429 2.11006946753831 3.12187391566255 2.16722455999
0.00819414750850874 0.944580465758128 1.97382446784836 3.02485873261149 1.72513284769938
0.00870751406682512 0.920450758473401 2.13971735406703 2.94483179562972 1.96809375551701
0.00907319141777136 0.930743918463668 1.97953453292488 2.83135536082469 1.79560000398824
0.0239382251100762 0.977158621096377 2.1206787265539 3.19836653714356 2.10033014750022
0.0162161075051207 0.952547777056697 2.14575982085809 3.07262858538867 2.03445321409398
0.0472978527692681 0.768465552659703 2.33162077436951 3.18908059955523 1.85584116307989
0.00913922533503336 0.873279880443119 2.17585950828134 3.08145081530731 1.94538790950347
0.0103441259930823 0.864465547211702 2.20652008984672 2.91550639340829 2.02153531291957
0.0422477073367055 0.971635179786176 2.1697375315296 3.1591043869557 2.13145138733229
0.0139565005504303 0.980262564276529 2.06681092480989 3.00370594219494 1.98887761221936
0.0121077711523177 0.865908631535825 2.23788968496189 3.004856980004 2.05247238104391
0.0124067271365321 0.882148009289504 2.23090116264976 3.00389389385843 1.80084287938703
0.00818098120600979 0.922930779975982 2.01009397576939 3.05950408967186 1.8809471692784
0.00779854988265121 0.900606816936847 2.13782802501329 3.11985716989201 1.96989694469233
0.00822893335059887 0.973085061800238 1.95905421299665 2.88446137080236 1.99504020240338
0.0282717435846142 0.828566641480805 2.11486633829901 3.14892266482319 1.72522976316604
0.00917899228425782 0.87791739466408 2.1094645291678 3.12249952978033 1.87357642576276
0.204429462675232 0.758589052925535 2.17907577903155 2.93642929487565 1.73537082543757
0.0130244252030135 0.971241163231738 1.88209109119221 2.81698976586241 1.79912062916399
0.0148668053324106 0.905999373138405 2.22025478797138 3.17435112084125 1.8679537411736
0.00761588935806308 0.903749345174065 2.12878608880779 2.96608902865319 1.8851245694731
0.00954340577672986 0.989614215179169 1.97043658669887 2.84213817263569 1.76217450192421
0.0191315758507651 0.814701992569853 2.27372190278375 2.94943832126705 1.88760875789109
0.00825007529950847 0.912698877252762 2.0302553104864 2.94979474920243 1.70141783288598
0.00884527716441731 0.935613896261808 2.11608839433501 3.16939033718237 1.85270714699278
0.00715758496678408 0.941871956807795 2.05444177882622 3.19409358453175 1.91466260306216
0.0107499900584988 0.878440818309539 2.21482157249399 2.89093775348989 1.96425620362283
0.0087506680425686 0.908306686664612 2.03006156015968 3.05297304605593 1.72307074798669
0.425275669254325 0.982640894401959 1.67265968152788 2.58299318590295 1.68639257313871
0.040298609503732 0.776402484838796 2.33960550612484 3.16479509875131 1.81855966211088
0.0105294783054931 0.915422826235298 1.99007121011001 3.05783559562059 1.83973457057268
0.0206903558660876 0.906242348879481 2.24569283263115 3.10833396065371 2.24768994319367
0.097404676518329 0.743448335819162 2.41758660872671 3.28227578486593 1.87991276501313
0.00811241883574294 0.919351293944942 2.01889495009484 2.84515049754783 1.85111717407664
0.00857903093288309 0.90001754620641 2.16186745368442 3.00246832906014 1.89644197221947
0.0100983757155971 0.92351772960149 2.1549158106196 3.16125899467027 1.96752381473563
0.0205972418070268 0.898578934160215 1.96604042895379 2.77322218386186 1.93309740715648
0.0180862131008435 0.834770470249964 2.29622435733013 3.05270484934482 1.91162207845541
0.0125375628076684 0.855509397188773 2.12637614129772 2.83623316333679 1.91783223376512
0.0133466735724487 0.843749246010764 2.16286699503926 2.96108830096675 2.0665558953049
0.0483096370415735 0.992006592314346 2.13076346534064 3.0889489387891 2.22271276779695
0.00787169464378509 0.893653969684709 2.0990568105516 3.02900535925821 1.98435170760222
0.00918904332059786 0.946939920309767 2.09853109728844 3.02532651629007 2.04289009969782
0.0420591698154561 0.892411647327062 2.30981719131126 3.30095451768125 1.95604284852315
0.0173237685479347 0.843908697253599 2.29088127467813 3.29428113576978 2.03998620977173
0.00789649945549895 0.914577522195309 2.13004071316312 2.99005741652421 1.90767880056034
0.00972224990518866 0.989715648111979 1.92026569872323 2.78798516286687 1.77282195079661
0.00734731374910141 0.956588322337828 2.01142750417402 3.10288210764474 2.03543015095997
0.0110725259256145 0.972094012651117 2.06214146020479 3.00287410261125 1.99143425213473
0.0202921744177164 0.829165391501831 2.14918476861314 2.90448201525275 1.86564679947269
0.00742155362730727 0.948006511768379 1.99384402556447 3.03572223611087 2.04754734913337
0.0140032024132491 0.990123074024827 2.03925128455515 3.05048151293679 2.02492008260645
0.0140809500609377 0.942911988088282 1.91315920680361 2.8316498472831 1.91156116304653
0.00778074911835485 0.909982006610629 2.13150750362771 3.13275138870336 1.92998933264816
0.00801504224534848 0.967650184807963 1.96389464592133 2.85881049517839 1.95240298155047
0.0113723593433954 0.992231803883861 2.00349153628294 3.00660233008033 2.10659558044576
0.0125813225519678 0.871653424134353 2.2405312510688 3.23391417963166 1.98806780728675
0.0147564367461266 0.8483560979706 2.2691442499727 3.04740658484255 1.94622211432687
0.746846866633913 0.69987835741339 2.57290662964113 3.27141513418912 1.71626273632324
0.00859080849617941 0.899531782705299 2.05512522684008 2.86771923869429 1.86283914792889
0.00719475011067359 0.950259338560011 2.01031972411712 2.81438579044501 1.8943691395933
0.00976114546676648 0.991935371258835 1.92418767744151 2.95670366643636 1.93785994517834
0.0115417813525905 0.975351551965785 2.05851592223633 2.8584252399226 2.00979891980761
0.00864269376473339 0.978146524093894 1.99366329129492 3.06495359890784 2.03758914396531
0.00825513586432341 0.906048605432996 2.04606811918775 2.86665827067535 1.81398998497961
0.00857370249337034 0.898663422472171 2.16281853283019 3.1431966738993 1.93457266880675
