0.00805104067063589 0.92160891122715 2.11071728074841 3.22997656225862 1.83102868593462
0.00904616688419559 0.879774238359009 2.13673142922008 2.92876174099059 1.93640613833574
0.0116974273959164 0.980131019909881 1.88992697625575 2.96643707311269 1.82913895784964
0.0151584851637209 0.870162353832063 2.25963623149112 3.12354658841947 2.00728142409587
0.00805607430153204 0.91248653057993 2.05062924475161 3.08618088115206 1.95105899759718
0.0077971611060207 0.940102567318843 2.06760271022245 3.01901839079204 1.98701324669337
0.0105950591527513 0.993929263046181 1.91411702297966 2.77411922092252 1.96683028934795
0.00854272882519681 0.887808831020334 2.1239750606986 2.8914185336927 1.93115782186457
0.0133097043618066 0.84628813708641 2.16711538187545 2.75747323056192 1.68393947970838
0.00758484573596623 0.916299654630907 2.09216883752994 3.05361050578451 1.94010785618979
0.116640959158625 0.739095141546391 2.32379657069379 3.24802518882998 1.75282358002619
0.0104725911646645 0.95904148739447 2.08035147538735 2.97756148256799 2.11854574886257
0.0756933152207694 0.847697444651094 2.39827725414418 3.35707806462116 2.17013566709458
0.362595597370582 0.698703936043284 2.48064530226868 3.27809399856585 1.69018068169056
0.0158129266584676 0.941799909765026 1.9070843472128 2.88678403716779 1.79296936784881
0.0208873300534218 0.965930927212756 2.13301054540072 3.02514542331366 2.10078804225004
0.0128328202109888 0.848104111809231 2.23143637394873 2.83076698265563 2.0074215977538
0.0125970679676015 0.917963476604155 1.9708630969023 3.00616621777209 1.936583926877
0.00800218587639394 0.946178867080921 1.98975437074007 3.11640311786988 1.85260772394651
0.130790689521122 0.932102419742125 2.30273958679879 3.19474659028507 2.03141745595845
0.0678389228081757 0.897933521671033 2.32809987094437 3.16527005890155 2.07937867210838
0.00897618695995139 0.891690137220099 2.16390438077715 2.78272817085015 1.91012983138851
0.0659669134920153 0.947839832181632 2.2415008210175 3.09159085066503 2.17588596633465
0.00763774396370465 0.91483896503047 2.06635400088775 3.09909872083293 1.89347595559429
0.0506039714870108 0.804758891826814 2.4043371137914 3.17087884483618 2.04938740855649
0.00750095293508875 0.917925931802207 2.07701458084102 3.06423330921624 1.86097560862891
0.0113031208927504 0.857890572579343 2.20745243182221 3.00899898521814 1.96484592655114
0.0703038680332927 0.996077447398288 1.73317268100796 2.76326013541932 1.63908879717059
0.0221501337768362 0.949806996834419 1.86832928780182 2.82163650650339 1.87232310160327
0.0154341052378407 0.907931031479363 2.2177434628851 3.26150952121528 2.17149902474973
0.00912222879677558 0.888895421546669 2.16864767891396 2.84791498248602 2.02861743691161
0.00818848504215807 0.942058968956593 1.98868344612914 2.89223922524679 1.95067262412039
0.0858339622028592 0.951847153412719 2.2467926646352 3.30787065097586 2.13038576636714
0.00921251762386979 0.906674629068505 2.03532998608319 2.91584854127904 1.9603078719938
0.0171739176710955 0.902486805769761 1.97460339168695 2.77279865966185 1.77320794646331
0.00844904675438533 0.909796090172313 2.13713015817176 3.10015337693297 1.96879594979273
0.0113163714070933 0.971253142902647 2.05920898928771 2.87325029116625 2.20283678799564
0.0523021419701258 0.871448158899545 2.35071858389166 3.28436426359872 2.03494647535311
0.00794886598324686 0.902417722062893 2.11785089046929 2.88567010102526 2.03129982653714
0.00892873836971076 0.907657188955351 2.15121195040923 3.04265491034601 1.97959585944618
0.0112036391038681 0.856262907464995 2.18143837170321 3.0524454850451 1.77214251922297
0.00956641660515491 0.981775231317838 1.99107126849328 2.92980978398171 1.98833848026908
0.00964839039952103 0.874086015722771 2.17646391212852 3.08358043994382 1.86673976054889
0.462661521650949 0.796133270768172 2.03823084843387 2.77011967541638 1.58670261060102
0.103345190161034 0.893071298639663 2.35548749680356 3.03788644905017 2.07494479919783
0.0230284797283635 0.8370278603908 2.32273771580261 3.07465420886412 2.08955776725902
0.0227837915610678 0.808066640357954 2.29827296123719 3.05824402069786 1.72646181641301
0.00945049509633488 0.890408592647519 2.07467263306665 2.95471552373525 1.73004442517956
0.0196543263249339 0.846581666723825 2.10282696524334 3.01335032079935 1.86245404588837
0.0113184070879389 0.991269114842059 1.99451128995949 2.91336769318469 2.01111942245241
0.00787546965263433 0.957598676552562 2.0142780114584 3.08525442703978 1.975436487683
0.0306081681010763 0.905213747940398 1.92800811110346 2.81575070820661 1.53361947117886
0.0223478581042127 0.936728092698211 1.88937845080555 2.84148670490931 1.89457147178333
0.0104672089754543 0.932521629622121 1.96404196145461 2.74616989061902 1.69611251484126
0.0583246424517163 0.843351396056818 2.38811877364021 3.22200037310506 2.00927960173671
0.0236555949422728 0.806960092491182 2.23535301751511 3.18727849757271 1.55514643760703
0.00950096347671552 0.966494347272438 2.04465358229991 3.06361953829229 1.92669168909183
0.012001601022216 0.940583857588235 1.93485128075223 2.94774445650758 1.64874882300929
0.0164441603933508 0.990358686686762 1.84203243228012 2.83822078232053 1.81027739328388
0.0157677994226525 0.892999793288984 2.00282679598206 2.99464142282897 1.82559955660653
0.00936217826251431 0.978731708738296 1.93473619737736 2.95911538780982 1.93745204358268
0.00799811816049577 0.926618840947285 2.10132644976777 3.21304645992501 1.94270461489939
0.0149741746256293 0.85668065296884 2.26563952379842 3.00792899487466 1.91253716988935
0.00759924158847064 0.941038441904295 2.0543722351305 2.9949473375857 1.889129015093
0.00795712991568848 0.926739865946623 2.09972708453407 2.93863350864852 2.14223345630807
0.0277286378982121 0.800016261649563 2.23722864646713 2.80587702686914 1.89375621756266
0.0145154570877467 0.885526289930474 2.24074250413441 3.10431233394465 1.89563532115704
0.0142709974990071 0.919571348380204 1.95579213450307 3.0389576721904 1.79611450712107
0.00771179651061609 0.91193584972685 2.07035913199041 2.85983785241527 1.87242093875533
0.0634814305338269 0.772873015577695 2.41881060077323 3.11252864466464 1.81229899568797
0.00873767853142493 0.897108781875069 2.07243134808704 2.83454398038404 1.66604341321221
0.0383257913368052 0.930333502214643 1.86690753273704 2.88498711542705 1.75942575647128
0.00986105561439297 0.91700810322428 2.00156455990408 2.89940691347384 1.7994340430263
0.0091687297770548 0.877785318801063 2.15234085932689 3.20568137749285 1.85720199770693
0.00869809219682494 0.948928865208708 2.0744677449003 3.01643857401646 1.96238087489972
0.00835383725813178 0.943627048985514 2.07832679828706 2.92559694734525 2.17155831689315
0.0135150875759086 0.848790243945739 2.24685453705644 3.12843445057221 1.67214338484967
0.0422839015535752 0.88057751444213 2.32692120585673 3.43056188102532 2.14983521412678
0.0111136522106631 0.862581419645811 2.21057019382854 3.18034928799613 1.82593075311226
0.0117971095559238 0.951769671503424 1.91958190344211 2.84709862270276 1.68355983504643
0.0393932087631949 0.902099278564173 2.29254206910802 3.20044171842833 2.17163174579935
0.0317897560418147 0.838482625547459 2.35112913012222 3.10790039771347 1.9970023684577
0.0085017428232819 0.895457277459092 2.14694333205114 2.95689759001425 1.96198301621892
0.0103299664353954 0.985428975761832 1.9110555003255 2.74847140626692 1.79103889822801
0.0125845748762914 0.968542257937935 2.0797084366168 3.16262471685545 2.03700510424783
0.00833038591423545 0.953816960494611 2.05192372836216 2.97236634683939 1.95125059963273
0.0281578439786931 0.820421950812164 2.1474409497113 3.08698188475793 1.80872712431234
0.0109507442362178 0.999346693367247 1.93256954978909 2.69846477924664 1.78111780002641
0.319280259942203 0.985417366198062 1.67606482200169 2.72583409460623 1.47435692537951
0.00965268998760291 0.94206881896058 1.95898271933362 2.93885816727518 1.79294313797203
0.0119507458105413 0.979524284063445 2.04312456072034 3.35249217607859 1.89931981935006
0.0359467959602247 0.819638439435678 2.12565341211154 3.03541716682609 1.60085114056503
0.0104294115728879 0.92819793420597 2.14436302317974 3.00099618531418 2.08795883320673
0.00928301102932681 0.935266402295326 2.11508341891143 2.91288899046863 1.75166120077909
0.0237108580140832 0.989230695089068 2.08600635024463 3.11133734304439 2.1037403782135
0.0686477501530716 0.923263815169025 2.28813443502331 3.04130076476128 2.02096659636153
0.00745640817248984 0.926247715386413 2.07230312225734 3.00347110591859 1.71745476642444
0.0103597142853713 0.866812478253508 2.19246549782367 3.03377730677522 2.05909032168314
0.0402315300436431 0.780193785331966 2.35705011139049 3.15811449867963 1.72443550090563
0.011641870283913 0.997661967586169 1.89045405922309 2.87495834994266 1.93428417533128
0.0346212674897109 0.783949748737868 2.31764132732347 3.14122080164332 1.66295163046557
0.0106870859082564 0.952216845533246 1.93061138456354 2.86549611545743 1.95045241984104
0.0245563169546044 0.818200119419297 2.3301426685799 3.02449743577621 1.86569361614886
0.0121123336331946 0.92186853477099 2.17248904742857 3.17685629696632 1.97034696233054
0.243428767009803 0.977013591750718 1.70040035404643 2.73702000199008 1.67877259026866
0.00815959158880608 0.965085830915682 1.98389364537158 2.83107864239211 1.86172043351637
0.0197905591443055 0.985633567464935 2.08033904808165 2.83767511400681 2.05701900568915
0.00748860432286697 0.93950507928535 2.02637487622652 2.80040586143244 1.7203528931822
0.102893257161543 0.902109421905448 1.87044233075947 2.90734310170822 1.58522853663599
0.187872791113416 0.784273658648471 2.49871181543378 3.26841648497972 1.83967873104283
0.00925668702799766 0.958195827552255 2.06296185336217 3.06227192148734 1.96867227298835
0.00845184061465859 0.952704309625596 2.05863915110601 2.98452468754502 1.97723864239213
0.0103235759669018 0.923920536946316 2.15037483446189 2.95821647418995 1.86120618957225
0.0114705049809692 0.992901940789445 1.99076163055341 2.946793618864 2.03863832811121
0.00809134836448196 0.913795895223086 2.12175278781853 3.10590603241436 1.99201032727321
0.192135114228104 0.752095164403419 2.20896567117655 2.94201775821359 1.6066328128785
0.0160409376147629 0.892783809221965 2.00176771187507 2.89921584334984 1.78066825517129
0.0135466918034811 0.998455229050045 1.86183626079293 2.86977056266124 1.9629344660288
0.0185650899417552 0.973805050634539 2.10485983048526 3.28012092925815 2.31840434677497
0.00852416953620522 0.947731038609799 1.97227347873215 2.8008402583588 1.89093604121236
0.0218275024793187 0.983631550698898 1.82327374792607 2.81385832452687 1.53171423310804
0.0103477964669094 0.958270487883229 1.9271395279496 2.88982856520266 1.96514342242232
0.014959806291498 0.984275013891007 2.05686661939804 3.03377991394515 2.12959031651223
0.0154905238672658 0.975382412217059 1.8620921385534 2.82992985611923 1.75336428475788
0.00879301768467885 0.930044715127337 1.99377453237052 3.00010634249916 1.85067823937165
0.00751381465409739 0.920222110788802 2.08359015390441 2.96971828604348 1.84456750149449
0.0138057690543367 0.868703905737037 2.24952097640813 3.02401203400299 2.08938512392129
0.0106781562451589 0.870309994149243 2.11656810869188 3.12717023570541 1.77803236964651
0.0367053207178729 0.846678983562591 2.35542728922289 3.08646705203959 1.94522546562348
0.00864392236566614 0.896418697843922 2.07762910776651 3.00026615756934 1.72847571031266
0.0131043716807143 0.85157017574181 2.14579262821682 3.01429963237557 1.78056343612807
0.0198316850319646 0.941388866157294 1.88999288485086 2.78595197465384 1.8326375545307
0.0262308551588315 0.798650898303154 2.26911730979431 3.21120918687059 1.80962842888442
0.0309123634636345 0.795731653415454 2.2376426213376 3.07213203151171 1.90144798185839
0.0850796318379922 0.805373835735229 2.44079058693187 3.35578934961516 1.87204454825749
0.0077898166430008 0.917537671540739 2.04875118211477 2.8216323009987 1.80770676434553
0.106915915335802 0.80976009328364 2.45135291692145 3.4676718479496 2.01828465189863
0.00930521049190812 0.983569472311612 1.9572284373097 2.96964733996448 2.0041416042938
0.00950105529083954 0.916369291390685 2.00831965913698 3.04011226137834 1.8540508597246
0.00808319475248684 0.897069485902713 2.1147367351335 3.02038567112913 2.1157287555848
0.0143186757518182 0.961888746814646 2.10956691960138 3.02268134100836 1.9348514791864
0.00764854157969004 0.949763873916686 2.02826108968491 3.05793445829813 1.71702881678863
0.00840464843788623 0.903949180456677 2.14076943900285 3.00709874053513 1.93913090483199
0.0115191725281005 0.885606848408107 2.05521974892293 3.01456306623387 1.89418384764312
0.00804017655523484 0.959527927857427 2.01983120330462 3.15807766678079 1.92120606352872
0.0159428636900554 0.834943944651277 2.26853395974452 2.97639171660418 1.64496813574049
0.0102875116156604 0.924899958817389 1.98018440986124 2.95306371392729 1.66691432226065
0.194314291096045 0.71661598314666 2.42881251483909 3.21748995343667 1.84975902459547
0.0109523101483491 0.893083639432704 2.04257148201096 2.9338667756467 1.81198592413252
0.0143160905789372 0.87486330001918 2.05711211625852 2.90539744200455 1.7470858886186
0.00765363056814863 0.91738367975868 2.05700925044939 2.94119234465051 1.9226385540945
0.087026984630196 0.88814775563489 1.90638892851819 2.92202713265066 1.6287051422941
0.0105765086065086 0.982242598452846 2.01454094307622 2.94022365614955 1.97598227123304
2.05729819772816 0.659753339748114 2.59595251615938 3.28040983908145 1.78216481430219
0.0130802938524584 0.992594518819929 1.86807600588387 2.96068706780017 2.03826470930219
0.00769860219816644 0.912652607519316 2.06885178320641 2.92753439751232 1.87567636916043
0.0259551721951082 0.815982608195532 2.33666352054006 3.29830166305792 1.92488875550898
0.0119279368933651 0.855199825966308 2.22159047537816 3.10333134185966 1.95078401572992
0.00782486612688037 0.914159204962486 2.11017399833652 3.0840180136406 1.95989285566949
0.0372698012846899 0.838040032985916 2.07017030488943 2.81448414770555 1.66190263000248
0.0993853623397321 0.958662848273943 2.24033309776204 3.16809558202916 2.12266290093428
0.0144619190838624 0.857369098877863 2.26061755072236 3.19988986500785 1.82929639645741
0.0164921179419349 0.858964466464548 2.27659999780659 3.17711774747144 2.21168690870015
0.010352142437158 0.948407207340525 1.94001651675154 2.89032084068191 1.93654766191546
0.0331579723056239 0.835983625340462 2.08479936534432 2.76438067826587 1.68815451726182
0.0315864856765109 0.805990764357943 2.35747053706011 3.16065824185357 1.84742456571965
0.0114520953712421 0.985942536696581 2.01626855673144 2.880658508028 2.00376946900055
0.0519727450629832 0.775898284518113 2.39600149834464 3.32072663446446 1.79645501339091
0.00802895031545678 0.961186588155266 1.98596631151105 2.99120605744997 2.05094573032049
0.00962030763268218 0.871971462942933 2.16297216536057 2.8918405531079 1.94741173102613
0.0183099990672014 0.903185484540197 2.23912610084513 3.21014925758705 1.97754666089061
0.0195696632043879 0.969416631079828 2.11977008339183 2.96603190820878 2.1382183951097
0.022466996917167 0.808161201359686 2.29295015500792 3.31696795559749 1.86346757991204
0.0761837713262125 0.96101109909643 1.77877088193246 2.77836828465716 2.03774166874717
0.00803099527603268 0.959708607296774 2.01832177292011 2.9295151021763 1.8291135256274
0.0154150359125518 0.864385868955563 2.26559680798946 3.10376854130374 1.84784871702613
0.050784486648971 0.80283131767416 2.40507209834386 3.21974313312945 1.96062919676755
0.0189327021901586 0.902389527033113 2.24294243775772 3.05462773038079 2.02732916943858
0.0168154860763212 0.884178638451913 2.0175391334958 2.79651902346074 1.72557512995111
0.0120119153894354 0.932863611734382 2.1523643760061 3.04881951840598 1.9552448876276
0.0174638800834061 0.885038132376842 2.25886922635583 3.06821403220563 1.82555029132729
0.010556845109484 0.921702775479274 2.15687822222743 3.11252940611106 1.9903506829423
0.00782435336815919 0.956322419485697 2.0153068431213 2.78826218632523 1.93992368105438
0.0104350140919006 0.990815965856416 1.91322015893963 2.93884849792131 1.71278453210634
0.00820621976742915 0.909144126342433 2.05421279959808 2.77926435856121 1.86878658171005
0.00829494570166804 0.954668554270037 2.04831428161817 3.03249118125838 1.92481703462003
0.0101352931093343 0.977742350863632 2.02165669852013 3.06288585639995 2.06342693844966
0.0105715583691723 0.989389208154982 1.98627100398006 3.04438036925993 1.7932487180666
0.0568053768500889 0.778077935199351 2.41031394391485 3.17235128722602 1.8485768720625
0.0110266575074524 0.929339343376999 2.14915518529935 3.18477921903528 1.94570404664835
0.00804528723604583 0.898147578135218 2.1076579590041 2.87106659254579 1.80832064706959
0.352169049108597 0.736835372248118 2.547459866783 3.22735431164082 2.01637718811241
0.011536958327598 0.90862473749462 1.99964223612517 2.94103704656618 1.66880606428916
0.00750783050649826 0.93341365215272 2.03130216759688 3.05569096147898 1.80864854331531
0.0144387241358553 0.875999877054144 2.05313388591192 2.84381413734958 1.73616960962373
0.00818802126256557 0.927419158310378 2.01291013943073 3.07371962614864 1.94891747975979
0.0313229437357449 0.807679479154421 2.35721134870149 2.95714659114814 1.82000636587745
0.00870015346585973 0.970992900112923 2.00573148694039 2.87682240332205 1.91181891708039
0.015441678991417 0.846160842116016 2.27080744580522 3.09213085333869 1.89114318552021
0.0126298464128548 0.852085330133908 2.23371521794151 3.13224386645483 1.71644886143207
0.0168447308355324 0.82928807119949 2.19323701741449 2.93114671105343 2.00659186771897
0.0331762904352932 0.882504585522658 2.30958489218473 3.18128595631498 2.09712305684262
0.0376541252816585 0.985767771542063 1.78250822616787 2.98499224750258 1.86720241202379
0.0121432030984957 0.988943876191233 2.01570300278923 3.13157500361795 2.16417246281141
0.0489512950854629 0.90687489524738 1.89766008909775 2.86977134089528 1.75688870687817
0.0228614760976905 0.909820275331291 1.93794559320707 2.64626553841681 1.89803717486999
0.0224745674374318 0.982190695636768 1.82261346913255 2.73370595993866 1.69500523170334
0.0104541255533878 0.865704037272768 2.19381163365127 3.19151516738694 1.91900732607281
0.0208036787249087 0.82158056941637 2.18493413060131 2.91713025660872 1.81895928195569
0.00862389028142911 0.899613420323455 2.06817599993408 2.92663115435361 2.00599507065798
0.0126826830980129 0.857148953566323 2.12991845586736 3.00011127684836 1.86556692931602
0.0210245966645904 0.987341969502326 1.82234126938446 2.85951503526633 1.81846209370489
0.0190357597368847 0.996322848288438 1.82305327670071 2.71100241556189 1.68767491463135
0.0142161124114248 0.859313235363419 2.25767340809719 3.20102501408341 1.92971513181639
0.234918064471164 0.790213802922477 2.50646342999734 3.32284499732145 2.09335193407516
0.00768759003472488 0.909757146195346 2.08287340727413 2.95578889772631 1.79439563439954
0.00876425841120395 0.939324555863849 1.97868392002197 2.67505965875093 1.76061286476654
0.0248817225741087 0.954513889481628 2.17069167571553 3.21849792418059 2.10670018904019
0.0101586202045463 0.986098365240427 1.98998137097816 2.91359323014834 1.943517627919
0.0107266962909483 0.878028156223769 2.2067755422641 3.12150990954433 2.02070389688429
0.127851451690259 0.731144620526948 2.37578255395009 3.35266389658486 1.80818123303846
0.0244631282323344 0.802186963114059 2.2675136665124 3.09846014778679 2.02003306639809
0.0356239094402451 0.840262354291375 2.35856556398452 3.50403733277674 1.96993725792818
0.0127634202915863 0.989055693504589 1.872856077082 2.95379846597095 1.92603747713728
0.00997286910184049 0.977190682624234 1.91823004487828 2.88989436865502 1.91112845535449
0.00800845475982868 0.899187667349511 2.11521140613682 3.03499316483924 1.74465658120299
0.0572769194482686 0.89515388385997 1.91285924522449 2.93769263308136 1.75103291495362
0.0136975599659473 0.979241505185938 2.06105217623922 3.04875008318477 2.08832742434881
0.025326143854018 0.809467232635997 2.20528433970122 3.26146454562794 1.9417387347702
0.00951690260964465 0.97598092008621 2.01380369091858 3.0933996924338 1.92314310859748
0.0106866044021042 0.957952705352555 2.08577607442378 3.0287613660488 2.0315738505213
0.00798292304359541 0.959295786962663 1.98675131799107 2.96501235776384 1.60499498680937
0.0157348753720636 0.93107259512066 2.18138651121507 3.12755991634159 2.11401264095301
0.0173850037524602 0.979485329143835 2.08476053384729 3.04067759514127 2.18910843874614
0.00834254316164345 0.927881438627625 2.00789264232734 2.85490973479142 1.72879880891412
0.0178122763843238 0.852139285509231 2.28883965862878 3.2444159786291 1.91091677684725
0.0651251354027831 0.980762708503905 1.7574043365883 2.56104891934388 1.7006393441994
0.0911356664362257 0.918684270873701 1.84402202783879 2.74191023885923 1.69552207960466
0.0136248476001728 0.963638589784367 2.1004501085534 2.99018758242297 2.03889424449248
1.03869557517458 0.908490815220927 1.76836880658683 2.79722876549301 1.38634863806093
0.013025192271049 0.843322769977661 2.20336795283802 2.91315441414329 1.79868939997172
0.0118232001813417 0.875582552824154 2.2240929358034 3.31619263021905 1.90704348069417
0.0139992691792509 0.97240992020616 1.87539959289377 2.88480691977915 1.79837308112741
0.0227096688193507 0.985166878150444 1.81846275572666 2.83743670319823 1.79458711189461
0.0207556948622173 0.974262205354353 1.83827825526839 2.94283798104437 1.82807943540606
0.0234450598947033 0.804317477887525 2.26974062971595 3.15523789268539 1.78454395016136
0.0156081414710093 0.911426509071109 1.96407597299551 2.83867819457996 1.75551641374807
0.00810249364883656 0.897961688694154 2.1244366670289 2.94518629383689 1.90598242829121
0.0105170817158259 0.86720931150741 2.19895630383327 3.10237084561321 1.90345248250624
0.0156626129033929 0.979629811559067 1.85654290377328 2.87536500383506 1.9502053887923
0.0080675109639924 0.952685514159902 1.98159005691113 2.99849337011741 1.95001565860931
0.00761924096940705 0.940531640518987 2.05708865302423 2.97629762679392 2.03594329646512
0.0488663547682608 0.923290443019884 2.27046733964858 3.28333917073616 1.9481947527831
0.0101491082863239 0.884373476692874 2.07890368646418 3.16059341535454 1.82083301270352
0.0316961702424109 0.791481938006612 2.33523600935429 3.0302428755437 1.82555580943199
0.0102585579974248 0.933960219868166 2.13177245550166 3.1226082039271 2.00453338563937
0.0354380381585433 0.928246280682022 1.87519699139836 2.92294547942032 1.79830075236284
0.00789155161239444 0.910007200760487 2.11616001952878 3.07624480718146 1.92078110467616
0.00898534144988079 0.973350550829404 2.00749470916703 2.79052574811819 1.911638858265
0.0227313171959291 0.955144146686317 2.16294835192108 3.15735491684218 2.05185413175581
0.019135163082368 0.898643734411448 2.2490763080344 3.11317607571405 1.97675295669445
0.0205699133158417 0.815313042312662 2.29223679814333 3.07529546034024 1.84416448858494
0.00769747148549091 0.947916722149845 2.00375146695896 2.95558614339079 1.84339738947122
0.0123643726906711 0.90975144582848 1.98961876797292 2.91171684398691 1.78275581883712
0.00888460055025573 0.970917518689767 1.94731778919492 2.81094180253892 1.83789413805258
0.0118686906161845 0.968348478665995 1.89816741190896 2.87863492882882 1.72147991624055
0.0109271035352347 0.997457008733796 1.95290162384502 2.82790667337771 2.07684847026664
0.00983092045988341 0.979686935032398 2.00788134016247 3.2061950460822 1.89533476491447
0.00843845525743298 0.906710651538971 2.05339815961369 2.89742292175933 1.81151043981629
0.0539233666168273 0.922560137180532 1.8625450363747 2.60980825448927 1.86428106200092
0.0158307524658366 0.878918011185848 2.25636076676098 3.05539907571189 2.102139110507
0.00877398530769637 0.906846238820769 2.04418964152774 3.05195320658222 1.79653203259098
0.0102174477124706 0.882049574593733 2.08488463941188 2.86698831675651 1.89125639488768
0.0191007440632844 0.851302510432234 2.09180010292261 2.8759326356764 1.74295441730279
0.00883484760063879 0.882926205250026 2.13184568086286 3.2226853908229 1.99078720449089
0.0107106251062209 0.87639784869802 2.20692819348668 3.07329723590785 1.99712536429614
0.166299944597305 0.964659597567449 1.73647316920061 2.71695579913627 1.80698687380351
0.00870908241390784 0.948187876873738 2.07649153197746 3.08756693052421 1.9419189055436
0.0443029015077783 0.821659653295285 2.10229881530182 2.7969807786163 1.62537237776855
0.00839368065635205 0.895462540032914 2.14191295377917 2.92335089555211 1.97335295413677
0.00944729998503886 0.963342341325253 2.05268002068483 2.90256868541577 1.88859719034914
1.2460743970095 0.939574770206017 1.70256749525125 2.84853642664131 1.42140181681826
0.0185853220176142 0.848806166633254 2.10229800369818 3.0466861497281 1.82222934828236
0.0151200699297244 0.836105419205547 2.25639504207539 2.93584558007033 1.77301123363533
0.0525678810118446 0.9757898779497 2.17129537622772 3.21210098643411 2.02446040928578
0.00783175412219035 0.91556742837255 2.10935007944967 2.86070398623499 1.85522067806764
0.0291333323393689 0.83935999187664 2.08608343557273 2.82492600624178 1.81808040434867
0.00960678687837445 0.904199571416669 2.03429582787765 3.00300534167002 1.73152041984079
0.00855810109093916 0.944825720235567 1.97519933479366 2.85763920620646 1.88815202349865
0.0923754949753971 0.777010286225251 2.18205973640281 2.91351056663173 1.60707116861151
0.00992036993346521 0.965683970058888 1.92579770568861 2.84503112900397 1.96986341025156
0.0985941622643851 0.956248313206887 1.77396029614598 2.75160777423534 1.63181089969461
0.00893998310612803 0.904766769512294 2.04570926647423 2.87855444212897 1.94704603628843
0.0117445351102006 0.939251011102735 2.13775604259484 3.08275141924368 1.96362788063675
0.0196700450531879 0.940281243347766 2.18217134803265 3.20221906412211 2.00426992766468
0.0568701984769609 0.801002960613982 2.14411111305149 2.96913369819797 1.6291369633901
0.0181926843054922 0.842212753334168 2.12602782479396 2.96546008903459 1.70212669419318
66.8669899908951 0.834550582944815 1.80247645564766 2.45829165797607 1.69922826989539
0.00801800665273568 0.901991387450307 2.12325105721055 2.94043372083242 2.01538074673829
0.0162324968873991 0.989678011200343 1.84389433732761 2.8091385434678 1.9003249112298
