0.0266671775714565 0.848402840549886 2.20401925346562 2.99251198183342 1.83758970091808
0.0293517011440994 0.939893230901674 1.95884706595849 2.93108177504945 2.02187902130086
0.0263838576332688 0.83719157593989 2.19247918905863 3.09548581360566 1.74487834560931
0.0257488291542424 0.884636777380967 2.11543152205909 2.87300707935966 1.91580070249067
0.035289203508793 0.932661563772333 2.16345898683261 3.102960389335 1.92798326580434
0.0561419546550284 0.884445453030137 1.84646749748761 2.85432212773246 1.60142680013674
0.0679951199202218 0.669714169707048 2.52016810822057 3.14183165337664 1.55863771443524
0.0399044839618144 0.955649246260668 2.14025993644801 3.03839173620196 2.11962113778918
0.0651297583470417 0.777119946292752 2.02399784685763 2.75538995888523 1.66539222308946
0.0256732059523194 0.857252448026175 2.14205340968921 3.06143722516548 1.89973562991869
0.0440887510741425 0.849179965826537 1.94594540255568 2.72148377903979 1.56235901323708
0.0379528121625206 0.82766173634081 2.35669954845151 3.29238903090378 1.93986243965947
0.0431125860853137 0.98732777446343 2.06725497981763 3.01096278017541 2.17366615696637
0.0292078350941902 0.86594947400762 2.23159849196549 3.00992466706947 2.02994895886564
0.0369986274847371 0.991647443395148 1.88093074711246 2.80165637586516 2.04000381292436
0.0877280262144064 0.999781367932182 1.6534728611064 2.60768626799273 1.67169025443366
0.0269381550221877 0.827746251447973 2.15810985164411 3.00018258915878 1.76534750377301
0.0850528819978937 0.646105462185121 2.36715892771658 2.92031320928558 1.54151605615978
0.0490398613499339 0.78087569173943 2.45410117317575 3.2882871637122 1.923887161745
0.0284778472059641 0.904132955487073 1.98253705728288 2.88616426531691 1.80202196429745
0.0420603872143924 0.730575342453032 2.41063019563207 3.16410015702783 1.96950420593292
0.0345208602801944 0.819441248296698 2.06063242198179 2.87383587178277 1.57121380675226
0.0413419597029049 0.723611982459804 2.37642988507415 3.17635326743189 1.81155160508981
0.0714286971901931 0.911308229530037 2.34746527430595 3.0833678496866 2.12037714746815
0.103851634881672 0.621800773373674 2.42398927944995 2.91032801761304 1.51400628896672
0.0599293051955413 0.832088854806696 2.44000249796999 3.23521626769431 2.04610089929489
0.036861733779746 0.743194718745975 2.34620299137814 3.16921548589031 1.76339864908582
0.030982700931479 0.798477253408994 2.30957159692479 3.2054038653492 1.89333320759001
0.0354947592997865 0.748599421398969 2.29609202000262 3.12538384975057 1.68141096396623
0.0517650038353029 0.735859187396522 2.48413859621139 3.1009814906957 1.68029580411907
0.0744035262282751 0.714019483774988 2.15786303157838 3.00853881828615 1.26468604263671
0.0267825319898921 0.879952762871385 2.16600824752744 2.89321172118558 1.98030477335511
0.027613963330236 0.84438776114641 2.08999948031327 2.79756260416839 1.75155336003922
0.131815986970616 0.596266387914561 2.58112683378059 3.21320547703518 1.57215813259153
0.122973636366287 0.801315425284184 2.57409704038957 3.5485666477251 2.21441121215934
0.0759930358354446 0.936584786126711 2.30897257485589 3.14175163808136 2.20031187817947
0.0830155132690552 0.719059205561216 2.12484177386262 2.77839167455682 1.44956123044355
0.0583423112826853 0.906885948291617 1.80835804672021 2.57267429339049 1.61848879936616
0.0300979554388266 0.788967243038374 2.21304001110386 3.1032773929277 1.67756002152464
0.0271707295305332 0.86231506320587 2.20227664212648 3.21216389305848 1.99271493788626
0.0261943319165105 0.846959379518332 2.12618958830295 3.0213295705378 1.81555745544711
0.0380620173127599 0.940750402506109 2.1655306972092 3.05295996871303 2.00823289823658
0.0334306659281268 0.970683645022659 1.90493204836646 2.88284248796534 1.84953407487659
0.0452175522949274 0.848311270705658 2.36989624951965 3.18116463087642 2.04682856152404
0.0317560390301885 0.890462244441427 2.22066419320242 3.10188743343344 1.92904931653082
0.131073200754474 0.639519313177454 2.66562440931895 3.29185479703498 1.76815719532024
0.0685433253376373 0.779890534650259 2.51540016445807 3.15011385369987 2.00183189616578
0.0803789583815844 0.968748551843875 2.2491777717671 3.0975299722732 2.36276431507993
0.11801812687548 0.813596690668145 2.55526743432074 3.41574209955623 2.21185614696057
0.0329293236637463 0.764062010454885 2.29935690614889 3.26033816992444 1.82070681249537
0.0267415556449144 0.827469880853837 2.17416064001458 2.91650678967346 1.63492990729318
0.0673039884952357 0.6600686744978 2.47834795896237 3.0843537103566 1.6310701056615
0.0411576305118114 0.849982428266101 1.95813509768142 2.81561258707355 1.59222149462854
0.0277088755671449 0.812960240119646 2.22895847810321 2.91771948398407 1.91883650067903
0.0298171337667718 0.850301915091737 2.26011343481917 3.14709327044472 1.91514847299343
0.0369973678963329 0.763499609567532 2.18998183396478 2.8151391603162 1.72116811250136
0.030776501511507 0.840103855293521 2.28306389459521 3.32056022037241 1.89425266470693
0.133245471056569 0.878478549901309 2.48214787566613 3.47700543504701 2.06600581506206
0.0528021117875883 0.91183893342375 1.81796684206093 2.67102286289706 1.5168257178916
0.0535591560174676 0.951355391261661 2.2184553958907 3.13059487288366 1.99005214896195
0.0301976242927986 0.924124010534628 1.94170616282182 3.10352745912556 1.81987138112555
0.0317995842022319 0.869601202488728 1.98738420994514 2.84071441434518 1.70669099998164
0.0369633331682163 0.973296442640291 1.85446059826164 2.94496334318476 1.87429748064968
0.0263677204216119 0.87573012958638 2.16190180766885 2.99406039441946 1.89449578055985
0.0352379245626781 0.980845781389223 2.00108403086654 2.97138870193462 2.00999934767243
0.0760193336396788 0.64648686597583 2.43081820169263 3.22568970482922 1.62902333022744
0.0842858131039146 0.639828501673475 2.40988672518125 2.83711255579889 1.49650613007847
0.0409540872405571 0.985104558343151 1.82043030697656 2.56790740637755 1.84128807353496
0.070615408876727 0.752356888987741 2.06806586976688 2.85610514186588 1.56255015729909
0.031222094467611 0.963551623043658 1.96101928739301 2.91284759121087 1.89473742695028
0.197708636806204 0.568191751467066 2.50256000969494 3.05687675279864 1.29935109268487
0.0834002326053597 0.782980303708437 1.97469954764216 2.74111766388443 1.58129785101999
0.0508856339088533 0.924055772049878 2.26707494767831 3.083970023904 2.12640006808662
0.0361100676452205 0.978866352311931 2.02653016025602 2.97008627417437 1.99962819265466
0.043636608709397 0.71837870960305 2.30455304601689 3.16827501463879 1.52016054639027
0.170886105264157 0.62220502678791 2.70723853515641 3.48984773043603 1.66409773533951
0.043020697317368 0.748650599553851 2.43251866887411 3.20341065433795 1.92307605287147
0.0521406075852028 0.760425437174997 2.47896778884089 3.15028567908233 1.91357993271357
0.0439372548926045 0.765770482770805 2.43671546062279 3.06979485175383 1.76571855425515
0.0413442628091191 0.86414162806875 2.32990362624893 3.23286278616344 1.99631940971073
0.0381095612712475 0.744609838603245 2.37859071393701 3.20400849320189 1.65659244208388
0.0256894557663333 0.887050329455884 2.09796568052803 2.95580876979317 2.02738133552943
0.0722667258421173 0.747256722626418 2.547545709048 3.32993310820481 1.93986580622128
0.0643071579728032 0.8927100538623 1.81367011505681 2.58614926104251 1.64205689283129
0.142540322097209 0.601775979237449 2.64121831808191 3.23834797079115 1.49804957379168
0.127855783255499 0.606708956483983 2.42824386083324 2.97107425880049 1.50470016885047
0.0331383658639857 0.807115255480354 2.10262460524918 2.90241899916389 1.64503379327482
0.0307363180434347 0.793470096122298 2.30336983836355 3.1803785664516 1.82711968567857
0.0306692497282318 0.885420382213843 1.97496414447677 3.10590886625715 1.72105012538662
0.0327808729461181 0.970386601442314 1.9214782848498 2.9654350056595 1.71193236563673
0.0354299000734328 0.902549443346452 1.91078039512867 2.78389357859161 1.76771403199456
0.02642057194315 0.833067850228587 2.17513500435908 3.25022077643261 1.88077498918869
0.0549245577347451 0.856931071815107 1.89417404693146 2.74998419588875 1.68680039761393
0.0340690354987138 0.769827451559698 2.20582924066828 2.9092807792548 1.79514833341472
0.0287951691591726 0.856236799282504 2.23886019349853 3.05139763769353 1.88975987759145
0.0303938045065449 0.864416041002884 2.24860849933681 3.31638956426495 1.95719932285208
0.404542930220826 0.892681929239526 1.62099084723588 2.52359971805916 1.55389145021863
0.0439763683898454 0.906688262303532 2.27204183690159 3.06745799148302 1.98569786257746
0.23208759442467 0.581336952136405 2.38543506598824 3.02978536405809 1.46338545899831
0.0375823207256737 0.844404970850948 2.33519647121581 3.14387023476632 1.86961176619095
0.132153947178616 0.594002655512778 2.55130455332891 3.28035466172753 1.48233787643721
0.0303876983064061 0.811894358295752 2.29846959798459 3.2148953102338 1.63133299502445
0.0294096852842754 0.921342891111585 1.95538271600809 2.92081813664524 1.74911375108191
0.0353060772943653 0.985635390920869 1.90330716570959 2.86323515267325 1.84323585446393
0.0614793048409751 0.669364715305471 2.45289414655981 3.23469693469942 1.84694520112256
0.08319891518667 0.906957984521509 2.37699987657851 3.21351687900024 2.05884190439723
0.0257217629836323 0.883867427419364 2.1151995717408 2.76935677697582 1.7807903220798
0.0270247402136503 0.919489576629912 2.05946897143717 3.10291154360371 1.94805977857423
0.0563801095376706 0.699637519860467 2.27194548064083 2.94901156290229 1.66771126044863
0.0270082889025272 0.895109516315691 2.14055837845017 3.01447009893879 1.87256814345973
0.0303108969906928 0.816487978232399 2.29550415368838 3.15196233592939 1.79507032505899
0.026441649904266 0.861887735500785 2.18426978937545 2.94074424234345 1.74110201188356
0.206323101303164 0.889018993055537 2.51293962962611 3.42035199299679 2.21575143028089
0.0402564706758334 0.736811254581466 2.39717479198078 3.09611606273722 1.77923957870769
0.0264433014723243 0.846810554850343 2.19731926130464 3.04099731621577 1.87692152445433
0.0308272754459641 0.796447516180555 2.16381440699928 3.18672209079148 1.60655704823855
0.0259345838086382 0.897361543658853 2.07303061137132 3.00902790308863 1.89078387498729
0.0274209188675605 0.8854026534598 2.02176716054095 2.84387424615156 1.84738224756563
0.335368842203529 0.647567663591508 2.12514321539698 2.77066233301782 1.33817685941442
0.233436902504656 0.863482400997185 1.71438451673508 2.56596474902178 1.35313739360553
0.0434716580101903 0.775582579735141 2.43000757427716 3.25326790462834 1.78174694985495
0.0413186921927845 0.734079528699119 2.40682171524482 3.06902055499401 1.83423420767437
0.0466116597009877 0.888106888268857 1.87235762037224 2.69560978929193 1.66983879574677
0.0421762480485906 0.979701864923375 1.80999047316495 2.76976319877375 1.68508425780227
0.0380643637879408 0.769122699800012 2.16133504220798 2.90862239587603 1.79941184453351
0.0720701869769491 0.948495722633726 1.72639175784963 2.8074253175055 1.72389635213129
0.0584656757893509 0.913117122192709 2.3126301695604 3.03256461855609 2.27785922199136
0.416195880189326 0.975973642885879 2.42611170296254 3.44770018834569 2.33931730001253
0.594377812549882 0.545458875626574 2.8642264169379 3.42071273227733 1.50994545818656
0.0439911503531748 0.777692404996081 2.09773070915964 2.77137494031113 1.57986475157185
0.144292595523144 0.589943663567052 2.60121448784307 3.2929951443893 1.75143835147693
0.0378042227044263 0.856828068802822 1.96429061292212 2.75006728703918 1.65686585103227
0.0614248666419984 0.685396680903287 2.50745012566402 3.19506992641316 1.6904187503183
0.135557522761685 0.955598936119753 1.63835364989743 2.59405072384257 1.53401409942186
0.0979474985014443 0.925001892282183 2.36665187096299 3.20491858699408 2.17965508391791
0.0472824627745265 0.991925882243252 1.77742307442505 2.8548891390558 1.74420569783231
0.0293251660966439 0.882516821740669 1.99510759265822 2.79958469831276 1.57445239409767
0.077927074173546 0.989335576263635 2.19476913185577 3.10270789949456 2.30390867699108
0.0370838577255705 0.911751437755541 2.22341783385908 3.17878670930301 2.08673558280123
0.0544886901641366 0.800508282457887 2.00292545871897 2.62935750281594 1.55230996465205
0.0271524563212891 0.84637100257341 2.21884496698696 2.98442962907745 1.85675138616989
0.0406199713110903 0.882639041873258 2.29755253125566 3.11872809804633 2.19672953824326
0.0274499572089136 0.836981285077753 2.11170151037436 3.06282276142903 1.73160935064354
0.0337282105147314 0.773570593362465 2.19677697857591 3.09118965404254 1.78967864434437
0.0607220835760754 0.908339419982747 2.32757527821585 3.43630999916287 2.2889468748207
0.0775809690606544 0.656302342398787 2.54544654870184 3.08066791298363 1.76937273141347
49.4977062017679 0.444080385781272 3.26796970617636 3.65595819014082 1.39856938071102
0.030002562947946 0.954426086195746 1.98598818305783 2.95158784771591 2.11098206984522
0.0264002359283957 0.901014896678986 2.03773316896061 2.93944928883328 1.75287301295419
0.0265520357565543 0.830243503699164 2.1847327909695 2.9580733696248 1.7726519141644
0.0511410782344931 0.750897326585564 2.13310628741041 3.20431931081681 1.58009018325775
0.0267157388612206 0.827181404285445 2.18136233413603 3.17392246514888 1.73990565919356
0.0311795960470645 0.802512241229874 2.31260586592256 3.11731056722962 1.76546196923656
0.0851163220293395 0.667427950446717 2.27624283130393 2.95581876923131 1.46637248479955
0.107495564499157 0.64225470294859 2.62423714055094 3.19712684446785 1.65069198897643
0.0319347885663931 0.909768202602516 2.18421257189161 2.92242029086279 1.98497692828509
0.0399899107385847 0.810161763562742 2.04348825025756 2.7754580258758 1.64693479689514
0.181338012362138 0.729141081727464 1.99665958124769 2.76500062431384 1.3284434468762
0.0311197460264417 0.869644276593708 2.24888876861516 2.92067271323448 2.08472893075831
0.0392592234177703 0.809088633941591 2.38257860307448 3.20570524986077 1.89067729113593
3.9454655571535 0.710030058862965 1.78869062225422 2.51242089951661 1.2135882344809
0.0272417572654508 0.829777587954729 2.13827220555706 2.78904459299617 1.75855436202714
77.5574483016908 0.675936702634198 1.69127707417348 2.43108461397801 1.23793841345642
0.0667972686042757 0.668798527406336 2.51023452838261 3.32113519743084 1.57031812636635
0.025610275749855 0.878222544069203 2.09586250793701 3.0583693460776 1.87021725587286
0.0343460947711421 0.754712739926328 2.2954876692991 3.14439362631207 1.57468016901106
0.0259793468512922 0.851561157326032 2.12431952721631 3.0305830753042 1.82460718299488
0.0269782167579404 0.916581564604082 2.02005893964362 2.83838189935638 1.7882471766364
0.0313819681549331 0.962380115009896 1.94228620545436 2.82674971872067 1.77578077459604
0.0314443952518967 0.790795871435442 2.17218439253634 2.86066937225051 1.61549158871248
0.0342251925493633 0.93194420907565 2.1556288739815 3.16023563479383 2.03254509927846
0.0327115185466733 0.834639660150128 2.3089283639098 3.10133632098892 1.81160296665482
0.102519329562726 0.95644721678389 1.67034804626931 2.58932698503232 1.59509079954588
0.0257833637562124 0.884257656325857 2.11924506485008 3.01878996422467 1.91044193086991
0.103720908504556 0.640665423116241 2.61349248243272 3.26988335759688 1.57982339398122
0.0832326694368396 0.664402077682606 2.29322442137776 3.04999883264459 1.3449402893915
0.280647983640068 0.879852746025858 2.55716892180519 3.43619339351126 2.29986963932951
0.0259793545038115 0.847127031156119 2.17164939605524 2.91644466351082 1.87909972449188
0.0302439608799897 0.825324994305844 2.09154277992631 3.0502687304764 1.65968208574644
0.0382551700695034 0.867670642361185 2.30762664472913 3.2276794288949 2.14987919333569
0.0297170735468169 0.855306675360581 2.25271642971043 3.07342413954829 1.81360497906772
0.0410862202572181 0.963026434934509 1.82109318670551 2.85262882835853 1.75320585980421
0.0701523628648384 0.877448939416903 1.82448789990989 2.70023163447627 1.52252778892537
0.120734667872166 0.692062202351654 2.13756620632317 2.87054873029634 1.44702627930507
0.0331316705911541 0.975570014098946 1.96976143560037 2.98762662466913 1.81033643928599
0.0428257966633577 0.895858490594409 1.87732715837274 2.76856050820197 1.70981955641007
0.0276813294089261 0.904669708330873 2.13358105489839 2.90938823487937 1.95748629812871
0.0769301964539786 0.647259630002273 2.4117497488338 3.07258226172753 1.52722377927364
0.0478791671779239 0.844507748014232 2.3857329963093 3.34049857134608 2.12655964945396
0.0421086946298239 0.970403684459652 1.81185742002394 2.68787140571111 1.78221199833532
0.0459766540418374 0.861185180604326 1.91727757583371 2.6750862846802 1.42992890646442
0.0309261840355453 0.796079579333162 2.3081261192688 3.13601727012795 1.92382371539118
0.0878153890338271 0.641121887909228 2.55986796203945 3.15094014274907 1.6034650912309
0.0265340272957134 0.857472060750983 2.19201878743041 2.92075939835441 1.90847600177817
0.0298193250597042 0.81589693584041 2.28812350159306 3.21009676395689 1.83332278025801
0.0654436614093672 0.819766329754116 2.46838750758279 3.34359137274625 1.88220582103542
0.043043156912482 0.773869700364747 2.42831524118805 3.12543418867935 1.96970851811207
0.045165376227247 0.835576443706313 1.96639364625864 2.62257029736371 1.48583794925499
0.0342921857715633 0.771088979372236 2.35106015960107 3.1954163878368 1.80909360787802
0.140221603816984 0.80595682931787 1.86610033409567 2.58667283984571 1.46870736890447
0.0289207179860062 0.79938184774794 2.25725528462752 3.12683689807693 1.72662758752957
0.0485885455380407 0.999033261668174 2.06430783873147 3.05268199956339 2.22375670241092
0.100546908618153 0.92849827930732 1.70584354535298 2.77605921516915 1.51105328555424
0.188120936303467 0.570029397174352 2.63854444852901 3.08773437302478 1.44644892462508
0.0337577021210873 0.865242983165822 1.97761456842742 2.93926134879238 1.83800909340094
0.227833388528778 0.577899067013264 2.72452556892813 3.42390745649447 1.49439588967467
0.0349423925734769 0.807096773809767 2.08574572774274 2.93879601754982 1.55704326824601
0.0462047526895197 0.826333957233049 1.97992292788089 2.82418272005537 1.62717932047791
0.0355997572225904 0.948674531198233 2.12443471258917 2.98796464665925 2.04278111475025
0.152877712653191 0.634154645004111 2.69224814289762 3.27265551379425 1.70678255180653
0.0313455874054454 0.911570988037134 2.17380874817602 3.01989965355064 1.97870353238319
0.0392588391563108 0.879492577807012 1.91897258311161 2.7206733355873 1.62993455351257
0.035371653654151 0.877719939991655 2.27308287869481 3.14160036598247 2.07403207982246
0.0289165176742727 0.870885983168757 2.01815277878012 2.83247075303251 1.78968554983149
0.374092115326021 0.546713102474203 2.78585103621429 3.17801929991733 1.470221938756
0.0256120060826356 0.87666614815106 2.12226753886722 2.90745950256946 1.96064489367775
0.0683301864405499 0.684894243527792 2.26938686988709 3.09770126118667 1.54656080760994
0.0326907398608389 0.966325188483518 2.02195232515142 2.94597911529843 1.79887564553341
0.509652519240224 0.770327111633514 2.7498925677596 3.59407194551833 2.06684074994402
0.0302729791006182 0.943561907599653 2.06830303892599 3.04956215901929 1.98172679829673
0.0319791294651095 0.886717523926594 2.22958708873994 3.10405861419158 2.0322596055317
0.0975660817399507 0.630378234387432 2.57459560198097 3.29498803500729 1.50563445258316
0.034212540715184 0.757165347559968 2.32109680319482 3.06988371520498 1.65915969318327
0.0686989388874543 0.825750861604221 1.9165076931243 2.84045549586356 1.62942938287212
0.0758421017809538 0.666849037664163 2.31002579806741 3.03895050932021 1.54400262079175
0.0310953050662312 0.939492846040433 1.923751268128 2.91530302146029 1.69938147773224
0.0403209329902648 0.784694174014078 2.10154958698209 2.79275596506304 1.57968742362877
0.0392953432055535 0.878807443908735 2.29647973205593 3.18492811448335 2.04740105105759
0.333112654657498 0.657360331212907 2.10089397673203 2.62179682415413 1.20785322593424
0.0375202798480303 0.809461735819305 2.37077646582875 3.30282535115736 1.81641156721238
0.0381476157669478 0.752412472182222 2.38876922474538 3.12779900854961 1.81754075948387
0.0292639870136885 0.928767475782929 1.95612003735608 2.90900154992862 1.91559773918925
0.0280179962569755 0.850875201583168 2.06830297399289 2.8269783749028 1.72947501938215
0.0731842817159074 0.970681952886022 1.70272905819564 2.68526490452316 1.73311359122504
0.0384170550877739 0.797709790402391 2.38565767132025 3.1724562342349 2.16784652039172
0.727921089411411 0.694671320969269 1.94136914692796 2.46997679934371 1.28415662554799
0.027176790834306 0.829927868732608 2.13997830000699 3.12809287692329 1.62735011801594
0.0587602465671345 0.674061958778253 2.43456995772777 3.12637825285243 1.75555882872121
0.266465036166268 0.541189786740069 2.6118567663265 3.01806605451832 1.60175466414928
0.0332645542915387 0.761396003144563 2.28318675116258 2.96422738596082 1.79827210434813
0.0323528498593857 0.773185479646286 2.31552065233677 3.04390064594854 1.95664994844691
0.131557883851863 0.606612979060297 2.41802190395516 3.04826784383936 1.53182069349127
0.03912377542403 0.780928045873749 2.11945955504325 2.99900661343271 1.71370189274296
0.0458621735816802 0.940726602188433 2.21084515984467 3.10501775311849 2.16943516184466
0.0369632282267262 0.864976137672368 2.30352174986199 3.24420841165405 1.98557090203573
0.145106943792647 0.897790410344381 2.46134751498231 3.26724763013233 2.26490291210071
0.0504316125823604 0.934556806249761 1.79921791221187 2.75326715574031 1.59384970530261
0.0320107016197879 0.784805529960466 2.32258416011291 3.02307205228352 1.78711876081266
0.034905976515251 0.803840324590836 2.09401279654556 2.73864048592981 1.63618494256333
0.0346754301804839 0.884529870190004 1.94050309616256 2.81960854698068 1.72561509324939
0.0587718905572841 0.689837655603863 2.49716652053085 3.09780938488695 1.89480537079547
0.0700054900981344 0.856807350959735 1.8584056876608 2.75539016051559 1.51617108264725
0.0293642225584308 0.811685607850044 2.14222780367908 3.00684960320913 1.68075613273283
0.0282285281456299 0.921928735838358 1.97899972679709 2.96816450642481 1.98668734773522
0.100794821573393 0.7036428174061 2.62178922465384 3.3298983996193 1.80108351863107
0.0296638806285485 0.936243064940598 1.948961567913 2.9806835113436 1.83571019521211
0.11516958691373 0.732119087962933 2.62717049033754 3.33927125923656 1.93685015823303
0.679421698338864 0.494574998753829 2.80693155957333 3.25458276674013 1.31832665555791
0.0270841356876492 0.902319289244122 2.01353360293049 2.81249997665712 1.83958011857763
0.0288073209126135 0.928395299704117 2.08992898964915 2.91166403639755 1.95535586012122
0.0301264019235857 0.921762275599198 1.94402375687153 2.89619848218682 1.75714796294148
0.0259587128411078 0.874055750471442 2.14982401568966 2.98854229725869 1.82346349268049
0.0329646699142244 0.969597094372225 2.01096419714712 3.01094473041396 1.85653642044669
0.0669598594779547 0.928688656066955 2.30506074319347 3.33172552830555 2.05162358609756
0.0393487777194175 0.986845086157612 1.83677662469458 2.79598462396129 1.81199123402885
0.0290260809269927 0.876351004481723 2.21306743049876 3.06850847227709 1.89907469534648
0.0336372720563539 0.768056407289301 2.22123308105751 2.91615604752712 1.65671770453772
0.0292674849734156 0.947775744093739 2.00359342855154 2.97992780409343 1.86755008121362
0.122540535935379 0.652535617147442 2.65772944600767 3.35595163192352 1.77680369138922
0.107892688079343 0.931895281754438 2.36635415240076 3.21411187699865 2.13905039155431
0.0298670319049419 0.880233789015909 2.21767514073664 3.13870267171329 1.96395187565838
0.0350783246901383 0.978460475185656 2.01072939170263 3.13430525308893 1.97254762752168
0.268437788798278 0.603669727615672 2.27896976944455 2.90239565589157 1.48735627530046
0.0357373809058535 0.76996456108229 2.18233221301225 3.02819108011579 1.64934698522998
0.0359847860586705 0.866961987032287 1.95856947297601 2.70651394820975 1.78920742981825
0.0341701382535211 0.964097740268219 1.88461757696978 2.90694285203105 1.84127505002019
0.0319330029564447 0.960568611201407 1.92084345648908 2.91647879637363 1.77348600411476
0.0340774602494652 0.924529865106703 2.17209426011778 3.12891109762439 2.04413143640618
0.026809633914704 0.910557952847606 2.0898822918966 2.91364030325568 2.02966007379883
0.0775625588164624 0.778004763399824 2.53613679472101 3.30806822361137 2.08699928871639
0.0483072218337158 0.777269014820258 2.45329802790038 3.31905006271194 2.02184252618493
0.0303506898384424 0.788771906569113 2.28855072729893 3.14015664366474 1.7169060908446
0.0479407042770372 0.99925227226115 2.05947273980617 3.13561740314463 2.07965445079176
0.0565722654631666 0.724471080384984 2.50622156997072 3.28073390297477 1.8442373523818
0.0350147073470218 0.961236147987889 1.87297970610072 3.0139229932478 1.73068127561651
0.070641571404689 0.946617434161149 1.7313387311947 2.82426974616308 1.56705853601773
0.028496313655628 0.816899906995331 2.26196030996274 3.08362957615477 1.84892803768781
0.0325718884755076 0.958926970820434 1.90612149117447 2.9278700040561 1.93946655886729
0.202753925419074 0.620806852441279 2.26678507530395 2.9950610760826 1.39714022705936
0.0283304944755097 0.80425785364409 2.20707607314334 2.9456611099528 1.64796083680421
0.0320824444408261 0.946696545138659 2.08936998466359 2.86533691067505 1.92743283614933
0.057565493501846 0.735183130795307 2.50921617726344 3.26353375603934 1.69595172756757
0.282128756129889 0.633258835745767 2.78324234355578 3.53123792366894 1.78926323896691
0.0326860644838501 0.766287257093376 2.26095339233234 3.01102974024108 1.85909867554009
0.0304699148682849 0.893550846165115 1.9664658091581 2.80661043950027 1.70460620801374
0.270632467436794 0.696147275254055 2.02899364351399 2.83411787912093 1.4541437049444
0.0458702493747486 0.818718932447599 1.99653129349262 2.72619513052708 1.30696492226783
0.0403293640014364 0.95403613704871 1.83044331540134 2.81362451709507 1.75190555082706
0.0664304651877394 0.672998657526401 2.3288548256701 3.02436895382773 1.53000055725056
0.214474194799589 0.917088485199005 2.47086549444758 3.51439670269052 2.3852475725158
