1 0.143797262106867 1.55700294506464 1.63815482609728 0.242257093014833
1 0.379919142077366 1.46536822815115 1.75559591556602 0.575206358531291
1 0.437771506188437 1.75041508493751 2.09199324953396 0.737029275900209
1 0.501391380665203 1.78348118218787 2.30654804913943 0.839972835101244
1 0.812676493559654 1.78021765211248 2.5088085975935 1.58517697363963
1 0.43858000629077 1.41247035319839 1.87801095769292 0.55648271498735
1 0.261061072244387 1.8958717919079 2.38565758028634 0.375261154611127
1 0.522698406326041 1.10785752596528 1.62209732515422 0.663115375818109
1 0.830613186585639 1.49129503540811 2.24522861845759 1.15704348708284
1 0.0600296907968974 1.61548190834466 1.67738621623574 0.0785516252390056
1 0.311110127159239 1.48118454798746 1.73319156488826 0.463470949972294
1 0.257506038248539 1.37075332342763 1.48020260218424 0.510694204887731
1 0.489771039005524 1.06352908363061 1.60873281655816 0.49285855030707
1 0.470091589190997 1.37712733919305 1.7810339455367 0.819271395111587
1 0.274931982101795 1.7119704810658 2.01278475048434 0.653787507658674
1 0.339993244286549 1.84953601161678 2.23717059525271 0.616291749176692
1 0.883887213426254 1.31121702134144 2.09360336312163 1.15100428547758
1 0.475726474669452 1.6759405339191 2.24431293241572 0.979571398839812
1 0.120772682299139 1.44763730942854 1.4494646172017 0.213693163819248
1 0.559978434907195 1.75593656526064 2.43218352914621 0.924694163021661
1 0.129109756856148 1.5367015412023 1.74511261518836 0.250628288727648
1 0.955283508362481 1.75862101736944 2.66269061695984 1.92850002313533
1 0.704066142244264 1.39625989202565 2.11964726765973 0.939591104928225
1 0.36663323995114 1.16631795640841 1.47836312052295 0.481269461581968
1 0.915096944343143 1.04936526127586 1.94327884528061 0.856111830720028
1 0.983574103418893 1.74392509733754 2.5145150271311 1.83006916907771
1 0.755664021942454 1.64424700990979 2.59062728827709 1.35698599753606
1 0.652646094479909 1.19802302207565 1.66045339450202 0.775455567678654
1 0.645863992065812 1.91081695492884 2.42834383102542 1.10778289142287
1 0.746560159087336 1.75693544225961 2.37464378128447 1.27688906275351
1 0.446920619719119 1.36419072135507 1.81666836532827 0.591261104057299
1 0.78341196977611 1.12160864665949 1.90648467049757 0.966010509993035
1 0.306556540289894 1.56985507229848 1.86281916046713 0.477169642751969
1 0.937058056711685 1.71049569943803 2.63366475903263 1.72281506578974
1 0.829626918944996 1.21644995969099 2.15258941134317 1.02248775043132
1 0.899554485662763 1.66916906149127 2.5998966852252 1.58649142803165
1 0.586695597391032 1.01514429091554 1.61431528707038 0.633788144858497
1 0.244594119884229 1.28870068765284 1.50793569878422 0.209648341371206
1 0.633725159215586 1.67998355940566 2.29515214649265 0.941723581697003
1 0.0151087963305569 1.35588213545503 1.41876483546083 0.0701040293138617
1 0.66827874749084 1.01743906436876 1.60628097815208 0.699658657498394
1 0.679181503283714 1.26355148543759 2.07982883343597 0.801710980216262
1 0.498075962127574 1.93595124396418 2.43027582991306 0.806790337059682
1 0.850958619652859 1.03580008543407 1.9521505307263 0.883328238094244
1 0.951595722813314 1.21956291433463 2.20523860622853 1.09019682283614
1 0.616862002455552 1.04484393393194 1.57181428950761 0.665737630314351
1 0.105287663105798 1.99113259347815 2.29588989035863 0.280755948207629
1 0.845081643841695 1.63875626827086 2.50381400085777 1.10686877201815
1 0.177452035064731 1.51792497132012 1.66105038388656 0.208020092324267
1 0.0532603074792617 1.08130332736997 1.18953062416167 -0.026569826768172
1 0.358418447353179 1.87522478482065 2.3095103936865 0.619180670293594
1 0.289123408569333 1.2422648696613 1.43276918821549 0.319682331856541
1 0.0941822843253613 1.04826123210873 1.16242537818801 -0.0348254742006866
1 0.991193552739375 1.80065334861128 2.98022609024519 1.83425443985163
1 0.380944654699415 1.4612658692485 1.85422443235535 0.375423736965495
1 0.844603492605966 1.37268115706315 2.193189493679 1.10933068089825
1 0.465605879812501 1.17018822098927 1.56641745717882 0.368163610444301
1 0.494116849182174 1.28728741334945 1.7364317751952 0.679055814946723
1 0.948707469160436 1.39174000909203 2.15423410656381 1.4343348350385
1 0.455134941459013 1.96136107739372 2.4885605225431 0.942674512734819
1 0.532203094354287 1.32018961984819 1.8143297880455 0.665116105578991
1 0.284765665971208 1.04560158398119 1.41049426253089 0.326197102153304
1 0.514474704655974 1.88356230755298 2.53044816624517 0.78172666440571
1 0.469132642615587 1.54539848760236 1.84373491609825 0.553707898763876
1 0.402083144973343 1.32666260965983 1.60906370027954 0.438261929798722
1 0.692281909758846 1.76637115404359 2.69105053027801 1.24452450635172
1 0.0780297821469139 1.9651793375165 2.16514931140655 0.140902465142869
1 0.725629107305625 1.41130284159095 2.28052570306364 0.999370985967802
1 0.674065394612262 1.76696981653882 2.44875174834791 1.22848476335683
1 0.599274848582766 1.97162916310597 2.41672687340651 1.21624194843445
1 0.036144923203392 1.82987446782567 1.82283517242659 0.0214219544609971
1 0.03693839043146 1.47259114608945 1.64658719490231 0.170402063303267
1 0.184672063531665 1.47022467019813 1.6403920427963 0.300645224191562
1 0.66538519867269 1.11119054653565 1.83034813983917 0.653776526493729
1 0.654048991551002 1.687752650495 2.26249217162596 1.1517554860283
1 0.601759542548098 1.78297310685817 2.41648721970184 1.0556250257394
1 0.806435883973415 1.39872065948594 2.15019274316076 1.23708394790131
1 0.685896744575584 1.3039225881799 2.06154708290321 0.920170862330316
1 0.568774862508678 1.57698989035833 2.25650114596423 0.9508681515119
1 0.148399428437697 1.61326458430345 1.7464687549454 0.318537271799964
1 0.902045068637235 1.56012698005186 2.35866458151808 1.45613462989076
1 0.281909232773275 1.50225663677168 1.66221243660469 0.453831307370324
1 0.705548508984114 1.04246622538155 1.5105953350671 0.741840572525759
1 0.362307903488011 1.49916776038745 1.93343584089522 0.657216864198396
1 0.642922009025933 1.98401221325543 2.62549751754145 1.21919513518764
1 0.960323297594441 1.654481226947 2.68568407886316 1.71834291936038
1 0.41580789104104 1.33400466880451 1.5355434243702 0.382408496596603
1 0.840957466942491 1.43918670290654 2.25751860089542 1.27495178797233
1 0.596132387023341 1.44491855706166 1.89589074328923 0.932172759643606
1 0.994043006554712 1.25232682073877 2.25408795688838 1.22976063226874
1 0.486453067354159 1.64166659943915 2.13257595831721 0.800745964830104
1 0.399786842381194 1.97667719783261 2.22858569821702 0.740499492913359
1 0.286050288002395 1.83605492390886 2.08992266244841 0.458386940885492
1 0.853195558781736 1.30648745388802 2.27483548758102 1.14931532975889
1 0.760873903091609 1.91953690989486 2.57749877283142 1.29897296241592
1 0.251230328782306 1.0936451914534 1.35185194025833 0.415621290935063
1 0.597262542551616 1.14003715081179 1.56353091783974 0.887498131230321
1 0.256639246534711 1.97908047874342 2.22747120629693 0.464366566234532
1 0.424403083912718 1.02468124551 1.47048057964121 0.482843694079056
1 0.934319692114368 1.91592527901948 2.8000257360807 1.80323983334034
1 0.474183648750962 1.5998939042162 2.04147390391562 0.813889714657574
1 0.000485681166561941 1.99500810313659 2.01354607448512 0.0794423418730586
1 0.41898459976733 1.74878422216085 2.08917150428836 0.738187547847455
1 0.712355559976228 1.36787226925294 2.04556943366137 1.03717500817991
1 0.195269812013721 1.74708424044579 1.81300165942556 0.294537377530232
1 0.824202095956619 1.73298916866343 2.46368518501888 1.37526141516199
1 0.833352911044688 1.26980164244383 2.10480605245539 1.05930180693008
1 0.660284918763597 1.73463889054372 2.38363459715182 1.10717396165047
1 0.59366559568909 1.8780464759958 2.27587723140318 1.23914240959353
1 0.52730918684431 1.52004221296598 2.07647092358488 0.940418539543539
1 0.230682479055831 1.02309632185342 1.27730087207062 0.202936808675381
1 0.584374262470519 1.57464563209835 2.12759672497382 1.16051988778777
1 0.792430181317808 1.3429149162129 2.14868054835364 1.20168846919126
1 0.558122009095193 1.72533374441128 2.29987397679026 1.07917438946031
1 0.275350979068317 1.24743851842747 1.58602702458639 0.400721287128541
1 0.52872771108329 1.07884279146558 1.67208472804411 0.483881718521958
1 0.118681925376101 1.26327606696441 1.43959428885664 0.158790471044965
1 0.0891567149960125 1.15363051353488 1.07517925035394 0.119619078883842
1 0.978634758781021 1.92828520531921 2.69303970704398 1.91209591610672
1 0.287165306765043 1.12427905661403 1.38400932529952 0.28286339780071
1 0.13887092690682 1.31920010475403 1.43253498508314 0.194036013355542
1 0.612082736817732 1.29975356590895 2.04290639050917 0.707971411668939
1 0.308258837227477 1.10067270031897 1.35288397289123 0.316274337820026
1 0.296875383296671 1.19935855853721 1.35772687997444 0.359892349878066
1 0.079108500930015 1.76951642743933 1.94195762559063 0.0874806142077865
1 0.910093805097664 1.20470253560382 2.15146973697471 1.13603751600487
1 0.290764518732515 1.76295438833768 1.99694553303547 0.43112852639818
1 0.953921136581339 1.4736577279435 2.48725604694988 1.45401445468819
1 0.313420408992097 1.72872028825494 1.93005069411109 0.44284377015353
1 0.241493953422178 1.03275130082193 1.43895641684317 0.196365465395074
1 0.182551518579712 1.56382316000527 1.66449001869149 0.231093530779451
1 0.550388823863662 1.24082893245582 1.83862889597001 0.627443900233073
1 0.630491156785671 1.61405374509399 2.25358387275532 1.05237222688792
1 0.400750704504317 1.03386309377849 1.35058147209141 0.532572611916433
1 0.279594995341031 1.60126271767154 1.83635063401094 0.401108517758229
1 0.0852124723078062 1.70395864325498 1.74274221042911 0.120856698392277
1 0.925820821788317 1.78870141646553 2.75287422581153 1.79271171027359
1 0.607377365215604 1.8613206046583 2.48670243455226 1.17079228435924
1 0.534606818294851 1.18109552542485 1.72199980715719 0.626352382022078
1 0.0987433503641902 1.68621758110705 1.97775107652329 0.239674876070405
1 0.772310427745882 1.32827639455441 2.15202279466669 1.01456397288783
1 0.259659846738602 1.4416814985588 1.8268134305957 0.544755339423404
1 0.82071513148762 1.35820205775167 2.33716105271391 1.17934780013122
1 0.429804051016302 1.21083975138802 1.47558818557775 0.580704885484312
1 0.893010435630179 1.2098999189438 2.17160164921708 1.18708956420131
1 0.510162289364962 1.8121921344474 2.23733922685307 0.883854951330695
1 0.802885809318007 1.06975222319869 1.89665960836266 0.82965928515178
1 0.493329356334095 1.1493493517527 1.48380868330785 0.51436366176427
1 0.0665092141336451 1.13875880083224 1.28350907951166 -0.0584602651372498
1 0.795954359827641 1.21713044701998 1.84985383662877 0.962480659436149
1 0.91919237260047 1.58672124237637 2.50075972038438 1.53507580101267
1 0.930339038556752 1.22879451830871 2.39129249609914 1.07716405499123
1 0.641025327663713 1.48291429520468 2.40584950387992 0.898168922164915
1 0.207306991721659 1.31357274811521 1.576596870878 0.0813644225750927
1 0.26677076002971 1.37553855263201 1.72231600414649 0.437713952399278
1 0.565539317259875 1.45791735274213 1.88082819215892 0.705251912247494
1 0.140306126894817 1.9490706572767 2.09058875050866 0.325084049987154
1 0.39206005367528 1.190069228486 1.66529352868214 0.4951424921577
1 0.788395998916046 1.74500972730146 2.4150347237504 1.4081848286096
1 0.122582502678658 1.92538827449239 2.10982573607266 0.148791140972177
1 0.378308715504439 1.46838320993081 1.8201781718738 0.686612471833528
1 0.301453637952218 1.40158301430483 1.79048961613723 0.450721454449139
1 0.838054967091108 1.7365586146072 2.51513022943467 1.47111727047457
1 0.709667997014476 1.30093959663219 2.01361127661351 1.04562614032675
1 0.22467647533825 1.72321931764406 1.82832905138554 0.648716153018583
1 0.871676670310165 1.67803058455194 2.47461650299606 1.44368518619398
1 0.831804169585618 1.96308125344881 2.69557750958773 1.61578721041978
1 0.161117835730935 1.91422183490591 2.02296365776289 0.347258556849762
1 0.360743245558115 1.48798376206115 1.80071576553828 0.680284316857864
1 0.16841980654009 1.82819499810537 2.21148875571155 0.381271438172914
1 0.178858535602146 1.41784323644165 1.4987730525373 0.273051453113371
1 0.546065348845829 1.29092130448087 1.84711921862339 0.802591012137264
1 0.935673946312551 1.05804044560219 2.09910465408599 0.948118154169207
1 0.0383946741224887 1.27014928409713 1.42121085076767 0.054403626138153
1 0.562186852669111 1.58119953999684 2.18561492691066 0.902974859108711
1 0.45281118385649 1.88823358289626 2.19046213969853 0.856423369626235
1 0.253886468015068 1.40760289498294 1.57685227154711 0.459061092915962
1 0.482733068938057 1.12244554441733 1.7983260282767 0.621667476045829
1 0.0195205897826236 1.79226522947817 1.84503912642676 0.0866382652546129
1 0.585516640713904 1.38390066957489 1.91425273824939 0.856637068254538
1 0.0955999881669413 1.01427801302673 1.0688084286231 0.110126085375663
1 0.50769587220042 1.91760167160149 2.65402576085858 0.96172667550973
1 0.656107625350511 1.93442399703975 2.61734417563587 1.22930210870397
1 0.993166415413143 1.69725880961865 2.64626231984914 1.7151079982264
1 0.173070651614107 1.43562247489075 1.45556832071277 0.320094898713165
1 0.517009124874603 1.69619147228892 2.09509483074107 0.84519871196157
1 0.102340147282618 1.06161222189277 1.10731409146238 0.174375840731419
1 0.266154304455267 1.34508054679454 1.44755719613018 0.352665412791792
1 0.202460465639209 1.27986068695667 1.53621869349737 0.281091779300565
1 0.0265255122507612 1.292655576601 1.36734788039842 -0.117249887101822
1 0.116544545681293 1.71542207648007 1.81661489819876 0.271497226268764
1 0.900195567059175 1.5940042287154 2.59470515595263 1.44818008349876
1 0.620996097836954 1.6110422649025 2.23955591769112 0.948597387147316
1 0.00630383139709011 1.14311213134594 1.08848366535908 -0.00453199060061623
1 0.10414232362217 1.57577473698145 1.55231532611654 0.187843046408187
1 0.193243931257942 1.91229820274515 2.18249165077572 0.419972743742275
1 0.964986462215117 1.94310988184608 2.96901334565407 1.73116050275248
1 0.111326564236466 1.1737941802359 1.49610802901529 0.139500040039069
1 0.1276228634497 1.44084509065685 1.37755368192346 0.239401443605608
1 0.989965458866985 1.9388756264719 2.93731672001153 1.94206593310622
1 0.700025278104392 1.59299616504228 2.32162751261242 1.08068298035631
1 0.191487134166139 1.97363136851423 2.0519400761532 0.333875663717858
1 0.093171757197706 1.58497704990092 1.58293020810966 0.138533083043229
1 0.215773910876984 1.89287296584264 2.08858594149518 0.0770940654275549
1 0.153014548696034 1.43293720433915 1.79300058524106 0.224323493522655
1 0.957888252045959 1.71890027059669 2.7848617074557 1.74854743303198
1 0.525088661859045 1.52361886143684 2.01730639523162 0.826123919536879
1 0.471830735733577 1.43153229988374 1.93734411857443 0.847459976147758
1 0.928078223504514 1.32949542511332 2.43258348135942 1.22293940551238
1 0.422492631919837 1.12549852577737 1.55100210474031 0.599820733585511
1 0.357219670321016 1.70083919171671 1.98574533578832 0.795218033480197
1 0.767309015167411 1.29808603062411 2.04147773407145 1.06372667312738
1 0.841825173158043 1.29607052347972 1.93712395503141 1.12402117686502
1 0.601286689677897 1.416286701288 1.97079841069335 0.85568256500896
1 0.762355871932814 1.50656662947576 2.30265877469983 1.04405663098185
1 0.44665464584056 1.3608422843654 1.9698373818695 0.713976762205214
1 0.944718076484278 1.80188456462851 2.72582230504333 1.63747219448405
1 0.867582569292281 1.99361342451302 2.98157363131212 1.56523978361008
1 0.355011715304184 1.56261630027244 1.80789177753524 0.347552321196885
1 0.682772023403086 1.57961951486844 2.14440784870261 1.17914445301483
1 0.804700492376772 1.72477304800802 2.55623215050794 1.41440460840651
1 0.159730588006399 1.73832142176727 2.04682771872909 0.277473912776918
1 0.404918352322808 1.56784323639663 2.06596978479022 0.531694051706119
1 0.7514343443835 1.19467249871348 2.01475674357307 0.868341603912204
1 0.0481932068134968 1.10570446481657 0.992794757518009 0.0900882272660242
1 0.518743021537472 1.15224458958527 1.5308441503736 0.532080935640217
1 0.131305985546593 1.90531958907571 2.08665464871981 0.174294395762928
1 0.81630573144299 1.81811187688378 2.46613227286866 1.54020045326071
1 0.639589072720458 1.51168241393442 2.23148405979888 0.950824046261855
1 0.218425093846939 1.06330215860469 1.25824374568387 0.242378593377517
1 0.351795641739542 1.26588275926226 1.56436820931114 0.214165659704033
1 0.302148909367388 1.90983341288753 2.38728089161869 0.451524390587235
1 0.0096080371865537 1.70197041077811 1.80119174527485 0.0895970526782556
1 0.0839054242428392 1.60240093768535 1.75238333559268 -0.0708481699104873
1 0.0495153440042244 1.76106189397707 2.02435758773348 0.114415933296144
1 0.729874574049609 1.64510915482844 2.3464763679575 1.10355927239604
1 0.717608883870222 1.95312060615009 2.69402615638225 1.40046125021499
1 0.0235607646851956 1.45561387884431 1.51510900113032 0.0268221074945029
1 0.581284611050117 1.75414949434732 2.37715366979364 1.01629308408284
1 0.133829794865257 1.83899428147241 1.96435798830714 0.268669420317094
1 0.32818859733874 1.77181093436782 2.12324010824381 0.494207973116356
1 0.924287560867767 1.084691915911 2.08686835807375 0.960755855220235
1 0.293050365853123 1.6898155148793 1.9496945386318 0.427824900675376
1 0.946682277379247 1.27560920680834 2.1327325363589 1.12521744208799
1 0.45894351295894 1.44943713417704 2.05377375871624 0.592589392629827
1 0.952327458087432 1.31684782367937 2.32251141057625 1.27918595109276
1 0.498945751472687 1.63006887573438 2.15312101058579 0.87122294718231
1 0.769971645078622 1.3499884978969 2.13024039584473 0.975148017509243
1 0.318447927270317 1.60856080650391 1.82986362636627 0.437657106800357
1 0.268381258177105 1.07823663543599 1.28393990927121 0.193599200652657
1 0.835586004093445 1.95860359794033 2.70829006852674 1.60036673826354
1 0.801156657862399 1.49210415676236 2.4200646766306 1.1507060329949
1 0.00356130901297244 1.37468548570139 1.40486102005561 -0.0185617012062559
1 0.0120294270776988 1.38270589900281 1.36892021203345 0.176496282054575
1 0.871558036473968 1.27785513448141 2.15550555452799 1.12410715183909
1 0.248968625599518 1.00284871739258 1.24435169827991 0.148959094182168
1 0.451348667403993 1.21362188445792 1.71326973978552 0.635840513158723
1 0.605870342212341 1.11419303027603 1.81326999876038 0.666157704778521
1 0.461120481095277 1.35326283857382 1.78165329675222 0.672992556056908
1 0.505137018700674 1.67034351462421 2.17625705180896 0.72989872290828
1 0.261933041698067 1.867623741891 2.17119084924015 0.551387047567278
1 0.199760085832871 1.63747822509302 1.80167301124606 0.296797645291123
1 0.998317448506908 1.51991944029306 2.48506580707321 1.46736442342397
1 0.756961111113584 1.48842151718137 2.42655931058964 1.05935541987613
1 0.897456752558937 1.15872218962487 2.08012190075517 0.952821280987737
1 0.174154517560576 1.79895761334143 2.05363878701682 0.41262260176249
1 0.698762357148031 1.11598195456318 1.73319435663947 0.782050440928446
1 0.797325854576581 1.18324004771925 2.01346275528903 0.945854601262464
1 0.727965943759773 1.05602404223639 1.60525418531836 0.679470447088937
1 0.775881776636234 1.39030332649321 2.14477514350094 0.896483210963504
1 0.707345289195267 1.62134570377297 2.26261471933792 1.11622333326048
1 0.248018998395807 1.08582839740712 1.44092154067756 0.217439521559613
1 0.52087132537427 1.98897749856619 2.46047348887294 0.949246363453274
1 0.43487515771063 1.60552464108177 2.07355909958512 0.674430006279808
1 0.408990802050491 1.81881405451025 2.25304495795911 0.803702233862942
1 0.50920600290061 1.99929222163511 2.47246247591693 1.12014642008619
1 0.375847302683784 1.58998177226943 2.13925365256652 0.693994241157608
1 0.965000921658163 1.31612573259355 2.26772231856004 1.16102331197141
1 0.582829072012876 1.00642163324092 1.47907739036608 0.512585749278913
1 0.691489287651687 1.34045468295226 2.00107019374029 0.914099982245753
1 0.839222896824746 1.14691206659966 2.0432789560216 0.998323277903791
1 0.185952958993924 1.45215406444351 1.60562811666779 0.225173742785513
1 0.0830246152771482 1.86588528383329 2.04959688321088 0.174953269461475
1 0.536957994923384 1.89681094823366 2.41586868742397 1.00456030359708
1 0.430775987941694 1.18823357635488 1.67582884484687 0.508298121322938
1 0.710749601845552 1.06536776154069 1.65414297910213 0.765178806004649
1 0.684272131931502 1.48349176097157 2.31267378945493 0.8601884778434
1 0.074131570183672 1.85073485530059 1.81780070656677 0.0630791600447042
1 0.0543702569615562 1.98607897989568 1.96714524905478 0.0606218286704911
1 0.826970039304191 1.22764515767184 2.13177860358582 0.967590761604982
1 0.819739184244536 1.2866148683421 1.91903271276461 0.943255795983352
1 0.19374738429285 1.0286382492329 1.19347566097403 0.196210743179573
1 0.209354440803872 1.84007201400935 2.13917153713624 0.224376590693229
1 0.197693118247747 1.87876582072427 2.00549650754165 0.405907600529351
1 0.920455444220764 1.53543673626186 2.49523205207613 1.51043070863367
1 0.217010411094719 1.92047992904942 2.18155962166057 0.3213706477333
1 0.411286653001249 1.98776612325727 2.41367621054465 0.651991111032935
1 0.204193645782846 1.80368609186611 2.02310286127643 0.341804620514642
1 0.753944481679937 1.81019101304545 2.50429133893419 1.27767197440022
1 0.876390194837392 1.29464599459471 2.30841527752405 1.22082574262113
1 0.626646001923752 1.26789438364212 1.91912680811225 0.508801705200906
1 0.00817798259823273 1.59665296237993 1.627414503729 0.0556566222301705
1 0.568146430661824 1.64672246471164 2.16517498519543 0.96346332352277
1 0.38222019432035 1.7278281443081 2.33307250393368 0.386469348072999
1 0.978129371984396 1.13581916716532 2.1982578656587 1.09993619866105
1 0.932187102480093 1.89390272417804 2.80104619834475 1.87806893708806
1 0.736831180272857 1.07331721463435 1.86792401395671 0.740546331638076
1 0.917740041567789 1.66388955831993 2.59815252038772 1.47355855452089
1 0.0135655741688485 1.46714610294478 1.48885668625802 -0.0291620018692089
1 0.444693116717972 1.35467309828033 1.68439305863149 0.694929939302488
1 0.155418198703943 1.00459412345391 1.23496323958992 0.222455696394924
1 0.369109184689975 1.13453562587112 1.5848593633308 0.569572680360514
1 0.998565560522256 1.14474500573551 2.1430622597561 1.21370073539767
1 0.374345239903778 1.69380256497185 1.93932422455643 0.706813029100666
1 0.503897779350324 1.45922305773439 1.97473162905535 0.81529345584107
1 0.893822278760296 1.10910658862752 1.95994967115337 0.936976586084733
1 0.263453062861615 1.52172707265165 1.77384651617581 0.418640370670357
1 0.395505452182454 1.26133901621331 1.52966338374772 0.420775234428372
1 0.239522802033074 1.40834799643063 1.73581352430956 0.338687839092209
1 0.958795963135781 1.20711696691345 1.95783781239767 1.03857986382299
1 0.011420700775149 1.66614738871382 1.8480584112908 -0.0521752857193788
1 0.807473913313976 1.99325137135185 2.79118043774853 1.50606679978423
1 0.346712776544349 1.16359032452378 1.45697622821588 0.524919883857182
1 0.276989863892474 1.5104099440823 1.84838509433295 0.437692575706983
1 0.294723506042113 1.08819751006124 1.32630028555007 0.228246636682978
1 0.336355904696587 1.89077163787132 2.23437108089769 0.626576355951369
1 0.885650674223822 1.42229540838472 2.41808116650048 1.28525800111113
1 0.0202130233849554 1.31292745390635 1.39518256252694 -0.0591780578830022
1 0.371386835142039 1.17902905067972 1.57583135558907 0.448085177866367
1 0.859526104144752 1.45385014072061 2.46854491750363 1.41602892426173
1 0.463704776410013 1.35994166921397 2.02492230962243 0.66177825283785
1 0.226099564273609 1.08333044858572 1.3167298178707 0.234320695094365
1 0.973228196651908 1.48508866641593 2.45003569899002 1.63879826399509
1 0.68714210604822 1.36893205449684 2.26525422429678 0.715913943534647
1 0.2056887445886 1.7972122665778 1.90321418409311 0.320602945160279
1 0.235294869925128 1.17648657149208 1.47571254514967 0.261690683038384
1 0.647276262889306 1.69835739639316 2.48806999578698 1.01171261518711
1 0.857614313466862 1.09922198527958 1.92267552725764 1.03093477287363
1 0.592644752711446 1.06675336674438 1.77416579188263 0.525967513176937
1 0.970459419469504 1.85169512601453 2.80641721176169 1.67710922601154
1 0.556503417086399 1.1039339061388 1.55447485632686 0.583562336310087
1 0.270126980893547 1.88065705993911 2.07377007944266 0.417018073357782
1 0.578415982899411 1.33854994080146 1.77728827443853 0.826569889909682
1 0.391446570228242 1.73154587480899 2.23032340576404 1.00805755137198
1 0.0221044750829848 1.98221686462833 1.92583052325839 0.0158644274048579
1 0.351373526471822 1.62276592683125 2.04771623990754 0.579786157378191
1 0.793853568813065 1.49636039380683 2.27097158813309 1.07700029891012
1 0.636234619246097 1.52873097417061 2.17186543201735 1.07107387471558
1 0.604281877088749 1.85771351864833 2.40141878947888 1.10573199141049
1 0.611316015603176 1.41889092754379 1.90161995066338 0.959034327541557
1 0.0348104347082941 1.57140631780106 1.72280492899831 -0.0552381654885589
1 0.890256744344175 1.66680153705257 2.6136417747112 1.21808079318793
1 0.170943631736251 1.67178749483777 1.80593847911204 0.18009197891132
1 0.637721241563559 1.46436501755457 2.07945616580297 0.936077824758983
1 0.715491622459764 1.18627096176962 1.80439360690932 1.07441352058645
1 0.846929993802526 1.97186977902621 2.84941614423372 1.5521148198639
1 0.539226475741016 1.7068076873916 2.12192243241937 0.862035395245719
1 0.0560595694956525 1.96491926209962 2.18411616451039 0.0814148500845513
1 0.659993071144757 1.23694387761216 1.98789721854565 0.787850184715211
1 0.222079958888547 1.94392036016448 2.30974977882551 0.463963077497166
1 0.228884106552772 1.9676026992073 2.23264278120543 0.520533446196855
1 0.880562357099649 1.43428251403151 2.37125993377369 1.2478614994227
1 0.211697241084961 1.37861705305986 1.79490379051099 0.364944801339328
1 0.141930678464317 1.62911581613861 1.79705287125951 0.22176637294158
1 0.0440258681871152 1.50960109507122 1.63740505750572 -0.00729884950087972
1 0.329988456813541 1.50702764545024 1.76661553963152 0.526582917967878
1 0.882096165095378 1.23240939549015 1.92155277320701 1.26555495162233
1 0.448533578416488 1.05227138271594 1.71379191021684 0.44694586441775
1 0.0322364729281981 1.12677584647007 1.0839479828052 0.126088554979677
1 0.368231306295687 1.64186198023342 1.98225907750192 0.518261892367772
1 0.724008614334744 1.78616953371248 2.42987063056318 1.25466797403622
1 0.906535415078979 1.57173650566372 2.48717343361331 1.55115414111748
1 0.324779330724074 1.77356749531114 2.23219136759647 0.588817929016928
1 0.220062501546927 1.67393701852493 1.74299529581082 0.385232754296385
1 0.512370891247022 1.63658765421133 2.3256358819433 0.899902376611446
1 0.166608820589414 1.68156952308763 1.97330737660291 0.243726476618951
1 0.435710071534074 1.5493516559146 2.13121808245678 0.837879656022137
1 0.412396782941651 1.03696749276598 1.38895229590358 0.584260011118709
1 0.751816647454398 1.0972494000763 1.75250756315123 0.846766447818212
1 0.866259728254518 1.42668052408573 2.315984110217 1.23639660117523
1 0.189681412667269 1.66266002401826 1.79076020267013 0.240804241014148
1 0.313173078432446 1.93049851007061 2.11340916029198 0.6005433821359
1 0.0173813928392095 1.90753020135026 1.83635966478973 0.072311068492579
1 0.337132619991122 1.7941985357025 2.15234769777376 0.394024373262808
1 0.0730751851639555 1.20141829606844 1.36323873548882 0.201581966711646
1 0.578297955051142 1.42109694438637 2.11646081644423 0.794034262972408
1 0.200454434605781 1.24470885772413 1.21148986086577 0.257065935693693
1 0.763554374253145 1.07565373523704 1.8263794803859 0.847582987007399
1 0.389000202443373 1.3315451477891 1.77031173977779 0.495223557371681
1 0.062878405401328 1.30767807862411 1.51163032349987 0.207801676608275
1 0.735674149459228 1.9317866248036 2.62962872348243 1.3101537860154
1 0.162724789395385 1.53952046939055 1.70702176741491 0.382905335265746
1 0.0411323807004374 1.47872013540473 1.45842922860107 0.0610662067137007
1 0.981582007272324 1.80710641218349 2.84494347075242 1.85417026953321
1 0.968404869893566 1.80936756490536 2.6562434382917 1.70586825449641
1 0.114564838354709 1.34738614535735 1.29880919283282 0.169651128864652
1 0.234509713357547 1.28161499565351 1.38953305916775 0.279529469369254
1 0.394982187364561 1.04022883258023 1.30620746257628 0.562744522378461
1 0.985224278260333 1.62522383823254 2.65557999158512 1.60885726190679
1 0.427805601516739 1.20584215158907 1.52999287767755 0.577394357875806
1 0.0311905515298713 1.7797128755153 1.80130638075796 0.180852500736805
1 0.486837391460237 1.21251115142523 1.96241278067203 0.558965166832607
1 0.252465373210143 1.84473162396268 2.08105505677334 0.390229591612228
1 0.479741922973578 1.58634329333436 2.14344914857585 0.767004217339576
1 0.210662867887101 1.35023077514799 1.6606269918761 0.337434176310243
1 0.246275492682665 1.07143121104144 1.51374500527867 0.392206507460957
1 0.0296342197565051 1.01081946051408 1.12456180905857 0.13724295996056
1 0.766280237507308 1.49376294114355 2.02418058475332 1.17467661680131
1 0.942004853939482 1.3243264727178 2.325582537707 1.35965248707919
1 0.151561951017551 1.73835056290496 1.92134915790764 0.270462010412025
1 0.814207759543012 1.65021403323859 2.52513333978371 1.26401122239088
1 0.30356091003477 1.42504262604984 1.68286062128204 0.475181990848004
1 0.126161227010501 1.8539758410266 1.96616831247961 0.275864741199667
1 0.855942731222603 1.95555419135295 2.87080055045102 1.84250273447532
1 0.817280177597422 1.92168210262355 2.7443568160031 1.48856371461485
1 0.689083599817629 1.83021355000635 2.49641362187161 1.21834091765037
1 0.759683877339121 1.11175169866493 2.04723179338433 0.759985458624993
1 0.672080194966014 1.15062091698948 1.80223240650037 0.541980187519608
1 0.895498615030277 1.19507117952181 2.29320913605208 1.16675522424593
1 0.572254623763341 1.00029616489696 1.59932187423135 0.478753359392008
1 0.146364025754544 1.36647765876376 1.59332424477683 0.25694072063587
1 0.0760267964894107 1.94594446154893 2.00146047451467 0.320357516451249
1 0.135692266573121 1.53022187412988 1.54271248981949 0.399733843739669
1 0.414406457197232 1.95754829896692 2.54331988532667 0.712337213833788
1 0.7213073926842 1.83811658513305 2.58678355174376 1.33335248665729
1 0.676057413639889 1.27476029287364 2.05327921353037 1.07091661759377
1 0.629509977741012 1.64906146470186 2.10687761573348 0.85143133490534
1 0.0457056318456307 1.83351185988441 2.02575120230027 0.0573812506969997
1 0.552603447041086 1.42957983177039 2.03217954687336 0.807526891283573
1 0.33452520596756 1.54815522262206 1.77798043908193 0.449218282626158
1 0.554686502564388 1.39346892029396 2.0159090294622 0.860389177742226
1 0.342435611327334 1.56591810581934 1.84259836725478 0.676179301696721
1 0.467799492131065 1.51399337240766 1.97599769129152 0.675866840122592
1 0.280800037613759 1.39743907835335 1.7006673663758 0.461609606620271
1 0.107466536953968 1.23063238864997 1.42207752780426 0.0681968393388737
1 0.713422210723317 1.93749636037081 2.78387754777691 1.31607523356134
1 0.483818081284408 1.15659355137342 1.66404185598985 0.574797518402753
1 0.30955857265275 1.90140793016918 2.2488511166622 0.498097849207567
1 0.670738214493031 1.59075267538312 2.3762352730909 1.23982911425398
1 0.524409263574441 1.24635221406041 2.00071369699534 0.471021949558371
1 0.785448216996544 1.54109064484209 2.45905733201631 1.26493211051923
1 0.733400152397808 1.33667109960807 1.98058211596804 0.71109799279063
1 0.321933394634786 1.28435405438029 1.64133090535818 0.471498897853404
1 0.907378636801926 1.69072456161686 2.5019144585209 1.50611362083277
1 0.454616348800482 1.53434046043898 1.97110610147606 0.547424423145034
1 0.614823925865737 1.46219019969964 2.23406627526212 0.771168635581875
1 0.426153782274729 1.13039377189047 1.49651624710226 0.514949905626448
1 0.676867318895723 1.86244537122897 2.54534740671042 1.05886590056795
1 0.962821829483922 1.7085205876544 2.62679304115637 1.75168517922114
1 0.860199660218398 1.68476306935889 2.64257608161536 1.43239363547284
1 0.431874562520146 1.22417233802456 1.56173150443117 0.601262976960162
1 0.87979127791749 1.66009929263072 2.3943396179517 1.44751315274776
1 0.730458102854512 1.63256767482768 2.18998501557229 1.25064362261183
1 0.69813910001656 1.03959711437928 1.67920529311851 0.583420674287772
1 0.536217789142393 1.2200859997569 1.92032543380032 0.650363241462559
1 0.331886738748678 1.2510839458912 1.44861854384655 0.477395726067989
1 0.622922483093959 1.94767000459018 2.46994703216619 1.05918767974871
1 0.78759190384803 1.16779603106668 1.87991879757854 0.894555614454608
1 0.908817908790273 1.27322993188204 2.12352588149697 1.25350497676011
1 0.0676779548470707 1.69300881377809 1.74954666523882 0.0312142930197922
1 0.662630565230114 1.18939687966214 1.88229631299011 0.709207326702174
1 0.384792540064858 1.17715222739343 1.6572974829803 0.464434461847615
1 0.168056121739016 1.36198653650431 1.51716997399644 0.0524599259797136
1 0.175680110656734 1.70640887847714 1.93094135850729 0.315965710302196
1 0.387277716399403 1.78742102720503 2.28717412413933 0.864816602657391
1 0.124599709021471 1.63370556849404 1.73719828825524 0.0535798472163991
1 0.609072551951588 1.23634509748973 1.78939159336197 0.704370290235918
1 0.854803497282555 1.88203897396064 2.79397641609415 1.6569226189167
1 0.0503535118955188 1.82279582168519 1.93322014574526 0.229282962097747
1 0.097306275992499 1.32176385953208 1.46559493232492 0.153667363144543
1 0.132628915925743 1.42393977459869 1.32320045157316 0.249393639498878
1 0.188065287177063 1.0894671928642 1.40608061691694 0.240530619413381
1 0.443214221016581 1.40658232545519 1.92275618242643 0.624019613121781
1 0.723297631488725 1.38815041846867 2.06621913143607 1.00192448817813
1 0.576442406351756 1.90291251960482 2.5748827899931 1.0282706045633
1 0.650090580903537 1.89986108354176 2.52398578173379 1.18068892055758
1 0.0700729772048847 1.82114990945013 1.89158181074404 0.083845610668374
1 0.417895179778958 1.58320975636054 1.98315427089325 0.564662460832524
1 0.696315594805637 1.6239255643896 2.49526494038444 0.960330153175174
1 0.480748478233969 1.61922697750075 2.10449464877142 0.7495521463356
1 0.702057482456245 1.38866900271076 2.05338958728414 1.0739039229323
1 0.406681001653584 1.5042656208858 1.88344861988827 0.559621266739269
1 0.385815192318987 1.65305865723717 1.98257717884995 0.543239612555103
1 0.232291465520393 1.38527678614405 1.48860644691841 0.389654675620904
1 0.668393447952888 1.09645098859173 1.65239018260197 0.494758881283134
1 0.560420524845831 1.40277526094151 1.91918755297537 0.766115001619417
1 0.619179090094597 1.76357781578903 2.41449153598044 1.16658679095793
1 0.914532031561248 1.25879098812118 2.15553232923941 1.23027389733214
1 0.995291709729548 1.0738155864183 2.21152406302781 1.11740303670927
1 0.744197864771898 1.84724785130238 2.69717980931721 1.34111150419176
1 0.0871814438766645 1.20291400129868 1.34700470397925 0.124245589429056
1 0.889480932810887 1.81528609866082 2.761058565736 1.62301122926282
1 0.440601236606793 1.11840706147292 1.51355185368446 0.390733500992975
1 0.946519083139719 1.14540619090937 1.91275211304214 1.04682690278571
1 0.325833504989666 1.88646342343651 2.17977127871367 0.565491877570846
1 0.540177891363467 1.60406320007402 2.08019365199925 0.914944538066175
1 0.116770098147293 1.87233581162058 2.06511791460362 0.203323974183603
1 0.780490187937394 1.1923596757631 1.96863928815419 0.852018755928002
1 0.214949970204228 1.13279077737825 1.19043431193029 0.124002233116597
1 0.503308707042985 1.17210872041217 1.77226635658535 0.786469305401275
1 0.420455346795497 1.30877186715292 1.78695530658455 0.612025360310119
1 0.777252932450889 1.7767580781912 2.63334537571141 1.22201315700622
1 0.515781103166907 1.94156375172238 2.49285736186459 0.923532552790614
1 0.530223681807596 1.234548139382 1.72457223425984 0.974467291047805
1 0.101351425211566 1.95462825256012 1.94386074047735 0.0698986546418778
1 0.157485124253823 1.83196154778746 2.01310330653945 0.108764852545505
1 0.863780322365152 1.05065486154791 2.01831486834093 0.996237237633099
1 0.354640757369343 1.77075029333627 2.09803581935827 0.539479942774981
1 0.738574530701153 1.05838666149958 1.84062051062293 0.586226848544454
1 0.774206798544619 1.55004144957367 2.60713584649345 1.18872069403721
1 0.921863589232089 1.92413691239432 2.84830848550377 1.82300434983567
1 0.042537746905582 1.40413064855345 1.4175179351712 0.0488683973725413
1 0.877015581600911 1.60781036253592 2.57168724438196 1.40985232348341
1 0.0688909800443798 1.10225011646748 1.48344684381574 -0.0819148136875499
1 0.573363326838783 1.16855223745302 1.6048568264748 0.76512843470571
1 0.73223076073026 1.98096264004863 2.61185880834017 1.35529508649924
1 0.109574807670433 1.25707735595293 1.33835955142702 0.0300054940924456
1 0.477623823150837 1.43823918816634 1.79785528630872 0.742292999988667
1 0.648987501218993 1.51573984108089 2.13212714553772 1.10404035908326
1 0.887908330186037 1.99755249831243 2.77791531718588 1.64503482078234
1 0.69480745516213 1.28170859512097 2.12323082526953 0.693993413713616
1 0.490331498599456 1.87052725323321 2.4128869963767 0.992533201396901
1 0.064323908376197 1.1632565103708 1.13083903635705 0.145258644300559
1 0.87363243650839 1.7916531979607 2.78820496644371 1.6434925480662
1 0.904174729611259 1.44563488625456 2.39296216741049 1.20019990483855
1 0.349785826916729 1.84579166190738 2.17852354910805 0.363139908129253
1 0.541855761120484 1.8696367751058 2.31839273927037 0.997421413909722
1 0.809821181353182 1.80567951560214 2.65119686079165 1.37333053975417
1 0.770609202425306 1.82371093223725 2.4750124928327 1.44838162047044
1 0.34519252046283 1.25395154056915 1.70258608751899 0.550322861825642
1 0.237575025579426 1.85834116316206 1.72612396955607 0.391160311900411
1 0.0908772781937538 1.54439541018258 1.94577860603327 0.00740726472685405
1 0.748486411348373 1.96894325840559 2.86250973042269 1.44853272544999
1 0.939343667601546 1.87375306077806 2.75878780955704 1.84147128996282
1 0.295857109922993 1.86406183983587 2.0234016228394 0.781382023907824
1 0.825647840565459 1.77647791162677 2.55771997286394 1.6108057029632
1 0.547286153467139 1.68178841650447 2.26432020214827 0.874335051829224
1 0.928356871053887 1.71482199307337 2.37343729808299 1.7456209044013
1 0.631690912364672 1.0903237146469 1.73010523532601 0.863339556893781
1 0.147785723977334 1.23988481350786 1.22621910403197 0.256640656851163
1 0.74294969109081 1.74233382239317 2.58257853163102 1.35730344625846
1 0.782695061927273 1.30205047957095 2.23999126710257 1.18586395086431
1 0.64374391448296 1.61831167765815 2.39719670920198 1.06032624283883
1 0.790249772546037 1.5011350238816 2.28564090147141 0.93360629936795
1 0.340757643911444 1.55585324325172 1.94354195189242 0.580245641503914
1 0.330955551180523 1.09201273411241 1.33833236685525 0.248941292391412
1 0.00320608333762114 1.03002415479122 1.0668184657538 0.0476318915850816
1 0.318047321228078 1.15795179803739 1.41947899778026 0.381723876224892
1 0.0277371577328692 1.0076915365508 1.00033426185355 -0.0476112173359441
1 0.0801767516361239 1.22588534595445 1.37175766025247 0.304296999442466
1 0.868518592165783 1.5263312915441 2.478952171942 1.34941552664605
1 0.112102941561025 1.55433825562204 1.63040205510266 0.182139769894878
1 0.74768627088711 1.22205857684875 1.98166897093284 1.00635637163142
1 0.372701901680945 1.33637210335272 1.7905611480887 0.41156070044076
1 0.364493748751314 1.33300355486339 1.6645112729193 0.536236106031314
1 0.975359159600145 1.25581839040698 2.25547241545579 1.17893901660165
1 0.616488331018093 1.13789851170266 1.67967000259216 0.703431839554386
1 0.81089044282989 1.45012410349911 2.28038767737895 1.05707471637103
1 0.548561113430187 1.65675170291952 2.42792214214372 0.947135417505292
1 0.0598403281338202 1.38087235495836 1.44292185274652 0.085549655851139
1 0.966804772526181 1.01921391567409 1.94053041279848 0.934824372769885
1 0.681410590374532 1.16085087197018 1.80260328009914 0.622674640832346
1 0.181039619974326 1.85522332077147 2.07673312478421 0.198960843657503
1 0.719128780520599 1.95076716240573 2.7159509487123 1.32534312622092
1 0.628203437298847 1.71761338946953 2.37673552490712 1.10788765841411
1 0.397033780832232 1.0272459171239 1.33219628741234 0.541413832609151
1 0.544831855273417 1.82666583575658 2.43717252201413 1.02914292584748
1 0.56425141495148 1.84265411947505 2.40055081467606 1.1836226083476
1 0.462350005085658 1.02079844670797 1.21145961663037 0.406441128751825
1 0.405219258866273 1.55996199008116 1.97381549711102 0.6000556437437
1 0.227636199260984 1.47511218150069 1.55492145453807 0.108874878979381
1 0.164729092062917 1.55289381913608 1.85335213155632 0.281411576265795
1 0.0578494502049095 1.531985838525 1.55347024243063 0.0285856091494809
1 0.940706278827274 1.79595885868262 2.96098466931065 1.8350457422106
1 0.664522553417288 1.75171244441609 2.53777690050735 1.12556407244323
1 0.590295365010388 1.90491268221444 2.66886249921732 1.18433342385136
1 0.973914071945474 1.5418147816183 2.49142948112997 1.38475794013807
1 0.272726263594426 1.02599644450859 1.29992820000162 0.317296738299589
1 0.623519131240901 1.74002005855087 2.27432920735983 1.19947819805704
1 0.3156693263057 1.47831055596471 1.80049357856581 0.559769893034844
1 0.91247989625282 1.52725560888881 2.35701107033462 1.17381638081077
1 0.57124592054092 1.65962343748426 2.33006714557827 0.827930382161141
1 0.343839282088059 1.59828793255263 1.8365353595877 0.510761192036178
1 0.799178897408225 1.12963947101186 2.00608210705096 0.797898657386253
1 0.299325628393174 1.97513305769224 2.34145153208244 0.723017208757411
1 0.982863722630621 1.41495337104153 2.25173829992219 1.3655615685794
1 0.138290495833304 1.65582103495137 1.66253756133059 0.219950127676627
1 0.823156442900654 1.24943663937078 2.05066205241471 1.02272102013019
1 0.98666926780832 1.88868847417218 2.85799562592416 1.72918092791398
1 0.657637624564037 1.01276484241166 1.52877835760059 0.661579011895163
1 0.15348089092838 1.3449449404395 1.51859461841362 0.287406207704109
1 0.848890437717782 1.92973384458184 2.88744610444591 1.60511548198439
1 0.496179859641318 1.72007168926531 2.34931744466264 0.958045864360921
1 0.740108638852835 1.00936291860494 1.63031649698691 0.802105895043044
1 0.320604529337337 1.05439263419636 1.31393529789427 0.46958582160483
1 0.589874300063433 1.81467678378918 2.37159970814556 1.12363719295159
1 0.242635791277668 1.11685314355961 1.46240250022842 0.340244132827984
1 0.457657857272619 1.49717382452645 1.85951242599762 0.603404239020478
1 0.779711426182184 1.62802805618499 2.33065010869131 1.37440331060407
1 0.861707021547093 1.18445769673989 1.93415056732791 1.04048292676883
