0.182965341546975 0.765841423954327 2.12680170246728 2.84541479412266 1.73260167899083
0.0382701270176808 0.923038131059991 2.25614060714014 3.3395424037284 2.2495390852477
0.0232415810669899 0.91617056867272 1.9119350942633 2.67358074036185 1.71935264972756
0.0204446005019306 0.822072350195247 2.23664815191522 3.10459856488068 1.92505444219179
0.0123836813974059 0.924513855706826 1.95629878378999 2.9072972347182 1.86220529918677
0.0362058950042952 0.799829288764023 2.17862930035335 3.14511618742517 1.72786545340371
0.018414572334943 0.855547561705124 2.06588746620631 3.002851084079 1.85710223966235
0.00834956425875332 0.958850080951412 2.01719091178477 2.9844526231229 1.99994889904441
0.0332798514163059 0.835095790606366 2.32679473611085 3.15640167108138 1.88767672445839
0.0374870159459852 0.996535751540272 1.78100589667542 2.70474539381552 1.66172689438772
0.0119357326246827 0.991698123184605 1.90710273607088 2.80057251805853 1.96447365516875
1.35702517129061 0.666144494302173 2.60083327255825 3.34973936417693 1.8067902073354
0.120559382468385 0.974819507515234 1.73282573923232 2.73858943441025 1.80416469795059
0.0339624092428003 0.834965951568708 2.32864567732382 3.10053288242357 1.79739473608597
0.0112865010039468 0.975509069819292 2.05369900110508 3.19283674374252 1.98407467617569
0.0112121008205269 0.910432632566599 2.17039878927467 3.03393701029229 1.86493284658727
0.00783798975885583 0.928981968380245 2.05946175114883 2.92666219341305 1.78706738512568
1.12814249829777 0.914832357427017 2.41224756058681 3.34263129246028 2.24464452586412
0.0248652231797529 0.876590984411592 1.9830655906346 2.73128105930743 1.69263341861094
0.00979088822173658 0.972087489033955 2.03459829495929 3.0990514789652 2.15729699921218
0.128607156505521 0.803890097856685 2.04063729894807 2.83275701242955 1.67955938690314
0.0206535446561165 0.926489972348602 2.20955975653102 3.02826346228332 1.83294043945241
0.00906385820551475 0.97322868078673 1.99159028509853 2.91703938302807 1.83336521101145
0.00798780049975207 0.933500860634331 2.02588387461525 2.7828794764832 1.94273895716464
0.0112223136091719 0.866812319518153 2.12355623848232 3.11824117020765 1.7915529863453
0.010106562874767 0.977735180798473 1.93813885965089 3.13199058637278 1.97133890638555
0.0121751465566755 0.988160317395352 1.90100083760092 2.92236778457031 1.85408390548104
0.00880618530003519 0.956947394001652 2.05149692447525 2.96576581706905 1.91811759980095
0.0400996899078295 0.814297995252477 2.10615975472861 2.97395570561703 1.65886287679494
0.00933377783768335 0.960027555432202 2.05851996695762 3.06436206654629 2.05476611310706
0.0539895815076854 0.773573325202238 2.31117908864441 3.03333521768127 1.52971372894931
0.335109296968202 0.704245751248897 2.38631477855067 3.02231172948716 1.67216312636701
0.0139994302092592 0.925819635831749 1.9407409494688 2.98848023541427 1.92092787369343
0.0085092297376049 0.919861183851095 2.11009789855526 2.91820112228199 1.92938776194711
0.0344753387824163 0.829198546190605 2.07473225823252 2.79142391330932 1.60933464229628
0.0224833520390449 0.897864359892269 1.94755645233268 2.87223423023311 1.79802834461339
0.00872805953726388 0.957540216446476 2.04693371034809 3.09571785948981 1.86554268737441
0.0132462153468607 0.972363570080285 2.08462082186276 2.86258234599731 2.01078478622971
0.0131572306554775 0.925788377622177 2.17022166054416 3.14887533467402 2.01354851882839
0.0186933390161788 0.855137241837756 2.06521530620874 2.81182057685363 1.9468596860615
0.00971093060132298 0.943616868696736 2.10220554893068 3.10851427159257 2.04833198489769
0.00885718005984381 0.923989617670736 2.00862989653184 3.00103567636663 1.97996341291813
0.0171137570805543 0.994529798826587 2.05781572694448 3.02388109362431 2.00322394553848
0.0200454909644229 0.82791639560916 2.1572614292676 3.20644660126671 1.78147203284076
0.0107502143519119 0.869235316980991 2.13232652472572 3.06147892905414 1.95490666499103
0.00791453232819485 0.943183887889173 2.03287369681204 2.98914963247154 1.92186242026284
0.0769582146188446 0.759917546947434 2.2723643992633 2.99031467705128 1.71180318581109
0.0144666562348843 0.883870430201653 2.22401891442186 3.05314690527229 1.85142051234057
0.0100793250714597 0.941568546149804 2.11196750817301 3.18917367921672 1.88763428682616
0.0113688822345202 0.948842241394956 1.93280494581327 3.08955865709168 1.65429226276713
0.0862280366240688 0.788103784128066 2.409447227772 3.22076450477492 1.82841258935576
0.00827605635052901 0.908288111817405 2.10268398841015 3.13678037626245 1.90682505757059
0.008232250097617 0.921092141143567 2.09816646482655 3.00041793426088 1.76852559065289
0.0507838608420982 0.811011248507165 2.36613256021451 3.14927560325396 2.05198043069932
0.0235975745827115 0.90240181052875 1.93512994540367 2.81506336795753 1.69377778383588
0.0110137410860012 0.877684093589703 2.08051426185648 3.03946805159709 1.84710524068337
0.0167826314437159 0.981138581854921 1.85975654991654 2.74626167236405 1.92413934820926
0.096451086313143 0.924423813325563 1.81142909172826 2.76310824253444 1.5910748213496
0.0327534851575191 0.809271350272574 2.15112104275997 2.94483117755728 1.87466708221041
0.0129306211100929 0.929652715086159 1.94322916262037 2.7768876334467 1.92723135410082
0.00916217066350613 0.944036297780278 2.09065523228308 3.12594961073549 2.00793843811788
0.0894235971505141 0.792357561557893 2.41284425176022 3.13858747131673 1.93818280129869
0.0083019445428127 0.907979427081681 2.10449051264498 2.94820281788862 1.90354723079475
0.0153727901957667 0.888865464725675 2.22719637759435 3.03434169207796 1.93258001389819
0.00821293983280044 0.949814054219753 2.04532422244184 2.91163368311028 1.99582620398439
0.0328526708158778 0.796168431139399 2.23544756704885 3.07405489506171 1.83596351040958
0.0261839161901501 0.812118515750634 2.27812227845394 2.98975650674085 1.9193138998225
0.0706270051378308 0.761619246002959 2.31760937596371 3.11605847416456 1.87641804188633
0.0104385575695518 0.923333897124496 1.98049062319245 2.98906938687602 1.80557003654563
0.00870854421217723 0.910580193189638 2.04108381862044 2.87794261651249 1.76992176852273
0.0093981994598638 0.883990861566434 2.12588309761039 3.08409522543064 1.92243761462468
0.0090747594444431 0.957566417369964 1.96450029212104 2.85931948611717 1.98063288751057
0.017739816138539 0.901013332497559 1.96190276298446 2.87578282969961 1.78515262293407
0.0890483534088516 0.769503290854263 2.18474138269289 2.68209142568369 1.69000328872077
0.00921061768606666 0.886652982159714 2.11866300378072 3.01848503166171 1.96450974581061
0.00854122964692163 0.959641830930352 1.98557090151316 2.93229056064904 1.7962168136697
0.0129119146564352 0.854774530918841 2.19363933192735 3.0732895159107 1.95678791878297
0.0219440507946676 0.865755432031975 2.27754892084887 3.12221731248134 1.93353815337967
0.010381190081206 0.932971268705394 1.96599472115946 2.79341324027679 1.78953019070376
0.0100251341853371 0.979230037487339 1.94196222432413 2.94458316720064 1.7178152388068
0.216976350149436 0.80168110198953 2.46553913194574 3.27395740018307 1.90848028924193
0.0142807106217056 0.986998397527879 2.05657946571436 2.90497746535482 2.04492072827583
0.0127675615052688 0.879775597093249 2.04692877102317 2.7904308537462 1.7764870617692
0.00881435543112609 0.956344885465274 2.05345246744469 3.15008985162163 2.00244583330711
0.0173339869050751 0.831137854411158 2.2003769729139 2.90320350438129 1.81878418153514
0.00784205672869599 0.93560338260114 2.04866977796945 3.01392096919334 1.95642150978634
0.0181442208250055 0.899030345632036 2.233571590031 2.96208222240438 2.08917089976232
0.00951271411963425 0.969835068265715 2.03424913203757 3.1332930127864 1.94920239828737
0.0153691052075114 0.926478172566666 2.18465341350786 3.30271905835561 1.95080585265484
0.012286558572769 0.994196674254671 1.90274676476286 2.85539034595167 2.0493053157923
0.0376176444073796 0.81289350129516 2.11825019051939 2.93898070154917 1.75228979559919
0.0115426438300479 0.961705089708042 1.91825772823741 2.81424572296304 1.89607928820405
0.0371271279113946 0.846847429642898 2.02009149552808 2.89493050160819 1.68371470509479
0.0123196387841915 0.950894270602102 1.92035829790059 2.95156754072383 1.8776616030192
0.00824381495504782 0.906440442723616 2.08502871519791 2.91694776799197 1.95157666372883
0.0197989910256695 0.83000491654128 2.14912950099544 3.07976375767735 1.84480312012139
0.00845754417067362 0.961532519528782 1.99783766837865 3.0823296148352 1.89873590908289
0.00877997520654236 0.953950548160526 1.9749515764003 2.82051331612833 1.96715200733244
0.0111435105922879 0.935591248439005 2.13616076303053 3.028540874227 2.00796390752437
0.0581137586442856 0.838171145609401 2.00767583336038 2.69572122306415 1.62663703768855
0.0157598110388625 0.894662559742803 2.22476798662218 3.21221630771117 2.00324271507884
0.0116586353640908 0.911416903115956 1.98693413346732 3.00557512513857 1.83233426349137
0.0103177934252799 0.910045439920241 2.00718281768411 2.88734437889249 1.79214972986766
0.0126397292361967 0.998344455546171 1.99797175890005 3.01932089856907 2.05951516838927
0.0164530842054423 0.948001252332139 1.89348110561366 2.87854008819447 1.69928295916886
0.01111769545003 0.993371412517329 1.93204095795081 2.76932541671001 1.97578691351792
0.00965875523159864 0.966153039327271 2.04959075239214 2.9430601626559 1.81163078683592
0.00880195017092199 0.937404718791639 1.98938836871749 2.8963010100366 1.89993735811845
0.00792151306923702 0.936042520724174 2.02820189923552 3.09367831768119 2.11495771781422
0.0240743658846044 0.900908037083907 1.93634905878134 2.9736157986682 1.65041607694134
0.097555600809634 0.748583270145347 2.32977182262018 3.07516672279238 1.77502321705538
0.00938176830587291 0.914923843036261 2.01395809816843 3.02242039585451 1.82081707624283
0.0104774428684029 0.911643655856245 2.15948782875766 3.04633852762817 1.8619072018832
0.0124104623932541 0.862652857517373 2.10962693963962 2.98010047845542 1.82470007916381
0.0138981163814274 0.84960194260628 2.20528554782229 3.03404622148334 1.81102272663669
0.0143669573740383 0.959278451819584 1.89405371417441 2.9274117656302 1.69969997822528
0.0168060209865188 0.840279596978467 2.1366450038433 3.0012640120252 1.87746313704316
0.191589460612086 0.893500266304722 1.82947022036547 2.71918001619241 1.74213522660885
0.0234219705411087 0.844520469814684 2.29089453667767 3.21587249739528 1.94431778651477
0.0100889140542325 0.981342525577431 1.94266569636335 3.0483697342538 1.8049758774792
0.00836227940902839 0.954764467839362 2.03826377415627 3.05373864149623 1.83131687229678
0.0101004335941952 0.896327780855862 2.04267368584101 3.00508680979369 1.72412580035276
0.00852449233540343 0.95710099715116 2.03934508824437 2.93774303828071 2.0610533943181
0.00847823995361945 0.927207561653001 2.1006844535874 2.92777973866408 1.98775614728271
0.0176073486433171 0.896113681489572 2.23388185796233 3.14866094669044 1.94389117187599
0.0180547313608122 0.974507556748179 2.11243831468894 3.07159537836461 1.97824841808653
0.00899806194735169 0.890030142118276 2.11407559507126 3.05185431218791 1.69913054622908
0.0198559199335056 0.834589311551442 2.26429969353161 3.0215619347954 1.97216426095889
0.0294214013578213 0.837536465601988 2.06605916355156 2.85026747121535 1.9328018678415
0.0204108626511638 0.821219589376977 2.20769057911103 2.97761506588477 1.81034227086855
0.0111643917987961 0.865625607067106 2.13653375131143 2.99510239402084 1.91954101510185
0.0236803028320292 0.814879771949236 2.2580393335293 3.42495771504688 1.77911855841675
0.00964241706607373 0.930650750948927 1.98115654057172 2.96004123919042 1.99811868142714
0.0103717319855558 0.898624517012145 2.16847804613202 3.01427916745113 2.00380779137214
0.0154886211498354 0.932314788139606 1.92067215321324 2.66463057067302 1.70142243592454
0.0124157506856968 0.855607763168952 2.17152832773068 2.97716509998509 1.90937540530408
0.0109718297138086 0.976018728398396 1.91921852560212 2.89526367864194 1.80232197128665
0.0640432546942039 0.854855243122856 1.96269965377226 2.78579892827561 1.65032514304984
0.0108949261357658 0.964589167672326 2.07619348542517 2.9574718336272 2.00460317069116
0.00782731741809999 0.930938863016753 2.05326826150546 3.17040901056094 1.83348816434736
0.00808114446765274 0.950867951497049 2.02651094838804 3.07341510206779 1.84774140574209
0.127177052266909 0.764936483315996 2.16285893362195 2.91930371156594 1.56947879918969
0.00958872714352782 0.882361315404642 2.13875336805173 3.13775358864907 1.88755848756332
0.0101500228521206 0.877748483955775 2.15733563173437 3.11339842323699 1.96331881213543
0.00969684394872599 0.900658843047431 2.15459732350207 3.07264581339631 1.8993351826641
0.0138196514802746 0.943992027917285 1.91579527555207 2.95615677305898 1.79022306531128
0.0109932459154915 0.985318731426995 1.92151670702469 2.89537473669795 1.99536534042707
0.0101579265328795 0.986323356385761 1.98030532264734 2.88426814125081 2.02680847449584
0.06778990457264 0.959220281015604 2.22982303460293 3.35710758861275 2.05664500656755
0.00884336108400583 0.896297580068997 2.08124709761602 2.99162463990822 1.87921485790172
0.0225921916658695 0.81821388559063 2.25716456507876 2.89761038905027 1.82136982982241
0.010476081386223 0.893397697247358 2.04333512138399 2.9991767169372 1.77109584378053
0.00974715905848497 0.944816903290709 2.10058945966802 2.89070396705689 1.97290973858927
0.0130154524548795 0.851657182518907 2.16641687340347 3.11166183056501 1.8933078385711
0.0148864732955613 0.911314227415211 1.95934576008696 2.81024620508046 1.83354057277638
0.0150993980562263 0.84874585246005 2.12236989945227 3.21359447795559 1.67341068692557
0.0108067977728455 0.922732226851303 2.15088475261937 3.0377803335774 1.9584906272148
0.115037251205436 0.755404820158234 2.21682679752073 2.91633187364939 1.68737801599132
0.0100110841797871 0.922445398171034 1.98843074457233 2.81625834963043 1.96396716554949
0.0123135836747792 0.946330778270803 1.92575255623637 2.9624142253103 1.94099296178261
0.0200365881532009 0.84592925251409 2.08470446471343 2.78596180313391 1.7189888592032
0.0137031437473126 0.976507087759624 2.07876167084784 3.14866831788259 2.05012096580659
0.0173612956230434 0.839275608239872 2.13383252715133 2.8562916361597 1.83256263582048
0.0131808498796831 0.983654020675212 2.05496225336793 3.00802118393167 1.88957736406162
0.0221861772598265 0.848859699137952 2.06329439117597 2.95524700150563 1.88463687437173
0.00845772839939121 0.922811578307683 2.02255112132284 2.87050609344575 1.93433517131157
0.00958696407738342 0.965021901267159 2.05108869340752 3.01314820229056 1.86217170710199
0.00866730963614431 0.966414730019407 1.99605458365598 3.05217635999076 1.91546185778721
0.0136699259911306 0.85509088016832 2.11806226213309 2.91471296973812 1.8471719832343
0.0164341900938084 0.964514657241163 2.12487940420778 3.08851983199833 2.18234649677073
0.00797889647196505 0.917013398537367 2.0658628396818 2.89819411728745 1.842755562292
0.0123930576272207 0.877263872426809 2.20560119990286 3.16191155777307 1.8690132137435
0.0711767607333135 0.944105953713313 1.79853478833166 2.62966485796032 1.81581894792243
0.078579903010113 0.796785507704946 2.09783457773255 2.75812849918608 1.78271643034578
0.0147404188311639 0.846115311212124 2.21532922572916 3.07295667167548 1.73814992777158
0.0123075206723677 0.871987541111806 2.07627335203637 2.80826363219453 1.71527956160264
0.0229430668236156 0.822072389521132 2.27273566575371 3.1988943587918 1.94777933653371
0.00910152306229321 0.888940175680705 2.1249500880142 2.92281356317644 2.08393012463991
0.0319937195115915 0.799022390957122 2.21556522460841 3.05636931240257 1.95850194133416
0.0102281066931606 0.931467984579792 2.13075099100656 3.11989321066679 1.81123974014873
0.0219459794003338 0.817233531220109 2.20885018185413 3.18050913194034 1.79199802596425
0.0341134806783119 0.970287194619743 1.81066934050788 2.94583042393396 1.76428216632561
0.0143437447852288 0.974620504054705 2.08870253041659 3.15926904240076 2.02270789670452
0.0108476917698475 0.958177091490163 2.09019221647857 2.89018187479792 2.04399661127433
0.00902312239024892 0.972366172233833 1.98171561843831 2.91789709758218 1.92450414051724
0.00999242598969361 0.984236476294759 1.98592875614156 2.93138123212594 1.97014128553696
0.0156308923000293 0.95560958876282 2.13772258855962 2.9744512038086 1.95766914382565
0.019206199453953 0.870656740281684 2.02056637595625 2.91721054703649 1.77112857517844
0.0229419085325441 0.839696133859974 2.08736383414092 2.85588270196519 1.8562679347128
0.0179979426983422 0.829804763141361 2.22385399357082 3.1379087480004 1.83080215977737
0.00909850635793769 0.971201331011974 2.0117411217902 3.12452627482606 1.9746957817195
0.00940552273043351 0.889673175495272 2.08202286913297 2.93727600718907 1.86065190692907
0.0338239583647101 0.86950070383494 2.30943945309263 3.02886397738953 1.91530273419962
0.0186486808280146 0.906910690305202 1.94627012775615 2.89630227950154 1.6936542777957
0.00815291850282161 0.949258545195502 2.00515318976501 2.97927586200684 1.838869069258
0.0249609696571861 0.930685448937181 2.21729531898472 3.15581107791957 2.09566440769107
0.00887706911371632 0.963425192151504 2.03380114976416 2.94422235899544 2.0033303401632
0.0491177502034481 0.912416503645375 1.86786071667807 3.06010710155772 1.81469584539728
0.0652898019677124 0.811539376049445 2.06916968116769 2.84753145490494 1.82795030955728
0.00801870584919527 0.91738292943808 2.08591424578997 2.98645240408566 2.00349456700888
0.00953488048123015 0.970837876902546 1.95093818548172 3.00069243858934 1.87603251646466
0.0138585020851017 0.919786842503859 2.18381336881596 3.13514775690766 1.98905671272482
0.0112991309861195 0.985377789533 2.02303230105052 2.96487922314697 2.06971363498917
0.0113374968483935 0.870160334160269 2.18378701013497 2.88833380664658 1.87789161314295
0.0156313777543907 0.942343272920799 2.16148337443767 2.94442978064451 2.24136842137466
0.0196986359273803 0.867310141381207 2.02627459627607 2.80931420984282 1.57761423106981
0.00843030812374714 0.941780727215162 2.07495767416032 3.11304721661742 1.83317820125543
0.0355681581180802 0.948584355769296 2.2118711565328 2.93362019325482 2.09598954085044
0.0101506775419872 0.962926452772856 1.93786257535982 2.91392666666425 1.84836400895196
0.00960522398606489 0.901622320901191 2.03939232114754 2.91656045092441 1.90780587569476
0.0103724264322563 0.985530422394802 1.94002615973 2.98535329520842 1.94749510209709
0.0266520373003677 0.880212998043868 1.9696047511971 2.87940387757977 1.66409887385803
0.0320233289397554 0.797157226205692 2.23859625952839 3.11697230103185 1.74862437353706
0.0127093147616247 0.970328504820221 2.0842524683872 3.06414123612707 2.03053524129708
0.00815670119912967 0.945266850487088 2.00519437245459 2.99898342037165 1.94659079611268
0.0165953954695328 0.989051142518968 1.85696553508153 2.79558550770128 1.74452797531778
0.0260219631245069 0.821839788645267 2.29497492249386 3.38464616247111 1.92109333989433
0.00941872489765403 0.946741995760997 2.09072864741514 3.00919379474949 1.89027853561674
0.0253422810362826 0.967040140948464 1.83554169371521 2.75638497681493 1.73151644277862
0.0299311631155576 0.800667458219931 2.26254543943949 2.97628012194016 1.57255899938009
0.00950963584118611 0.97831667752943 1.96420821825866 2.98368654783126 1.97864820096341
0.0136465553167182 0.84804938956711 2.18331366211669 2.89010384174842 1.97470722624767
0.0141048214853638 0.937084032330812 1.92300621740032 2.92367166307662 1.82959674868748
0.0137015450527042 0.907677812504477 1.97489429513353 2.98366920403364 1.78753473642628
0.00817605415544905 0.912179267632663 2.09773961243508 3.13544473467064 1.57139831755952
0.0163959068779073 0.911219868671866 1.95009927899971 2.84508213905034 1.72829237011676
0.0125792952956254 0.863133290060629 2.10403314432853 3.01865685155425 1.72898899836216
0.0154934855533099 0.933153809099188 1.919396212664 2.91066586843779 2.01200988119604
0.018769326123296 0.970883596732967 1.85674068458636 2.92800686395492 1.71702496445322
0.00928880712872491 0.914214304922637 2.01740699291121 2.99060445874624 1.90336235064093
0.00945349138192101 0.977687986657789 1.96589361446023 3.09076645605798 1.97067057076157
0.0507560441403162 0.854454571041698 2.34836482773144 3.03119124553486 2.01180590716813
0.0113616478273479 0.939841309656534 2.13164369873848 3.06665000346024 2.06962066579856
0.0081453644206893 0.915978160878442 2.05233242020631 2.82545608525834 1.90576131271737
0.0185442364125765 0.901085433102016 1.95774144122521 2.9397574351296 1.6477429628382
0.00981941729002701 0.922545409601412 2.13686311439018 2.96665402665089 2.16291914446915
0.148725256606631 0.748468799231836 2.21563158620212 2.98305900131829 1.63971359105983
0.00935173147220321 0.888820828744292 2.14223576080269 2.9980524206681 1.92559774099967
0.0125643288541444 0.858149857055171 2.12840528126917 2.96628872037517 1.94973210819889
0.542099841162391 0.886406637654037 2.42440806273327 3.43442976426606 2.29998409288972
0.0277942559087933 0.811338832307785 2.17120472279995 3.07766521644152 1.59238731782207
0.0102009817784817 0.968126489827013 1.93476158656015 3.02808645693553 1.79225703382363
0.0186838386574657 0.970548934157094 2.12405052854473 3.1599443582908 1.75973864058098
0.00973654968131659 0.957714302569721 2.07316667805095 3.12490263853885 2.0572462008046
0.0104931728206015 0.973232596514411 1.92816100566822 2.72762558288938 1.96545823420441
0.0340249313229611 0.91084689408307 1.89370798612184 2.95371091187324 1.78497846642233
0.00930776032892085 0.935109640930659 1.98092928510364 2.90159387242735 1.89836236307638
0.0252398828208708 0.818228203690318 2.2846915425293 3.07047530418538 1.76062075586533
0.0152985984744386 0.863938151287766 2.06575967602944 2.78989233663507 1.84620450189792
0.142347460987701 0.736882136951368 2.30090837220097 3.00074533737174 1.54895289454653
0.0169750903306738 0.896763068346962 2.22988703322193 3.03884311829677 1.93754708172068
0.0305405585636966 0.974428097015064 2.15409393738742 3.11550762256065 2.20461113276605
0.0124477079659201 0.912076779852867 2.18165959178895 2.98355802611675 2.0847773739815
0.0132428423161049 0.954724404285153 1.90773255065204 2.87088524803811 1.79485798884947
0.0174154933871164 0.875390125184019 2.24949696891277 3.32797611291862 1.95029515221451
0.0105807127541338 0.87240994887176 2.1621769222424 3.03765157261914 1.93439019543671
0.0153181679543053 0.840222210909874 2.17118617431394 2.93813112340801 1.9986698247349
0.0117094420295878 0.900650655963425 2.18547019365039 3.17559764948129 2.04200913910091
0.0164743805480332 0.867450918803249 2.24697448017691 3.00058192563423 2.05487906886715
0.0126099313588182 0.933098030214546 2.15481945777636 3.13294588842451 2.09993633508922
0.0195579506891397 0.954260390263118 2.15988808281166 3.18468292506351 2.06485006583597
0.0262733144509265 0.817006789174796 2.15391785089869 2.96243010835448 1.77751102989081
0.0231499990370037 0.89384825186367 1.95300905940496 2.89224698459298 1.78117929172886
0.059467090618204 0.858255944932533 2.35506578994345 3.24530173106745 2.18574277899195
0.0106563321536001 0.950520563993344 2.1035012385927 3.01491153488732 1.91603390855046
0.00893474599724745 0.970052305534945 1.97868658030775 2.94024375921359 1.9445183828881
0.0863022509873987 0.814911480297772 2.03876711388244 2.84286614628823 1.68695967216604
0.0278427626848005 0.958255677621057 2.1789149184671 3.31526568818899 2.296447843878
0.00806252465202656 0.92421150122808 2.03723081352474 2.89201596364621 1.81791022169831
0.0231081538353514 0.850422919114959 2.28866692793899 3.33682883046206 1.87102495983552
0.0114098011615832 0.924067352497781 1.96704609956441 2.86149417170892 1.84398347715064
0.0104070566390258 0.965041554440443 2.06748892465689 3.19993221798011 1.92180866727761
0.0081922607082483 0.91691351743051 2.04688238012182 2.89546177841873 1.83381543191082
0.215974466570086 0.820822199088513 2.45258594325095 3.24397017108484 2.0716654120946
0.00829855764422652 0.928390171756175 2.09276255392994 3.15167585214921 1.92540081520789
0.00851151262876609 0.94832887317968 1.98726580937726 3.00608635434736 1.93522247570966
0.0391746384838593 0.982918175621652 2.15312838690919 3.1819287597636 2.18958561846724
0.00952248188542064 0.975810654458974 1.95641008805975 2.85048950971862 1.82463020321177
0.0111175057839246 0.876847893490561 2.18467310667868 3.08251729977234 1.8701987452775
0.00836286783383908 0.915876197851471 2.04111032172506 2.95822167266157 1.90036362359206
0.0166230732045349 0.844769520162609 2.1187625960505 2.94427414742702 1.62131945073436
0.0288954116241371 0.883581263673638 2.28570878197374 3.29037792302189 2.06346410953748
0.0269003051853071 0.880305485947073 1.96867442556414 2.8028068444795 1.75660029789349
0.0110465485291377 0.988769108313623 1.92396741343303 2.92356194652356 2.00379108817841
0.0286160876132726 0.821961017330703 2.30851614395232 3.14182988873518 2.04118008575887
0.00788926166730055 0.932706166739289 2.06283634984316 2.9590327442718 1.92525942645585
1.38252596333192 0.726699769834578 2.11481916211785 2.85782088833679 1.47702862621333
0.0961681671762024 0.872029683640183 2.36810420796113 3.27746995509872 2.07106250587876
0.014349335721386 0.867326553778554 2.064995076187 2.85585871538089 1.86672459449029
0.012224358219694 0.871663201432949 2.0786712870108 2.83799140982708 1.91526401894657
0.0111555707961079 0.914150285652091 1.9875968818875 2.97473386197849 1.77261851878724
0.0102205282296894 0.875979752124154 2.15562900366459 3.03015041173915 1.95687662127911
0.010474230898106 0.98311968608206 2.0124248873389 3.09894623575322 2.0665283292411
0.01282990122109 0.912764085665952 1.97269923382783 2.86839736382191 1.94705935716313
0.00897647616004736 0.895224728109898 2.07858557143739 2.88392133071362 1.87721569364797
0.0379195063651573 0.838207635645301 2.04062312513278 2.92011863876154 1.90069074395203
0.0124442732270497 0.860396542870808 2.11954454419685 2.91708115223521 1.80760916544153
0.0083695134671728 0.911566920381134 2.05214798637217 2.95657053994042 1.8995576145468
0.0220939309532083 0.828840345440007 2.27624498352957 2.9975494331708 1.77861486534129
0.648918809363096 0.855674679611302 2.46617230930293 3.2329298302693 2.09545510972755
