0.126341351262097 0.581869348529585 2.52287753496194 2.92648900132148 1.42928251323741
0.159530032353552 0.576151549579458 2.22217664516065 2.77421172950734 1.43429939349221
0.100616586847914 0.801654805307444 2.47274967778218 3.41198763844041 1.98570092226944
0.0662628448499912 0.87352098354762 2.10186881498893 2.96749549288788 1.85309498624851
0.189855516639509 0.656305421008936 1.89672801780907 2.53386349257839 1.28046537511024
0.0657937479200942 0.899090489259226 1.95796314614494 2.79570849192898 1.70327848015781
0.106732397888304 0.61291581311888 2.36503471316212 2.96956807209528 1.41760466853764
0.0714098417756966 0.923105059531602 2.02848799544186 2.95924537880951 1.86377526895926
0.0667416309153076 0.891023199975843 2.05741377525035 2.89352446577594 2.09141491264597
0.0637535055281697 0.872252606798965 2.00128698874799 3.0246985982658 1.80517587878696
0.127139309512898 0.799624722807577 1.69287577573875 2.46031044629073 1.43778267342784
0.124415259204014 0.809638283183188 1.68181551569088 2.42854521837682 1.54540446804671
0.0695457377931107 0.80340918945195 2.26625195693554 2.9576682096734 1.92484024429274
0.0978115327765878 0.943572550302503 1.61160477902458 2.6061770625026 1.50782030138802
0.0981313279433114 0.664417597274944 2.5112271782086 3.20693999010589 1.5888146660078
0.161618064263691 0.588281081209401 2.16583918999466 2.89631807677915 1.33479200462396
0.0923809135904853 0.646894898053964 2.39094632388895 3.03413663035446 1.41334447693507
0.170224717460396 0.722951013514556 1.76503519922454 2.48850829117195 1.24962859730528
0.085569045275453 0.995612482703055 1.81466283924228 2.84606324949013 1.76042934118646
0.0813084186400821 0.943576736317444 2.07834501962445 2.89258207700858 1.77253624570013
5.47239528562676 0.753998086214111 1.14201579799164 1.82608434265615 0.803327499541263
0.074744841595724 0.741368289378312 2.06083807335052 2.83869446682308 1.45109155327285
0.0769001238712755 0.772028158274247 2.36558945276137 3.17052811755462 1.78191850837396
0.159453429984097 0.550475351125744 2.35795252016581 2.88111851789568 1.13537303708834
0.072232797831353 0.933703264517908 1.82370082096995 2.89473860709755 1.57062367272348
0.271857204875763 0.565736380903067 2.05869900762088 2.61216070398869 1.11293270047821
0.0874243609951814 0.917494955335767 2.20263571304428 3.09383256431857 2.09600074823664
0.0758056997365765 0.900535488140756 2.15752507086741 3.27575600795141 1.89120042251444
0.421503488269862 0.475338991557321 2.24808916604644 2.5868715602382 1.2608811346307
0.0705396655653583 0.925996209361846 1.84592588183511 2.7895803444734 1.78116325740363
0.0852709252526712 0.869912112797542 2.29533498714327 3.15719592295029 2.06626826130234
0.0906839694104674 0.884227415945017 1.68629957928349 2.7234140567269 1.62180979968798
0.108905548374229 0.656882253120765 2.57140713006862 3.27503294725394 1.62816761288433
0.142935682317871 0.640829910607255 2.69515287481569 3.2152762104844 1.75487750005209
0.0676710978951438 0.790618989401242 2.24752883519402 2.96834903068806 1.64845359075884
0.0760068077030755 0.961042370738744 1.83634728360727 2.7064297736362 1.71571044250921
0.0715014133564111 0.801899669138721 1.93400873360444 2.69142308315146 1.35355932653238
0.0694997212682143 0.925121875801396 1.96678311687075 3.01889867803218 1.78322225581081
0.272048008649337 0.787675707641349 2.78239899639238 3.38548097613321 2.25143119138979
0.142908049253666 0.556730087319934 2.52598546165931 2.99945872081004 1.3044189789403
0.0685834153675008 0.773398094206916 2.26571613587214 3.05306316736314 1.77311604059032
1.2091132730945 0.453370541849927 2.05960389201604 2.54084008496436 0.887329550725847
0.132519867023213 0.662102748885925 1.99763071905741 2.62189395352963 1.22041504201082
0.421746043581795 0.531609494388762 2.04816617804072 2.51405684767486 0.973974803953804
0.149171201983071 0.769152170816916 2.64546047171732 3.45652664914562 1.8891783041194
0.141362665854138 0.642275169286183 2.69088616146478 3.35480391936444 1.57657912564096
0.112271608583888 0.921162357335611 1.57012187588057 2.37277213954233 1.37488950610216
0.0782458732996082 0.904831025598202 2.16842087217699 3.11994214654596 1.98869811164959
0.0837923797214812 0.69926053940353 2.42262801265058 2.96134957369035 1.62238265492521
0.698179423734446 0.837866097404719 2.90393569280275 3.80453043961698 2.50748989806397
0.0750359371183866 0.858393017727738 1.8103164718835 2.70408838957664 1.54916901541449
0.233810254573978 0.570488436090212 2.8562629531877 3.42642764547172 1.67990986184511
0.103191994907949 0.787786205532582 1.78316944546395 2.72874115775895 1.42877066749694
0.101677983389086 0.652910795788142 2.16073659677784 2.75636799619442 1.50195999696761
0.0632690757995443 0.821472962642584 2.11902681561865 2.75672177626524 1.658191506574
0.0875743809093895 0.82041432380443 1.78859576596419 2.52167368443314 1.54803970938422
0.188139369754688 0.532247180382094 2.70998878516288 3.07961887435147 1.43988271811814
0.0680202150493574 0.786195149579061 2.25492831545067 3.2797915947359 1.79155131978849
0.0704311105580604 0.923654155953626 2.00504073718267 3.01763586321501 1.84706202915887
0.0817392616639221 0.981876083857041 1.87804240014493 2.73659430754512 1.80517079085472
0.0669340712718097 0.844152057411785 2.17751254979029 2.9025849029081 1.76532166904832
0.116550265253823 0.944870299946656 1.54071868443358 2.46420542552049 1.4913426425759
0.147606869956713 0.839474345157652 1.58532739999068 2.47282031803243 1.42136597114071
0.144400853432212 0.596145852226698 2.1888756887922 2.49748705786735 1.33986931790602
0.144744651251148 0.698640116755613 1.86858252291684 2.60913693669418 1.24977940364559
0.114044821742672 0.843789355553065 2.46250226179412 3.30116442857776 1.92212674618965
0.15865918872251 0.571804540698289 2.24475201913764 3.00335407982695 1.2586160165965
0.119450169070965 0.989074733235189 1.51966994386236 2.44655201677221 1.68505742803884
0.132562670073819 0.599232640021811 2.62581754485423 3.2729928383426 1.61007103205809
0.0749312866962747 0.95366079742927 1.93373848163517 3.06793682654861 1.8208935754427
0.0696674386758547 0.742152698368388 2.25051015276981 3.15822431055568 1.64681698628883
0.0694792007435725 0.770853928325469 2.28071636573258 3.10141701242386 1.99390717446677
0.0722296247827682 0.722900254296307 2.2561342929119 2.92253285951544 1.47779762692681
0.157595522798569 0.621008929812801 2.72961986879695 3.18570672660165 1.49090862921021
0.0725485671792542 0.913383863056029 1.79912710465828 2.64235155184008 1.69034051235136
0.0755181947432511 0.707843833884447 2.30170593808535 2.77592684267262 1.42397068853851
0.174840841125402 0.887324641557059 1.47665726754008 2.34235930281185 1.31710212299165
0.0900757853415707 0.739478725289019 2.47496844736093 3.26280425272628 1.80679229328488
0.209652527103438 0.716875050818252 2.78827330671609 3.50824894389882 1.95550992341747
0.0865767132023478 0.663984596636526 2.28328929174271 2.9927105500849 1.61124183434217
0.0977309546727612 0.962529184961724 1.60915747699184 2.75413398494741 1.59470105682059
0.0639924549295119 0.805786179984785 2.05372075442549 2.91295930836936 1.63524643771327
0.11283277524188 0.941478258606795 1.55444061636405 2.51091569871165 1.4218172009435
0.0810811644434432 0.681447226359885 2.30595916293507 2.86244120647152 1.5280070124451
0.164037681962235 0.600409943204218 2.73672332761616 3.28311769292845 1.71353375228452
1.56410873833218 0.620343090937611 3.25753579864885 3.85489012553207 1.99060441988437
0.15745369225447 0.641981699234826 2.73272036708152 3.39654510553593 1.67009768623531
0.145908061883757 0.936450779430962 2.36943109429774 3.2588920103934 2.25317907976436
8.08178959318378 0.336112014603257 2.097837498299 2.32159600903947 0.701856406522602
0.0698581855215392 0.761722835838702 2.28494523255563 3.05573224746176 1.79331676201993
0.0772178403522114 0.698586988699679 2.30345138164759 3.04181943592715 1.66422987788084
2.5199640880178 0.27505035790121 3.22411750342914 3.56832807167309 0.954081225548206
0.13125316956482 0.571288193903486 2.44262407936504 3.04901741662588 1.51552937719788
0.0693323452678333 0.765282620257304 2.27706895709622 2.81363572017128 1.9194622818464
0.219828779282089 0.921115234927397 2.52250539527128 3.29179573639071 2.3241755425399
0.111714196969911 0.894124171860977 2.36556176590996 3.22166648070738 2.03440953121838
0.0906412245463674 0.873927833235098 2.31740643984462 3.32595858608828 1.87812109595928
0.0882462938074535 0.665118532736339 2.40947439803587 3.18341322311717 1.4563686633976
0.0875992886556373 0.935985019366741 1.66813633856572 2.49661656028079 1.55864821990894
0.25758117223598 0.652660597441614 1.82664765087076 2.48304965888519 1.3159723750225
0.359837775227225 0.794472520718732 1.46259214472076 2.27312935587748 1.1277904168277
0.22343849546703 0.854039763692322 2.64499245408789 3.69607976317015 2.42358132533129
0.122864155913607 0.583301484104939 2.43856335393171 2.90746720658867 1.55663055999378
0.112374136714259 0.619934546342511 2.24082784096068 2.77455238287017 1.41185048691095
0.0986917378762088 0.933835966044077 2.22210529268581 3.19174684007374 2.08479747549394
0.087123183471964 0.944355031909382 2.12408981328008 3.14621236080179 2.00200036790865
0.117536006155813 0.75532787959579 1.80426620657803 2.52596775013302 1.48117214145838
0.0941742788051147 0.791781850457702 1.81034966161752 2.6533627087052 1.57688032564702
0.139553486873517 0.922574629358344 1.4991943739188 2.52499491763376 1.38819977373879
2.61624952192825 0.751497884573744 1.23637280861861 2.01148272429403 1.03349955737242
0.477119736299182 0.672743217147378 3.01004259669761 3.7765507053848 2.03190357453228
0.0885748997367516 0.727687735252395 1.98728038844912 2.66937216327356 1.78207836390596
0.0959741440209702 0.707683287966099 2.51603977956559 3.34265865190684 1.83569778226581
0.105810449451668 0.854981980034969 2.41656465141666 3.34442437600267 2.20998222054519
0.0769527782555512 0.86148418717526 1.79176954994359 2.57856827709504 1.48662340199966
0.0971883337257554 0.65229260492544 2.48536731520628 3.25164244589113 1.7080488407184
0.176567316978989 0.552890295859693 2.27430160057249 2.82638188064138 1.36286932247792
0.108806448316253 0.704699116368998 1.95448621972522 2.73890233380583 1.29793648392205
0.0855768754177881 0.713512038264533 2.44753253106143 3.17795959434394 1.83224740757087
0.065356585742297 0.77956416515983 2.18327582067998 3.02415841838806 1.69982358092689
0.0772358546186216 0.700531165173861 2.31860348316534 2.76659323481508 1.69277796773811
0.0741415092827333 0.814901648436067 2.30271133990048 3.08946679912279 1.95032315992172
0.069880901281922 0.815329927449313 1.9246020460869 2.79382386660681 1.69196569975164
0.0933363515846163 0.660194659577409 2.46297675165524 2.97802363361462 1.8028673908029
0.0710150576188793 0.741029570103033 2.28700960007335 3.06944222632549 1.65437440608088
0.0711753297507574 0.93122955493616 1.84304454755835 2.56938408229566 1.6118649760712
0.0646142795442981 0.875083013974523 1.94335598667037 2.91778399171989 1.55377325021517
0.121289460884044 0.629773579228378 2.61138997305567 3.26030488267511 1.75900154288543
0.865059145430723 0.372480446913765 2.46636633499394 2.74969877027595 0.898230574512584
0.0892938738139555 0.902419562467259 1.67631980120103 2.35224066152642 1.63479649807093
0.0750535343216953 0.740178917881969 2.06116053015965 2.73911261414626 1.63932267312653
0.184425246507499 0.941309211202723 1.40690335387684 2.47596446641263 1.52368997138141
0.684491966134476 0.860621628923589 2.8670504548304 3.74376215575274 2.58695761649716
1.83766411870892 0.793302229608946 1.21059483216445 1.88893135069911 1.05044982446095
0.09953136488591 0.62804671663553 2.40751719215265 3.04592920182219 1.51007269301257
0.085480753894686 0.722285852824981 2.02345164229433 2.66468981639812 1.33504263322535
0.0792160293695865 0.689801580566466 2.25264046016138 2.96169123137635 1.40920476923394
0.0853397184680563 0.78787312460414 1.86098799796681 2.50596268036122 1.46569490974025
0.123192425626165 0.98832879299789 2.16605055776032 3.18328551833192 2.28626777649837
0.214075237321868 0.534718502391256 2.26030059082747 2.86315475173406 1.23443798372845
0.0716809124570932 0.729615726242292 2.16930817829845 2.88804224294181 1.58492702454786
0.0718448047543164 0.930669603959181 1.8257288233041 2.78877784523529 1.76508485368975
0.652146993334837 0.421737165778307 3.06376244393264 3.53236382819812 1.11928122025059
0.337319811733026 0.786229023445786 1.48910060616404 2.26746176690963 1.22553095959523
0.0761278979382007 0.709331790165441 2.32640556344075 3.08370063987358 1.6508569415411
6.58688616629344 0.531322670153253 1.58089484430733 2.09985411925574 0.874455356524685
0.066022369392505 0.808912081030182 2.20720389248537 3.06716195890126 1.84241644054025
0.0636978411329234 0.836195419267939 1.99440058046133 2.77533254345943 1.43653897742643
0.166843994633872 0.607267762626927 2.08402131545363 2.41047570199863 1.01617848471995
0.21486390772844 0.923263614124079 2.51217645508342 3.53354138933163 2.336165600892
0.18903137586302 0.808617499357372 2.66675594969404 3.55404144647698 2.18688502644779
0.113198102990093 0.655380078009195 2.08780474038902 2.76501937589819 1.26336202518899
0.121616818961401 0.851142407153061 1.62339746538361 2.39018932069628 1.17485731880919
0.0696891353614073 0.807163704896467 1.94301082556337 2.8334259310614 1.60653465653909
0.68153837283216 0.42951729725737 2.28343047448246 2.81603193210612 0.904605846131942
0.0678257135915231 0.90863574370994 1.88280388180182 2.7013941764439 1.71348073686957
0.0768583340855207 0.700655245366942 2.30503449177885 3.04227161796382 1.79166758839903
1.69533433106003 0.413440974324874 3.30560270227738 3.76963090531571 1.60133783124646
0.145604987288688 0.576604723563872 2.27410948856066 2.71466705695076 1.31181782074597
0.237757706800761 0.481364261264544 2.53072337214356 2.95329612501048 1.0091704097832
0.254554035924797 0.652302703389472 1.83040166780294 2.62259366984098 1.13413989191098
0.110091792897061 0.909517405235738 1.58691055486077 2.49148889269733 1.54081146892382
0.1350203305781 0.600901400687784 2.63995574569433 3.41645353910272 1.69467736114683
0.0901230927802855 0.885516232523595 1.68764666153266 2.52176640535632 1.5419880297632
0.133798651096285 0.885712481570931 2.4457647640639 3.39804609824707 2.06443169585765
0.164757761091214 0.637213617585263 1.99373751586469 2.64659384729104 1.25167603969862
0.533539070794796 0.418332231981842 2.9810551033888 3.52901836522429 1.22961224216954
0.0774893438239279 0.88391697045269 1.76461608144979 2.74298547484226 1.3778981235626
0.13864663049254 0.923332896556593 2.38161892161763 3.32370200834368 2.16324683130705
0.241081594517018 0.476729363340112 2.62831968802542 3.07854458459814 1.28556890362571
0.0919839577521562 0.952237909646919 1.64024147828194 2.53673517977331 1.39125831242028
0.638730261795865 0.624951825666455 3.0972551610347 3.70271014718289 2.04800208368099
0.15034961781349 0.547226776902596 2.51558289393446 3.06675769228851 1.37204681076468
0.0768188765846239 0.895483466634182 2.17970501935938 2.88258739558514 1.92481491264405
0.712435767382371 0.435331935900063 3.10780270538502 3.35583267264919 1.39999282608895
0.146659531548762 0.958403696659551 1.45734981964315 2.4445624939034 1.27904238838561
0.485765006680517 0.493064672657188 3.04332670408648 3.46195527340241 1.53656248358218
0.0729385354355495 0.947093286729717 1.86190772000154 2.7938114856853 1.85409151933902
0.11509301640723 0.597947298362993 2.47412169990611 3.0584111510235 1.45355345446064
0.186711100512064 0.686455421886714 2.77573842717709 3.50892757281642 1.89879384924015
0.257388912738103 0.804383288019215 2.74901118202246 3.59753247649196 2.12236796103255
0.0723157809107789 0.735074103422762 2.12235335850413 2.85107229142953 1.54828167985674
0.0630615941234712 0.81523954360577 2.08969511999148 2.92137361839922 1.7560780608772
0.0721715817405287 0.882615540604582 1.81258644573446 2.70121302662922 1.65150982652846
0.176691235754165 0.609016787956368 2.77018963424557 3.24307812468529 1.67286201327724
0.145971808558239 0.562860749154824 2.60476675160538 3.17770868902218 1.44767952900547
0.135224460280775 0.792524728676286 1.68766186436958 2.63240036317854 1.41823404397717
0.0773626065543062 0.916508753099783 2.12804455863935 3.14246994452713 1.8240563473699
0.0729416833972874 0.76312528146222 2.32895645225799 3.09049536856466 1.83192758239618
0.0943022102365875 0.866165547137725 1.69094090147767 2.61160596515519 1.43450037179806
0.0994089263377578 0.811383461575417 1.75339763596941 2.49402214105634 1.56893727503778
0.069592926422169 0.885049664035386 2.12698052934904 3.07202777226727 1.87701500169116
0.0663432383063743 0.840892295709913 1.92895676028796 2.67425536579162 1.49614980573883
0.17898485676009 0.969771629408229 2.35559017948287 3.3853076036395 2.2615312696888
0.0788499862374158 0.786647140963743 1.90413341487219 2.77601775257427 1.45036232895426
0.209444707697456 0.517743949521739 2.74119508278052 3.29683309584314 1.29943117836673
0.0718533772048642 0.7291898813727 2.16647159791954 2.82752097722904 1.58267719893861
0.101606915671328 0.691740489988859 2.54585497621838 3.27033008195934 1.58640711901079
0.0667500757053005 0.797629869511638 2.00663108168228 2.75843614037114 1.57703753104916
0.0917189628904072 0.75654481537322 2.47473999806401 3.19474172547306 2.01189733084474
0.621097947273301 0.437308723687743 3.06836606695448 3.58301653637836 1.38267720175026
0.408016647989513 0.644450315913548 1.74550885213619 2.3719151535126 1.18201653260078
0.292789112756264 0.964857340832029 2.50278794078575 3.32681038881206 2.55024844972489
0.0686012889589176 0.900824458075433 1.85596184420569 2.78613603827224 1.78847513704477
0.0844662181270629 0.992058977547838 1.83730657497943 2.85661340371274 1.85844266817197
0.0988648294693008 0.6290183521392 2.39026580419009 3.03040629023847 1.50674797910518
0.145181242709768 0.55719706454638 2.5659401634364 3.11603599211677 1.63955524110309
0.0782425283737442 0.768409658094566 2.37910394949108 3.17208683191933 1.95768118630419
0.093195870183261 0.86548425626684 2.34579603086511 3.25846390431664 1.90642261533829
0.100014973058696 0.83808580147345 2.42112407251235 3.19763960903164 2.17957684587857
0.109872058219033 0.80374569058934 1.73163886857155 2.63886005097993 1.42516174781117
0.104696479104088 0.876098803816322 1.63967973212139 2.64134263915086 1.57731273577959
0.0700667132968778 0.914853053947817 2.03744508726159 2.97263403646399 1.83411851562459
0.0703471022563164 0.918839025030411 1.83752030967797 2.68133680572374 1.67966916553816
0.0834458141157531 0.809663251554116 2.37807028234496 3.3065595129304 2.05367444819832
0.0755665091037945 0.952616318496807 1.95897492477547 2.65316380290348 1.92903762450317
0.0817831449896211 0.98153536202386 1.78882985453431 2.87452693905508 1.59159226116205
0.120509053393437 0.737897006746087 1.83438963197326 2.56616187489343 1.49257992786676
0.0669241434808717 0.85257829543773 2.16186590680984 3.00256637249153 1.94532411898326
0.078644810819961 0.813946475754358 1.85156297325118 2.68368008934396 1.26440082533508
0.062844965599107 0.830658398271547 2.04987897662586 2.95989264538684 1.95882100490969
0.0851096257767157 0.871766107909692 2.29080848849864 3.13920348124148 1.94873557305646
0.126178247663087 0.588667781453998 2.32182438026683 2.85999534533134 1.43296591872606
0.119953095337204 0.587897835527339 2.44656640191237 2.97870335138592 1.41377438782455
0.127601554700885 0.875608511805894 1.57622604162274 2.38929152011142 1.45456176961987
0.0637533723043144 0.807104905986417 2.06008733910872 2.56619231161453 1.72564948633991
0.0674998885179158 0.883005866604506 2.09923293765072 2.93611953969448 1.93118202016469
0.205512549461438 0.747058013938947 1.66704310255345 2.28756971363733 1.17693953767422
0.587330857056386 0.870511824696072 1.25985129932724 2.25627171137707 1.18957831415337
0.182046189529912 0.542299343862553 2.30990103200939 2.85565675377171 1.11014311763063
0.0889942570763504 0.959328727703118 2.08786375418804 3.03005039545219 2.02267927930307
0.0983527098104827 0.735376446106881 2.52015627767986 3.27891542090878 1.80426276137593
0.0644063903950107 0.882109712573134 1.97361529557511 2.82998488978268 1.73036607138982
0.691403784294918 0.465358816697278 2.14490486030682 2.37703384923865 1.0158656103179
0.121064463718233 0.61643856252995 2.59375749614057 3.2087240771932 1.40802993777818
0.216449055991225 0.618461822988889 1.96396894487585 2.67170757482277 1.30844790713108
0.0671243058726032 0.785352975936731 2.03355174939733 2.76377129556517 1.60608652860778
0.205736236425877 0.534311316842796 2.2815591789492 2.66157754107621 1.36169336779709
0.130052712379304 0.644916103872402 2.65563098308721 3.53755958181062 1.5351049727124
0.145713062836587 0.724024702438855 2.67686685315111 3.32259630228547 1.95402941967861
0.0657840725165169 0.786098346235718 2.0617109676676 2.81730432543505 1.59033279546314
0.241434469593654 0.889529855503892 1.39984702775102 2.11927359576848 1.31309708531942
0.0662114136388513 0.89992966157484 1.92255477958373 2.98296634755138 1.66770820991725
0.0651828357088469 0.892501418397211 1.97428987261556 2.89260230276127 1.8525418338509
0.0954469024687592 0.751723306559814 1.89035030651996 2.64015451072311 1.25428005878625
0.0767778535503382 0.717704008516288 2.35667128257959 3.09328092379688 1.65344836699546
0.13348640520949 0.730500939910028 1.81810063387621 2.52937195588828 1.31919495014476
0.116903866320684 0.595528628838151 2.37149053975754 3.11860245527765 1.39620825915854
0.108716065672794 0.66505558456973 2.07503613948205 2.95922647876274 1.46715566833598
0.0955595683122171 0.825088940063269 2.42112884715933 3.23809675836963 1.97067490341596
0.0632655316593997 0.861655611043749 2.02013358339641 2.61081242837759 1.64330467104953
0.07794392716046 0.695294993491936 2.30726846696021 2.99635575213456 1.52219660228444
0.0779919178453843 0.768413627150631 2.37700994831257 3.18801740532698 1.94178916563207
0.087908646491595 0.936949773594316 2.15222046366045 2.99068239898522 2.14665901190317
0.585479964689025 0.412375177992478 2.4128413526089 2.86391633439123 0.873914700961582
0.252021051044172 0.975739168756149 1.30497521995478 2.22493229940633 1.27362310636547
0.127978475364786 0.66284488109096 2.00899271687972 2.73343197803881 1.34738598472041
0.217019074589042 0.532362402183983 2.26447976073259 2.77644249434173 1.1444305254814
0.0702802202709949 0.734521158601863 2.23383055243397 2.89523841743428 1.60332065673981
0.0684546000394357 0.746743197466617 2.20202532175153 2.99319276693823 1.60800556126724
0.130421554421953 0.982491561495528 1.48605949085884 2.37718669783644 1.52264161505372
0.0942998487162848 0.950631010158112 1.62743600158091 2.57468581258356 1.46699874659057
0.196875149273794 0.908457123783665 2.51786066947802 3.34768648057434 2.22501057457473
0.195351574561662 0.904988382975368 2.52239580688412 3.46117031702926 2.28428874899339
0.143405534949482 0.864647362457713 1.55716142611126 2.49392004994381 1.43321514942202
0.0630071914881559 0.853511940120985 2.03435652266578 2.82318981623759 1.70099094146246
0.0742391238267459 0.71926818661182 2.16365696421708 2.78191770167862 1.51834040449823
0.16403342983856 0.685728815958846 1.86299021819 2.51014530473873 1.22977832553214
0.0648151143984795 0.781807333618183 2.13905129216681 2.89877772684702 1.73633130822996
0.0669085842772345 0.894658930744832 1.88874388876481 2.97915770173559 1.84271461474233
0.0705784311034175 0.741501560611402 2.12970403951343 2.98470509772654 1.6884655893368
0.21048512322819 0.49618645790125 2.61980211599244 3.11705429122405 1.37575187529859
0.0964967950656455 0.942813568055724 2.18653941157022 2.92518443585029 2.02920259343562
0.21932852457881 0.555931397488983 2.82377979267004 3.43790550548509 1.52750143238773
0.0800372050501822 0.850964635299834 2.29595801156584 3.07374020574237 1.89099569582152
0.118102868170309 0.969309150484508 2.20542853948729 3.30087277394682 2.0403048198346
0.168723468833814 0.600408723325639 2.7485133958389 3.28257402437995 1.43647796807369
0.0817263782001193 0.97112926151591 1.74367858651713 2.80926853516981 1.66028450093097
0.0817639245378849 0.67902537188532 2.31457589532363 2.82641859237818 1.71283719617162
0.092753460339901 0.836053920392974 2.3923295101787 3.33722072548784 2.04675525373738
0.0886813807183552 0.739206201559736 2.46673665343102 3.19210668076695 1.84308571914283
0.503336066956397 0.86153513190399 1.29818134572652 2.05274675624097 1.1306956841098
0.588601044679989 0.7718479373957 1.41566422742385 2.31562323966754 1.04108771122064
0.128400033261403 0.668920226972047 1.98964712933541 2.71742531026172 1.59818700883593
0.220927348081047 0.914961178800119 1.38964011652055 2.40322175663019 1.36864684936675
0.0662870799486178 0.84518353116563 2.16498227964445 2.87105680970174 1.77562156757037
0.0631949241114515 0.85415338421223 2.0022459084094 2.82437909003425 1.65188931962936
0.0954378250822957 0.868608337299214 2.35059436051075 3.24761005098077 2.07648484433495
0.114156639410884 0.612820377443402 2.26670937181543 2.90055466307254 1.39443740704264
0.0783808257647267 0.812396638463428 2.34042980619211 2.99880480876416 1.84348892326377
0.115818257791525 0.773470202658694 1.77152932064232 2.44297440928726 1.43313934656526
0.121022549318205 0.874931571674957 2.43138702620294 3.24733383655144 2.03743152813221
0.111725271625314 0.674693612673851 2.59157328033141 3.35251591441947 1.81739791226389
0.15123280617836 0.600719836372227 2.14819286254787 2.91217894622461 1.1941004392186
0.159602354821463 0.728031828350503 2.70249638069887 3.35143270366763 2.25584120381534
0.234294884913596 0.49382398489686 2.73982174800902 3.35067409457791 1.18920864911045
0.189464465654589 0.712255267118691 1.7609203469611 2.19101432197047 1.31638037426409
0.724633321260834 0.38314151723227 2.48062456836453 2.77829587236351 0.771613166598782
0.108421868437167 0.6977970322613 2.57727230721258 3.27608904400124 1.78152722649068
0.462231050598312 0.76057200052379 1.47741432292777 2.26957468391638 1.16493556859613
