0.0167684860396827 0.870002878739999 2.02268272557621 2.85169629291414 1.89844542623777
0.0110527647073966 0.999198904019162 1.89689679926251 2.86037895602715 1.93563229326325
0.00822648025459967 0.897280945870488 2.06894532164911 2.97628380358268 1.83220348001527
0.0137537598557913 0.87447720171554 2.03345932404817 2.95038869216438 1.76295893080231
0.00748981492725879 0.936272579655965 2.04938830050968 2.90754964378907 1.92293550549694
0.0278273239831462 0.798956690659107 2.19969177522993 3.2170133776777 1.75967755008355
0.0261278779234113 0.977928579922858 1.8070534818487 2.95615266013138 1.78227584090468
0.00781947686319679 0.933777824424111 1.99774351438037 2.7805172080217 1.68480258919496
0.0096612456756339 0.964990479276343 1.92074557393927 2.86087690502147 1.91940654969197
0.0119486989829659 0.974472877640503 2.05913107754341 3.03434075764439 2.06241778028684
0.0129846933138944 0.994874814680271 2.01555672104898 2.9435134523776 2.05681739991301
0.0122534789824997 0.859930589638655 2.09409776233997 3.10652450222151 1.76368756370915
0.0119783133577477 0.999098886694286 1.98788475780448 3.00306441481334 1.82995587864626
0.0139087644521534 0.943133647227507 2.13853249385632 2.91411244381626 2.05424952012384
0.028674229591087 0.793229054898939 2.25885841202278 3.16586454317845 1.71139531556816
0.256834517658883 0.693242889680842 2.45275474843869 3.10204659074693 1.76260179338198
0.0118949067809492 0.970053266639978 2.06893434126384 3.02076488923205 2.04156572827564
0.0150099122104718 0.951724336837576 2.13037522207312 3.02991417363539 1.96925699510937
0.00803961129038297 0.916602299839474 2.02137053862092 2.81734752740346 1.7428038652417
0.00789077528568811 0.930447609161254 2.00022547200607 2.80101627258618 1.75474652269759
0.0662183334793632 0.86810468348238 1.92884537654366 2.68818776687929 1.7649555200524
0.010453707513252 0.999216878407597 1.93198612738295 2.90224645575969 2.09617409547575
0.00768161823559325 0.952462561199681 1.98979900302225 2.96110799011307 1.8595738564389
0.0198119995919999 0.814269074631372 2.21290355646474 3.04445579527631 1.74972458494097
0.0894192213029516 0.767848407151764 2.16968948751356 2.84476784613163 1.74107840264405
0.0817276541922594 0.984393484153192 1.73011444459587 2.76185773759762 1.92087742591385
0.0273608564926901 0.828100240888455 2.08704279949422 2.98964870541515 1.71536293546639
0.0115133880035111 0.854184842765753 2.14498589679662 2.99451664175308 1.84437472700307
0.0290523970566284 0.893668251069391 2.26485810756188 3.13344813114783 2.17888472956371
0.0134979973724909 0.882894399527983 2.2106779990209 3.04439693265173 1.91900076171998
0.0987811935114554 0.787567092488368 2.09840275124327 2.81438368886022 1.61109107856603
0.031947208860313 0.944296473401299 2.1990875194238 3.13208390916371 2.20459247310933
0.0135890685737564 0.89653040381669 2.19974855344939 3.04100072946596 2.028562580034
0.0287729058092037 0.800838150334126 2.18144409542528 3.08839777361227 1.83446464422186
0.00878227951022953 0.884330375562236 2.12413305325624 3.14684696736641 1.90901266942777
0.0079174222917728 0.958459355901474 2.01702791168599 3.05846250005686 2.02130558671448
0.00816210818742192 0.903881511447507 2.11188744576099 2.948025296936 1.79125975505344
0.01039841484817 0.863958007029774 2.15366750074702 3.18457758287854 2.02196467803636
0.0104948179648853 0.976877890238075 1.90025082871313 2.81630056503127 1.78390614687281
0.00821983075154478 0.893767797858475 2.09028251026563 2.88652409586467 2.00411734355188
0.0451086470413564 0.906065632124075 2.27643362753761 3.00698914700516 2.010074919537
0.0106255666136503 0.942964275953456 2.1097593732713 2.99820157104923 1.95162656128266
0.0126157540874318 0.870119456520282 2.05661318927614 2.91141081013915 1.75792834801199
0.00964132144031139 0.985210750830437 1.98822836845476 2.92379977052979 1.75114214318078
0.0210042272968087 0.993409502208827 1.81040482725674 2.71538589055048 1.88500081689557
0.00910438459420846 0.97850520398774 1.99698250533114 3.02607006508117 1.97767366520844
0.0387498493938871 0.826387137662042 2.06042470620657 2.77423483018331 1.84377740940017
0.00768947373991335 0.944360955837968 1.99119445576814 3.08966158916573 2.04361390255495
0.00936867457841653 0.986846837515251 1.96593117670673 2.85200196460247 1.84573583844902
0.0113682561257457 0.934838455725603 1.93403326007744 2.9284693260337 1.73331469809608
0.0102961719975931 0.886122324610114 2.04455135264394 2.86050579280742 1.85942746993808
0.0700607971899538 0.753614599634108 2.27379038593631 2.97168660926956 1.71450733948201
0.064024967252352 0.763784450973767 2.22801074050939 2.87968601466384 1.81441459991057
0.010955373485318 0.948770676137046 1.91915072937127 2.91563466616169 1.81582182044477
0.0190579966997181 0.948505474734746 1.86643332337565 2.85508593058966 1.95129119803878
0.0138798523434726 0.916758916625582 2.17835110502096 3.29902102483484 1.91712539488376
1.35440920282406 0.994589621756388 1.59737662184962 2.69844161705707 1.59146367125995
0.0100815299240416 0.913642666760414 1.98511320851329 2.96847438294982 1.753950514471
0.0107290331072509 0.947676880597778 2.10246351413193 3.07243189648044 1.97801951759098
0.0172349397453111 0.829334180278315 2.14924480386391 2.90831712355053 1.97536434914474
0.266587959625992 0.998802916651758 2.20255515919503 3.24635895097267 2.08035483296177
0.00995949182903086 0.971627229385225 2.03938297394567 2.93509200457775 1.88416736230787
0.0297626552234297 0.810717234019009 2.13470346209444 3.11148917287366 1.63002379296497
0.00741055587491561 0.926722056944946 2.05523918246561 2.98836946703208 1.87933243603008
0.0139197298341322 0.899222212867258 2.19946842431069 3.04669231780361 1.98792161897515
0.0374836196226596 0.791532346969506 2.17959714135496 2.89032949375755 1.73633751883376
0.00941252012331019 0.875626969719101 2.10774093581147 2.97092872393936 1.80380822193786
0.0102701240261084 0.997483912862098 1.93806183326028 3.0367899644725 1.86853962186344
0.00876839215232244 0.886010403187623 2.1281156248106 3.04274471746822 1.9829196662675
0.0316728402982713 0.810997065983154 2.32090880492971 3.11556604517026 1.78828926155009
0.00741438020347051 0.924372687982916 2.04132002426313 2.91315309601125 1.76644734669286
0.0221214130578572 0.847588443649906 2.28132351286473 3.18127558383405 1.90941616407912
0.0344922608682367 0.859355404678197 2.31042419178061 3.08716411959762 1.98652403259406
0.0168037873361368 0.952014874449584 1.87203797181252 2.75197465604062 1.73630202726703
0.0101101460895108 0.985299462031778 1.90714734442093 2.85142702254166 1.84596032894324
0.0301447332941871 0.871637482175679 1.97011339173595 2.86755305920555 1.80928884111796
0.00847432476637794 0.913285455552842 2.11663101946291 3.08848606475125 1.90070325082188
0.0261967904578475 0.927805466141089 1.87428042273298 2.92297134647092 1.70768213449628
0.0117879540377137 0.911838506462907 2.16764175119815 3.20045062698694 1.92354370758822
0.00786279291199629 0.902362360175854 2.08456869146989 2.91851570734526 1.73467730672329
0.0108688212850385 0.882326127084845 2.04568438563102 2.971595175328 1.93317251363692
0.0491400271658379 0.827290786451228 2.35705619529866 3.14165094354042 1.93822646570914
0.014333481125761 0.867020970560918 2.22643327678101 3.14393642407879 1.89585774308762
0.263218402276032 0.833694465528318 1.93288497030106 2.53723454679217 1.67849622269577
0.0148501161945582 0.859242203028482 2.23295631861616 3.1626703727687 1.82105459888659
0.0293451971879824 0.977444048255505 2.13218190978762 3.22224698864984 2.00670800849317
0.0211224808201235 0.868328491445231 2.26544276838816 3.23605438777353 1.91073375984246
0.0635160014042625 0.862729537477196 2.34545545136778 3.08136390370837 2.09000297871184
0.0137615975576776 0.856699236549322 2.22170148535291 3.00610806621467 1.85093804581732
0.0110549225891997 0.908546649100336 2.16383797914971 2.75179498525993 2.04153623935435
0.0552023540948409 0.873169815186085 2.32689655583118 3.17633100562661 2.1088513904426
0.280284294284186 0.721051219272068 2.53967960311948 3.28497693777498 1.76871084289504
0.00779579886295206 0.958713953217913 1.98733595197343 2.92170456833598 1.78910493794941
0.0218117216777705 0.8132350918037 2.17699629950715 3.15470714816688 1.75634735134767
0.0293892490530298 0.950627640807512 2.18299668653081 3.0810347815496 2.19437956102698
0.0150018606659217 0.921591479057932 2.17895106990321 3.30426643056569 2.08746586205937
0.0186226034769974 0.967410542968352 2.11877802693089 3.02379333165736 1.98217747202681
0.0120396295209833 0.963563853817951 1.89129591563717 2.96347982808721 1.9331191141017
0.239457111263424 0.842891549841455 1.91773268465018 2.82673564231943 1.49991188842985
0.0081444393188202 0.920455065354445 2.00993471532015 2.97759819077404 2.01807146972269
0.0081198906105931 0.897498370694658 2.07598068869687 2.99666121854931 1.87947131005748
0.0109678309689601 0.861092666249457 2.17243538643818 2.97197617199855 1.81600519625684
0.013011775550375 0.84355019336746 2.16512616423908 2.98309183832825 1.73651865914569
0.00836649246900806 0.938068483420784 2.08071072173748 3.03773556236142 2.02336310708013
0.0087929668286223 0.924169349923259 1.98706125917793 2.78755196021912 1.78908826732998
0.00862870241640712 0.898763147791315 2.12970824610675 3.00271642508128 1.99626779264961
0.00790248535176306 0.961877648143783 1.98258674191478 3.01874671735371 1.87315884270851
0.00813477660854151 0.914444060624957 2.10565315813756 2.84660318613384 1.97818830052928
0.0187016860515988 0.957317424746 1.85637965785537 2.91584069560205 1.92619091576196
0.00807425689094059 0.930904950756131 1.99341850617817 2.87077200879333 1.97037537834255
0.0148543460057281 0.856756910723464 2.0725416793466 3.1016565236046 1.66359151642405
0.0119329306107841 0.947768491198012 1.91047766961229 2.88397752314215 1.77262685141797
0.0183827058409619 0.832132529621882 2.12416385597757 2.96500790145165 1.76707581940999
0.0768319566260818 0.961648135606426 1.76198344156122 2.66055212120097 1.74631937669621
0.0143989552218127 0.902806839453837 2.19891640650972 3.07016436388423 2.00111053207384
0.204441332951204 0.781229730865469 2.47691209445757 3.15219592846686 2.01788871198811
0.011385046279825 0.951007884310402 1.91176649118082 2.77897146203004 1.88395180022987
0.00889570573632827 0.883159805737497 2.12927561776512 3.0396280690789 1.94211276199245
0.00826120642242832 0.896969809858224 2.06812251775619 2.76688194675062 1.72917129861259
0.0119713887265714 0.951727770887884 2.10777545118937 3.06343749215504 2.07156824363514
0.00824838103231221 0.900311531662474 2.05664462718839 2.93271163157303 1.90464768882842
0.0248688957358371 0.917714043717467 2.223657893432 3.25941702732035 1.91884048308158
0.00793182117203476 0.959356540284465 1.97473255921245 2.89180683896118 2.03845157552317
0.0148196177060362 0.8422328261043 2.22596322155617 3.03487400150661 1.90664133610218
0.013465033215422 0.850021862497232 2.11238123375026 2.94711620641718 1.61445190521163
0.0172023699360666 0.935192617034322 1.89389886473711 2.81959135854649 1.81917350248149
0.0483811371982829 0.936204698682727 2.23645888497162 3.14293415310281 2.11100700166745
0.0406045826595321 0.809186343929913 2.34699210164057 3.06931238694325 2.07139874699288
0.0161416493801414 0.860594704183156 2.24304658260512 3.08279556352101 1.90914581754264
0.0352854070734213 0.79562052263444 2.17087145761533 3.00372393429363 1.73693727234401
0.143424694885577 0.77472161145434 2.45818316509844 3.09016009447064 1.76420415783869
0.0373534590562492 0.77953075800753 2.27705611413189 3.08206729480551 1.73110547675218
0.00887154270062421 0.963917090162394 2.03696009025981 2.94449137340103 1.90285076521687
0.0104854661917012 0.933340505912848 1.94601009179818 2.62140115638405 1.79174243120746
0.0125829277360136 0.857161513495897 2.09887295564859 3.15506102381123 1.82157796478811
0.019644733726415 0.927324848861613 1.89572069246177 2.81434281541895 1.90107543137138
0.042345113190085 0.993698574522316 2.12154471040945 3.26312645542987 2.19659006588253
0.00899375089334341 0.880950383947005 2.10258513344557 2.80404371184958 1.80736229788009
0.0114585110544326 0.856198341694896 2.17643595500327 3.02890435556909 1.78529347975389
0.00758854724950801 0.939445419783314 2.04983766552303 2.95524077272012 1.9082770382151
0.0236494165355387 0.808813109047721 2.18191276061581 3.00606639708234 1.80740231190862
0.0104617160410164 0.890927125079769 2.02943156262375 3.00230220315503 1.78358632289434
0.00879249609210565 0.889806182768993 2.07032625555827 3.13032348890589 1.71752976024067
0.0430994060613559 0.774352676380981 2.31219729135764 3.01129781413813 1.84837610800322
0.0382942524716269 0.816918807825116 2.08815793458029 2.81242019039621 1.46092527690339
0.0175095646709159 0.902262640969207 2.21711105314872 3.15395932458487 1.87566762478915
0.0278794024410362 0.911131203553099 2.2403381211148 3.33358835847925 2.16928336486463
0.00980669968315642 0.87280738579793 2.10273976994839 3.04946325484531 1.82439436326837
0.0189128686748471 0.954747137065333 1.85874479890812 2.76964608405462 1.85615346337361
0.00841712437040362 0.936448700784481 1.97578939593484 2.78463816448232 1.81662358737404
0.0114730936150245 0.997347973080996 1.98538631127199 2.99280424234134 1.83710120171862
0.00939280344918123 0.953708614083096 2.07173677507082 2.91535658593017 1.94010061836274
0.0111808809828273 0.874930349401302 2.0619803629721 2.79730796186233 1.94316557282906
0.453460357743061 0.797804982275208 2.50316182716191 3.35303614874037 1.89515825489308
0.022365628523184 0.973860858768029 1.82303805771125 2.71998217561529 1.73061562627461
0.0112308278398379 0.903374055402424 2.17126360865955 3.06740462474663 2.1149716723245
0.283150312261048 0.918782739233098 1.76867775391099 2.8081483020761 1.54668024915944
0.00955499312278564 0.953326375734348 2.07528625453789 3.08258072131393 1.89862302769587
0.0160550330081617 0.866948930632159 2.03489680305901 2.909489844325 1.78804914165885
0.00966315099959923 0.872606105734153 2.11173308049936 2.99461374804684 2.14418638527316
0.0112236694509016 0.855972601122292 2.15142160526744 2.88704161599136 1.78915448072398
0.00919513489425454 0.936331165880086 2.1008214040987 3.11262853239924 2.08607992514344
0.0170332182592248 0.934388828009157 1.89594125332041 2.98975348438565 1.79441008974694
0.0210809959073138 0.92883111848071 2.19579696633558 3.10974568932486 2.1143398571162
0.0150023427432279 0.998223306088403 1.84230447860364 2.65912489538927 1.80699991541657
0.0120898618814173 0.975405033923154 1.88061543752045 2.83499872345354 2.01953796456435
0.92140325093955 0.791267736678977 2.54025079486429 3.35466901649487 2.05803490700102
0.00803814410879613 0.92654222202256 2.00185498636402 2.96529599890376 1.825208118064
0.00994487820731083 0.989902649420811 1.97746855457133 3.12579796758769 2.01818523870459
0.00773633944878531 0.943105272614029 2.05001225728705 2.85672773871048 1.78577711476831
0.0333634689430369 0.942972087717354 1.83529491846455 2.60822750999368 1.60909502007468
0.0217041606822263 0.847595126560921 2.05463162537126 2.88448992279716 1.8045147822404
0.0114605308643466 0.91236217866446 1.97126672860726 2.85411723777252 1.62936372085905
1.08099268108725 0.655018232950524 2.41924134854933 2.97768311226292 1.53551882052446
0.00807993921698044 0.929012708653111 1.99632611446683 3.09756707424027 1.64303453506322
0.0671718417822168 0.777377440891237 2.16365904272867 2.94988198587733 1.59665299235904
0.0100023254781446 0.977298174065165 2.02442113386279 2.95211856202357 2.04454688571778
0.00906018018412643 0.977920462442127 1.93366005825136 3.01590695440378 1.6741663898381
0.00852929048892198 0.971864321942064 1.9511874949024 2.84715465301461 1.9724579848154
0.00782810555354751 0.911573610993328 2.04282984337168 2.84897866441537 1.78194648993976
0.00895613321414326 0.969939988790472 1.93422384549019 2.71238817984071 1.85884332643462
0.00815224667654313 0.947863280049724 2.05568118612394 2.94927013279859 1.94152986868347
0.00771470860654413 0.925478020062029 2.07844542053784 3.08993581485026 1.93360647703414
0.00897431655165929 0.892113992059603 2.0564338280208 3.04212208841273 1.71822098616974
0.0829623967117582 0.971594170696925 1.7449422825051 2.87609112878717 1.60564812076443
0.0141840240661972 0.959833264111038 1.87784340355172 2.78327290117905 1.86041319828956
0.00932586901933257 0.958124948503714 1.93218869989365 2.92650068474633 1.85121773831066
0.0427173221346972 0.998394675627854 2.11171439841053 3.20133923285219 2.06720352563501
0.136485653848461 0.825115458500696 2.4206175398352 3.25542702111215 1.88884558953272
0.011994105674382 0.866522119082672 2.20013408264661 3.00256752105991 1.81017407835308
0.0079107489671692 0.914000083629914 2.03240961882664 2.98857890062284 1.86908260134996
0.0155474351683804 0.964327400129418 1.86404075655744 2.82390916710442 1.70105576184099
0.147846415661318 0.729516068271927 2.46112064686916 3.35127992092663 1.88830586173398
0.00740226598459982 0.923582920757914 2.05070332925419 3.06198373976221 1.91175217058068
0.00834601033645754 0.891467049863594 2.10833663564217 3.02676155284249 1.97315467368219
0.0111927538856071 0.978642628250496 2.0396551780362 2.84710766866574 1.98730993115528
0.00867454391405771 0.896639088080808 2.05190612133238 2.89071473949886 1.83892323635347
0.0102098590786006 0.877743529456307 2.07115344308502 3.05610060117142 1.82158711624516
0.0266607532122782 0.890596746956799 2.26246458196093 3.20348629552762 2.00049326598246
0.0109111942355364 0.867939739773471 2.18105667159222 2.9943166257602 1.82614489470145
0.0128553154852997 0.94542933265828 2.12681673014713 2.90933608938807 1.97145673290719
0.51418014971822 0.663813159965068 2.61322800346337 3.42276342335259 1.84631407437913
0.01091321701058 0.987875303687041 1.89150483327842 2.78975095972588 1.73299799087703
0.0104857489104356 0.875258779927365 2.1754705651056 3.22716155673528 1.89427565654267
0.0163467010782028 0.921927167173155 2.1859470796683 3.21823575419975 1.98440152015606
0.0243963882826226 0.807002777836908 2.27417534102748 2.98543898456697 2.00865212224143
0.00817401241468241 0.964310699543913 2.01066351494818 2.99211376223775 2.06861421328056
0.0103568138658388 0.982371848200404 2.01589566701709 3.11850507102627 1.92242224088277
0.0105720781349363 0.882662169804097 2.04944563514656 3.10018027016075 1.73945575336023
0.011452893404671 0.937693549181092 2.12763789289516 3.19351187384154 2.01821301873405
0.0113555757614154 0.988602223771659 1.88427194943451 2.75326284160824 1.90453593354061
0.0212370071273358 0.953632556184311 2.15525703174915 3.19245193497846 2.18737712012357
0.0132153336633584 0.877679480215868 2.03024812035998 2.64218543103962 1.76071310655842
0.0257083906598082 0.911717097447864 1.90268432151716 2.99790744298542 1.76608165394212
0.00916029114870863 0.945645092076152 1.94824823868922 2.90942752236177 1.7451411175088
0.00739517684951887 0.927198873184908 2.05233601182522 2.97886958240127 1.8883548497549
0.0568884776330084 0.937385970798882 2.24327566207554 3.23756941273913 2.02435150569722
0.0229972103868912 0.805500238996226 2.22324623477619 3.07509053545881 1.86541521169357
0.00942268027267762 0.932429502918433 2.11086184066185 2.93560132667353 1.80836618803499
0.0231823921951632 0.874873296793049 2.2678249480782 3.02199866759091 2.00331933520851
0.0503039850538988 0.882068760188327 2.31192777880874 3.04714102063584 2.08519517022444
0.00934795334541624 0.91162263643041 2.00051266304978 2.961020785093 1.78283697508505
0.0196300886310699 0.927640053509159 1.89526942520309 2.96513552862838 1.88866117891051
0.00847084739798198 0.965116678431578 2.02133258613455 2.94003033908061 1.95224091465604
0.0144887860828408 0.839710951178264 2.1418744371559 3.00535303322702 1.73402734729879
0.0104429071814029 0.979550651172624 1.90025684583643 2.88370917132016 1.6997379642678
0.113040676893158 0.759844578588391 2.44275568821635 3.32623642153109 1.8629944793165
0.0112402418478168 0.910288910101848 2.16390817533348 3.03631975605874 2.10483606051776
0.00744456036357716 0.936376404175706 2.01561641357902 2.99673165544421 1.86323776961404
0.011754380494485 0.904929719265551 2.17514907312038 3.01150952079866 1.78851757805606
0.0138735253871549 0.855155019572157 2.22263589181519 2.94822669657505 2.06341667424838
0.0097589221458408 0.942341458597453 2.09948529346639 3.17289722052924 1.99807840322057
0.00791443728489696 0.960658697046815 1.97770639074508 2.91498678176958 1.87919060279245
0.0486441392943791 0.870617087165621 1.9413352031261 2.76871315710014 1.41340645230225
0.0801416426771352 0.745453190015534 2.30756188142049 3.08302794816264 1.7030906114196
0.00761871873546366 0.932413133070787 2.06420698731911 3.17081840151903 1.87140718120173
0.0127416673667507 0.991193905958716 2.02371165532914 2.95529437416793 1.95874328980589
0.00813643531818935 0.904593271959492 2.04819080367645 2.73559049697845 1.92497742883955
0.00745457449630273 0.925262051731884 2.06175516516829 2.99202229898428 1.96783509809433
0.00995361792795737 0.992413553861279 1.92214328956609 2.89613942687472 1.90262911056697
0.0171416090234319 0.903553203143293 1.94839956617894 2.84699530890569 1.76025593612433
0.012122412880224 0.94093097097776 2.12847298915504 3.07134270088355 2.01515519378472
0.00772250992335641 0.953651366312805 1.98691066285804 2.92818816419686 1.8875559654457
0.00909760410942222 0.930206614329368 1.97111373785308 2.95559996611859 1.88274577053717
0.00771525035054727 0.948962984629223 1.98708748758285 3.06737959307907 1.81926653295497
0.0556752591130482 0.803181514885841 2.09660516348899 2.9427992563553 1.52908158853875
0.00913446862360819 0.984571279344991 1.963241098454 3.0597666741597 1.99547092319175
0.0188016366075135 0.852370469430914 2.26287686783528 3.04298556843112 1.89213462110761
0.024913244455889 0.965526700520369 2.14458303450529 3.08027603765676 2.04465520614758
0.0108323744177377 0.914583405366141 1.97387855262076 3.02355698374952 1.84447941190434
0.0112757381108557 0.86961784305007 2.07713354871214 2.93583443042315 1.76162542762816
0.0094989305082076 0.987314591725792 1.97148959098713 3.12082759979885 1.76596913411562
0.0238409046151287 0.902472493334289 1.92475188281029 2.65702854861713 1.86359429477823
0.0277110071322592 0.91811915323291 1.88653469659724 2.80762657750926 2.00765880212931
0.00893718876676464 0.965175137704689 2.03523917350734 3.1250675262949 1.81195927357665
0.033690333318046 0.825572720275486 2.07457967277955 2.96446208436798 1.66222873393923
0.00752516725635984 0.949057275060088 2.01023990078871 2.86669153000438 1.67992991201027
0.00862741562793396 0.935346893837261 1.97251561897351 2.97859471721107 2.1070327867896
0.0974904512667465 0.73593315733671 2.35248489086297 2.96326967319182 1.67716599465691
0.0131523049132393 0.866576893037251 2.21495121230337 3.07421461633752 1.99068732353157
0.0307647506773034 0.948900008708264 2.18891015037484 3.17235122919934 2.24332128265636
0.00824938906450506 0.969855297223373 1.9684557469761 2.89743144439261 1.88625532301112
0.0125386139105969 0.87777110323366 2.03674315602634 2.80257975550352 1.67292670692136
0.00740334701797262 0.926990278013139 2.03589649921382 2.94383705086738 1.64393733859438
0.0342606452202037 0.907997838678191 1.89053456712361 2.78724354227 1.79635168458318
0.0142277156918285 0.877807909641312 2.02124467567628 2.76794721359321 1.85188792184244
0.0675470878323304 0.774116015323288 2.39197221102321 2.99845240435055 1.86241722930884
0.010717697675667 0.978558920750266 2.03311069202788 2.9824913303155 1.97328272443125
0.0246746232859456 0.812365655697761 2.28671534502023 3.00694733240993 1.92428855485029
0.0241736224584977 0.802885645172679 2.22278900147541 2.99589217569176 1.72613398580272
0.0236800057760529 0.821869959128051 2.28867790290154 3.27516178931895 1.78969703130069
0.0140669778881501 0.917811728080918 2.17822212915813 3.07763299509919 1.89326630487674
0.00890492190483444 0.913315827671503 2.12659338752213 3.13950821654711 1.9182841930277
0.00768194538675618 0.922393483158012 2.080183612618 2.86428242442416 1.85538459831386
0.0104869920421044 0.921594576504047 1.96525640685712 2.89841330076582 1.66972791701138
0.0126138035973657 0.924142046139511 2.15875257720302 3.01434622275058 2.12595036340849
0.0332727682761892 0.984251955567325 1.78352297003195 2.66058524065286 1.75128130783014
0.00929736751764736 0.887104223647598 2.06302490726397 2.92071639840112 1.8058143251765
0.048395155813942 0.782372676985128 2.35606376009397 2.99275990738649 1.92065192100718
0.0171865980093682 0.871412902014878 2.24422328904349 3.17304436909314 2.04190551823589
0.0076326504927554 0.919819897762291 2.03243460794044 2.95447064689021 1.85531803239762
0.330934177912578 0.944586394212855 1.72101448550341 2.55823510279824 1.48915587459112
0.0106657288390553 0.932549802534941 1.94509662584118 2.95949959581228 1.74666664493525
0.0328800368224866 0.945045880471827 2.1996162843739 3.28349472419067 2.02773089563957
0.0203814272839525 0.99474709758913 1.81213641826919 2.86392287072709 1.9804314107379
0.0612802209430173 0.774331022085068 2.18570792589863 2.91436447197726 1.75466384204924
0.126326191831619 0.909835214109341 2.32293040839895 3.39862481400727 2.26158152869821
0.0194184772871615 0.816507260601996 2.23418037375475 3.17293072855504 1.84903940282089
0.00820185072758401 0.927079191276285 1.99603908122302 2.73683910419657 1.72520176389234
0.0326520826293425 0.95499443762044 2.18198187075031 2.95986631641795 2.09479552332445
0.00910373426609658 0.977182066793439 2.00215507858392 3.03586793393033 1.93085562383767
0.0205107852507828 0.83696141797352 2.27464788777755 2.96901313923505 1.8337115141832
0.0100946172752711 0.934675253239803 2.11707591807314 3.03154261292579 2.03098171045355
0.00990238752140937 0.894264467316733 2.16059060391542 2.87849747880122 1.97760723148677
0.0169606588716787 0.838500002381413 2.1134327945591 2.9513722369504 1.7864119138672
0.0100535865168665 0.927244606819683 1.96117918555502 2.892132362195 1.82141575173954
0.010899937424516 0.958781453142574 2.08261524257281 2.96909897976198 1.87488826836197
0.0165645984864497 0.987640865769385 1.83671997773042 2.72903523034156 1.89934002845356
0.00852445939397825 0.967930396818383 2.01410622899095 3.06070800427206 1.94569078989243
0.0118429943425883 0.863819695001805 2.08710660257808 2.90271904180731 1.56375996411223
