0.0136477415108146 0.954446282396264 2.12562050424977 3.03108586703828 1.98342269942718
0.0155328352020673 0.843669501502987 2.22242206984966 2.92529963124614 1.86613812061489
0.0151858331105307 0.875928127146137 2.22962840196919 2.88018353819504 2.1430511254205
0.0109079433882884 0.973839595684631 1.91676986422612 2.99452381330608 2.10109338459697
0.0179079848417578 0.829752617506882 2.22107592767019 3.04858416879767 1.6688817987141
0.0100051651293932 0.951676727688844 2.09350088558389 3.08797528358241 2.07934153159902
0.158451618747234 0.734628920739961 2.28006595589141 3.14136032642821 1.58033646697196
0.0293933237017339 0.801305001371194 2.22160837349284 3.04095729694836 1.83629395222492
0.0342733943997818 0.834856010409377 2.06172527837206 2.97163526914889 1.81363153955829
0.00891754416178008 0.890615502160775 2.12383101341358 2.86201321782562 1.84973161707795
0.0139324311656251 0.85764505880612 2.10171320132874 2.9460864226306 1.75840512878849
0.0374591269533602 0.816818084987045 2.10671932168647 3.04326253969317 1.70952386410335
0.00880201583491575 0.95754165712699 1.96591522077005 2.6706883098419 2.05757193475228
0.00921484453433682 0.891927853202913 2.14221911927803 2.96347181546369 1.89435274161456
0.00971479252621236 0.922053407653836 1.99233897912235 2.94087050947792 2.02212094184061
0.0124844381778018 0.968496330820495 1.90095796109145 2.94232084835405 1.89366364615635
0.00797161603726045 0.933650452210851 2.01656949917344 3.06835145674622 1.98659102750216
0.0432661876613936 0.782675136408888 2.24622905290352 3.04856460339377 1.68643624640049
0.0125234887602196 0.977349090491877 1.89495441768235 2.79618952759036 1.83553218896242
0.0178323761549094 0.876120709823101 2.24624441285611 3.09530051602044 1.81212546163512
0.0121497217593217 0.971666721954719 2.07700193785576 3.0301274650139 1.86965827533895
0.0115195296096146 0.88668155490453 2.04396410609706 2.9491931863999 1.74985935342836
0.0163533531897003 0.992498691583004 1.85616754371213 2.8536993847261 1.87163012140415
0.00795127985386387 0.924045530580024 2.03467410267946 2.82793480413599 1.98452277299406
0.00783299399541029 0.947504013486723 2.03925404635405 3.15611926664624 2.01927133066357
0.041180184361645 0.902125098216895 2.28087827657294 3.26879769920683 1.76424371790252
0.010473110930132 0.978777546960113 1.92336577810113 3.02627786364673 1.8605047485064
0.0222631987912003 0.816095731838475 2.20398066536177 2.94350856192358 1.67325323446219
0.00943572547326733 0.883528760786176 2.13784276878873 3.0365148003734 1.85127563268581
0.0430523746943597 0.916294358120953 1.87318621564644 2.78796984527157 1.6907181959294
0.0129621938525506 0.927861819803754 1.94606137194133 2.74822124829676 1.66420462168443
0.125890485435681 0.928317686884147 2.29996032382157 3.4470725536727 2.10392197553469
0.00803717017097891 0.940270044916688 2.06939762604787 3.06685882975838 2.06867856617031
0.0477985188719444 0.800430502647595 2.1359281456838 3.06802183917684 1.81191361914714
0.0114658989627308 0.920057155829975 1.97300803048087 2.7751764257082 1.57308503242631
0.0148668140569689 0.934028980146343 2.16779529891676 3.00958346875694 2.03559494962444
0.0164157089398199 0.853764579998618 2.24224775364601 3.04559651610589 1.95033294066368
0.00993225677991193 0.945647092487604 2.10376027130987 2.98768391852107 2.01726280560438
0.0117252616183129 0.930533472926066 2.14917516097916 2.94655711493306 1.98770809385032
0.00971125992530383 0.95933877609114 1.94434099493235 2.91966444079007 1.87334950462122
0.0894671710977752 0.841221055618645 1.97825807566929 2.90777536061352 1.70529908441143
0.00809795324484205 0.914170861211005 2.05137029853675 3.09764449063421 1.76862282628989
0.0653514302126679 0.770307045811139 2.35043490209886 3.16722570157436 1.75990741008347
0.0145316445472915 0.869680326582313 2.05673338254468 2.87311924473535 1.87173516758222
0.0422121809913508 0.903437541222418 2.28069862992718 3.41084623284826 2.1381096457355
0.0098689156861535 0.934341604517182 2.12156767105872 3.07708635051251 1.86510868058857
0.00767431444281967 0.926926362467743 2.05481118994159 2.96468158110967 2.10177936135519
0.0510136223776831 0.952242145745712 2.22050978784266 3.11539815081064 1.97178318556436
0.00791802492782635 0.951405898152323 2.03358738571495 2.89564307791137 1.87009867183451
0.0136218932317949 0.869771143107488 2.21735604107951 3.1455403451922 1.71128139335523
0.00830456822378857 0.964475225332059 2.0044565976497 2.9762305500919 1.85958399582624
0.00792790218122354 0.950646022515717 2.03749333969446 3.06508700164889 1.82772212422184
0.00966676895505108 0.880912738895321 2.10719357977109 2.98510523231924 1.95034357387159
0.00765960911908461 0.930237166924382 2.04781554936829 3.13846713030577 1.93566195998723
0.154474151216032 0.79083908107075 2.44050384077537 3.31327248405142 1.85632273480607
0.00958539372021417 0.98308167872481 1.99123592735389 2.99993470107396 2.13305216204034
0.0442803340803335 0.881590969005013 2.30764730797643 3.19953989408267 2.114976398408
0.0103229799483633 0.970325325865069 1.92745973874703 2.71592635040678 1.74164711846852
0.00828772884800002 0.943021824449884 2.07358219283393 3.01288961005468 2.0315373826558
0.00786923263695466 0.931549194416913 2.07565551350583 2.92626929501106 2.01944522981452
0.0209609055958836 0.823421811146805 2.25080426207947 2.8892168628344 1.72497151658097
0.0131765906967321 0.936943928982847 1.93057357706509 3.00481436600226 1.65999715963311
0.00800157668283192 0.948215662737318 2.04998640639467 2.94638557919594 2.0278497648777
0.034011600057835 0.793167775661879 2.26051672542907 2.94329262826148 1.91054865231826
0.00811530582748435 0.939974586420305 2.07316199636854 2.99485549195425 2.01943880587959
0.107489089119479 0.894404075998743 2.33826467840032 3.21533479439506 2.02190964616093
0.0309082016992703 0.847951766197913 2.30881250967253 3.18606283673556 1.96887965957678
0.00935748716208182 0.953485159127152 2.07878400021528 3.08907764047053 2.08969931853007
0.0616471002943987 0.804732712664823 2.37367743519435 3.08949804779122 1.77388685673334
0.0405672163640772 0.950264694890636 1.82580842571944 3.01817784542522 1.63202690928851
0.0295320978085655 0.880317143033653 1.96503394703333 2.93315103705807 1.70900519917492
0.0931398752222554 0.817042406831889 2.39892037053085 3.19076152653242 2.05554748337374
0.025022121895917 0.843133076814329 2.29132652750016 3.09475838736601 1.94761858062714
0.0245861334248588 0.984590378818158 1.82289739161307 2.86112253564479 1.77600469700033
0.00853037797858227 0.896690013914995 2.10725038588542 3.00045080858194 1.89282021573135
0.00994595142817816 0.959985073432341 1.93973063393145 2.9884076711393 1.89461101672328
0.0309386136660913 0.881244354261343 1.95974007696624 2.93289483500675 1.85273733761053
0.0155054239652316 0.840125517447911 2.15952882250047 2.85145124749073 1.54183354969726
0.019392424771746 0.824127627542462 2.22276905886356 2.84290583050793 1.77670646947057
0.0780877972557239 0.801642810378459 2.08704783392719 2.86537085345169 1.55930733431446
0.0335531763596064 0.859220434562221 2.308835186314 3.11004697630478 1.92468202836054
0.00935220506216171 0.980993427929753 1.98930548018022 3.12055329175575 1.8477242437544
0.0212631770039355 0.928988822231487 1.90026805394624 2.61550529042436 1.70312190766011
0.0121502652740915 0.888218209652396 2.03222322155565 2.89069928246925 1.66103270993263
0.0160689439610304 0.857867920880073 2.24008565345455 3.11770411953635 1.86985392689665
0.0122902255418738 0.985346471757519 1.89511485672184 2.83413363461812 1.61595448773233
0.0861771261613477 0.850215612654514 1.96055384007502 2.71699369631413 1.68043876382484
0.0159029502007206 0.985555594577608 1.86223163918473 2.75411556104388 1.81430244364578
0.208427378942281 0.909400031624541 2.34679378731695 3.3599494453911 2.11909678197559
0.0108289399543802 0.870531739549232 2.16858898490437 3.04315650571367 1.82502656222339
0.0153101325212802 0.983077064319502 1.8677112515382 2.78023874350029 1.85186119733059
0.00861198829539056 0.921014570893178 2.01695173597555 2.89889254350943 1.91653131358512
0.0088515146085512 0.890670456591686 2.11257812835913 2.90977688863854 2.05513848970521
0.0149024016171499 0.84402402265406 2.210781399342 2.99382099176255 1.75738302686807
0.0466792805351954 0.998145025563755 2.12782026853495 3.04851046882975 2.221828446517
0.015895974625489 0.842171927881475 2.13895914761834 2.96290872745557 1.86572787726237
0.0171187905869107 0.915542078147142 2.205254294402 3.20381446372197 1.83512473701301
0.0110065054496371 0.865880444108392 2.1568553405292 2.89504287893622 1.8104649198194
0.0103400661836495 0.972992599645219 1.92632473890724 2.9519532295655 1.8381458241669
0.00961576211976673 0.909716108320535 2.01829709709612 2.87172039438193 1.82786611356536
0.0106836908033435 0.883849381211398 2.17667118073069 2.89540181687095 1.85105204618607
0.00827983017531446 0.905425675501351 2.10848294193381 3.11840005066679 1.85506736837637
0.0089981920521594 0.930996036685055 2.11140185348682 2.98535746679586 2.11553079640849
0.00951202202562487 0.929824623345792 2.12254075898063 2.93264605014209 1.91433759356736
0.192237305831992 0.75988830253773 2.46080919570945 3.20620852135966 1.80810080371517
0.0266522844031395 0.809966160306388 2.185538618118 3.06408492232689 1.72599295393274
0.00926882543495357 0.922653656585915 2.12753784730613 3.06193196995043 1.87620219029662
0.00898144038082803 0.891211693461234 2.09000024220079 3.03981587022564 1.93833200006291
0.0386530753741554 0.863004249060494 2.31580344685981 3.04504545088688 2.07773242918022
0.010603384471117 0.985374339997153 2.01585883997353 3.10444767689533 2.19421503705411
0.0167254343823254 0.850446883290618 2.09583623031168 2.90595916102679 1.70855254163326
0.0240570165940732 0.813522338223481 2.25559456883058 3.05322129500491 1.94520524113576
0.0685075566064973 0.855038831613875 2.35640455844621 3.27718263158861 2.06620405635257
0.0126936842577541 0.980535278192641 1.89172113745341 2.87211994167453 1.89629067983101
0.00780562528936755 0.942744315936629 2.05083533772542 2.86710330836469 1.77788767074529
0.00976437847234345 0.975836723507596 2.02911126225311 3.01279380616881 2.01707037371924
0.009225859775104 0.977798922694203 2.00192773720699 3.27292701820421 1.92854500093904
0.0608297449850295 0.902976668650234 2.30075310975839 3.20831434267477 1.97744102600541
0.00819532397119607 0.907729308291492 2.06676667805073 3.00803799346404 1.76356279800963
0.00987793428395368 0.958307491415689 1.94216934707705 3.00153727026518 1.85463919208913
0.00793955767438878 0.934543360562171 2.07490809286309 3.00538819549013 1.98890850258419
0.00926704508876676 0.913268489757933 2.1372356190334 2.99533193847539 1.89240202468444
0.00958605493967204 0.898685681285974 2.15289033851978 3.08176528176507 1.94640618425481
0.0108657954776661 0.977376376172662 1.9164753408211 2.79124479550853 1.99960124502295
0.0280097371690339 0.802922037560407 2.24248227193418 3.05065683939267 1.87066887545392
0.0235427377476253 0.915166900519294 2.22980185596671 3.17101317763983 2.01180083257183
0.0105554704784386 0.888306205373829 2.17419016762225 3.08216866119799 1.95223732060971
0.00853019819145665 0.901160099131621 2.07151623390986 2.88287919717875 1.83570945908198
0.0288269746304619 0.861053424452488 2.00962622182306 2.90295642401121 1.70435053805207
0.0102117822388232 0.904668921441813 2.1607580244608 3.08631108875604 1.88799491099226
0.0112889214417841 0.990741721613213 2.01048428208936 3.11163705357547 2.10887262942238
0.0124509223385146 0.947102847053565 2.12935722650642 3.11230689425036 1.91530989129874
0.00794869683166682 0.940887879598314 2.00872591713767 2.92429631687386 1.87990399344142
0.0170326563314735 0.833923350553474 2.22139342269158 3.02203057393835 2.10546921602929
0.0143934681977591 0.991982568139513 1.87179222563238 2.73383327241767 1.80748059899409
0.0078756717723442 0.949124421295251 2.01022523815942 2.99709717202057 1.85276872292712
0.0299417889805001 0.907211314647435 2.25564265182986 3.21364267395917 2.09576362857111
0.0582760112262361 0.782774870027938 2.18088352388832 2.86947526450867 1.64699199806181
0.0278278272591762 0.871799499494212 2.28631519090348 3.09495367075501 2.03867863501433
0.00823365161159152 0.911076366907203 2.10836387424713 3.11779927393766 1.83464904887429
0.010658271077282 0.99032574857681 1.99686413465688 2.986094232626 1.75835849372532
0.0331422770370992 0.913223494281776 2.25438329186488 3.14337703825751 2.14487607882403
0.0118397772680019 0.933769302615504 1.94694760365463 2.96393939978468 1.78831007889105
0.133210043070495 0.878263554387156 1.88065693578873 2.64899630618437 1.60928583222591
0.11044684852359 0.932616513810056 2.28801969464261 3.26310603297503 2.06172857037712
0.0174591056918896 0.914344377744633 2.20836011603626 3.19529741697398 2.05772314092884
0.00882107767485609 0.901213455603796 2.05885598441861 2.75677938326884 1.85101348219788
0.010330115295233 0.893022662026846 2.04558011303711 3.03599699216368 1.79850548530005
0.0755618505299919 0.806755552921359 2.38897148824554 3.22674246050846 1.88287001475176
0.0236495176149872 0.949720342081526 1.86268083334235 2.77965912919874 1.68685905555872
0.00848144143005105 0.903185038493474 2.066537459393 2.85570139472825 1.85686751385735
3.13385292852886 0.938783888982757 1.6592868164457 2.56307829526696 1.46665500577829
0.0089265996071545 0.90014336264505 2.05854871157878 2.95146725154809 1.93750520669511
0.0124860861458431 0.921565860454765 2.16824244523317 3.07184464575725 2.00294409048871
0.0157142367700858 0.941307230759568 1.90730329813545 2.67927021795937 1.91727450469606
0.0126056163716129 0.952467583314032 2.12105494108586 3.18132043655234 2.20970231467752
0.0152629712626988 0.8981615247577 1.98368125524856 2.88518897329554 1.87724196902213
0.0275138591414598 0.945191334451998 1.85788184726306 2.76482666662789 1.75123050898377
0.0278629945567155 0.894128886443523 2.26586200688354 3.1427722133754 1.95024591087688
0.0432992658822087 0.799797554836599 2.33716438041047 3.2201231342217 1.99135526750605
0.00788381370885716 0.928599592238049 2.02931212588342 3.19018049691771 1.86382656360784
0.0120291715476762 0.923708164895179 2.16142087454046 3.04299557346555 2.07763376308184
0.00788732449816822 0.915631620705406 2.08523013200402 2.96271949487141 1.94521114256233
0.0394788438868516 0.820995957956764 2.08855016415577 2.94320335460647 1.72985343270369
0.052064429763715 0.95467837920103 2.21748771679103 3.01967712376946 2.12135539376031
0.0116893723267758 0.862323461631267 2.12865286828336 2.91464660216218 1.76038657189903
0.0171733842696235 0.880334329808656 2.01077832621158 2.84017869366006 1.5573144256929
0.0147055820536899 0.96064937728192 2.12112046203275 3.02671406600757 1.85620741415593
0.00924852786090166 0.886320065922789 2.13460495170586 3.12720555138094 2.02661993940807
0.00779892367714509 0.917792384391078 2.07211550322794 3.03725261798578 2.04887660817797
0.0572279184261924 0.801820206467946 2.11298795453923 2.84697840310298 1.71329292055623
0.0257944214387782 0.868333492113238 2.28311107301377 3.01586984244404 1.85582875218059
0.00777661592797366 0.929179091753473 2.03525020066076 2.90649745197494 1.6929824098843
0.0104845971534435 0.87028686478948 2.14051854792429 3.15160769503309 2.00514750465256
0.0115460395609866 0.944265592652339 2.12583478565461 2.99308035066299 2.07983574358552
0.00868435856483489 0.895856426660745 2.12119364675077 2.97152087473109 1.80342095452531
0.0318091858046634 0.80940717648284 2.30541493396763 3.21544840345132 2.00408559174261
0.013122702487555 0.984243512215927 1.88591037287969 2.79752911528782 1.82071425552927
0.00781121529680267 0.941095701993447 2.05521511375894 3.05994787868107 1.9771547959468
0.00823683621112664 0.903502992818245 2.09940160970628 2.87055368805644 1.8474610111943
0.0122871944226668 0.981491849235898 1.89594717177767 2.95141606954349 1.90446820437186
0.0126261644223675 0.932262045469455 2.15466957419984 3.16362611882691 1.86666934278062
0.00927915713512221 0.980457069470364 1.98669001631039 3.17539799844431 2.07233348365844
0.015047789020707 0.98708689593997 1.86773095386654 2.85794123418371 1.90731310902287
0.00800515924684079 0.925294669124303 2.08987444339366 3.01151044672938 2.1529750590208
0.164284453439594 0.904011342965234 2.34437921030715 3.13040367704835 2.01337184965911
0.0219313536180437 0.874480245922929 2.26577577068823 3.11535681188928 1.89972374839214
0.0331041482502759 0.911600609511244 2.25639137705466 3.20721484647623 2.12294473427254
0.00901367973182617 0.891972361851941 2.08454858634257 2.87354244377162 1.87559993887585
0.01078939935702 0.98139314471532 2.03301402542534 2.95718131519425 2.07972261385784
0.0111545338869941 0.977666172621816 2.04973795025102 3.17985171269901 1.97937318598781
0.085940338423439 0.779733808274224 2.39759932650612 3.08330323526257 1.96211680757831
0.0121090438474325 0.946435677714936 2.12748919766673 3.1363175021622 2.15342285729234
0.0138811214262769 0.868414167647592 2.2201194560406 3.05646667784787 1.94641721017043
0.0119331173453257 0.861839588752812 2.18381373565903 3.06991691960338 1.9460183582234
0.00829887148652607 0.91942446685799 2.10692128136124 3.12853107641502 2.208013075027
0.00796530426151381 0.95305679042715 2.00470791378408 3.05441839096085 1.96141584216287
0.00785399412269435 0.935706534178142 2.0198169372526 3.13733518419873 1.87272139108576
0.00856602825623796 0.955579840058246 1.97402769591449 2.93570949041308 2.02162316064264
0.0142880475205146 0.872809166426823 2.2234257774863 3.08017565331011 2.01104331051871
0.00867365613935491 0.898943505328347 2.12501495276388 2.98356376460618 1.88308059832831
0.0324872678720465 0.922517911786486 2.24076865440998 3.12243992048205 2.11708894101083
0.0208573519051368 0.830667704051593 2.26361258187276 2.9794995050454 1.95458833669844
0.00929745753155251 0.884817257913595 2.10719166134304 3.05295300454434 1.85047684653957
0.00838339922201432 0.932063467495541 2.00397004208724 2.83183266817768 1.90287935267601
0.0106034558621651 0.893439766056487 2.17349055851297 3.1945834892507 1.87976145925434
0.0113725769892023 0.951270130033182 1.92878180918839 2.80511644942776 1.64714718649373
0.0206281375617949 0.926596317201812 1.90637721783873 2.88982835199842 1.84766416364586
0.0137351927719136 0.921484309134348 2.17802420970445 2.89817319130194 2.1515568769111
0.0289326862349347 0.868871983680502 1.99134469390418 2.86971817131467 1.73880853528608
0.00818189144638877 0.96040322269751 1.99575618171539 3.13621508429532 2.01819941813297
0.0591070078499086 0.770130162805908 2.32457686035962 3.07918275824698 1.79170852577807
0.00780577978369164 0.91897496872124 2.07839714216261 2.94336050266277 1.91606318240976
0.0211429562552132 0.976897215379194 2.11955223757985 2.91074419423019 2.04323936218275
0.00836002871356884 0.944773289154848 2.07247925624088 2.89385545622249 1.75861483226886
0.010158021514703 0.895368466783569 2.16527264335918 2.91910558583221 1.89618826625327
0.021667718745248 0.821233855405912 2.17211391775905 3.09859771327856 1.69227310019392
0.016507381121196 0.926939212531291 2.18714831654787 3.07579884823612 2.25578050607378
0.0132736300328022 0.903818533384486 2.19477237732574 3.09883038670669 2.01207495908638
0.0118456088933449 0.918234363230493 1.97232931726185 2.89411035618178 1.92715350652207
0.00939376300514042 0.885899647640312 2.14200555979773 3.08571222107959 1.79221150056805
0.0107209047943784 0.897396199840486 2.02832850912167 2.96430806382148 1.87053376145079
0.0130219286232246 0.900352172225774 1.99606759714817 2.90464467769669 1.72028000477348
0.0402878112131128 0.870923689756539 1.96307465298465 2.92122348567007 1.52849761534477
0.015948969241096 0.931467268638313 2.17775152482605 3.1545842931732 2.0892173514362
0.0245173715215402 0.856320343424739 2.28571689085913 3.37833526261845 2.05341588035926
0.0321198580748678 0.902258319377877 2.26595891239756 3.1094612398197 2.08338113091344
0.0382220027074906 0.807969126789406 2.32837440841948 3.10975753835563 1.90600979456291
0.0086284360240486 0.918608368749643 2.11767929804387 3.01180625914676 2.00314251182989
0.0110832635167876 0.866841987881802 2.12452498838986 2.87369393822355 1.9007795282702
0.0109327541909124 0.991646399094981 1.99859446043501 2.87585052120978 1.95894116771841
0.00840217963368205 0.948736542058458 2.06549173635749 3.17267383884421 1.98512023358851
0.0205942175644742 0.991761012304872 2.0840435528533 3.03189121867095 2.16267956386027
0.0116907612577418 0.884215955225275 2.04821950005074 2.81873799926253 1.97878368268987
0.00908279305988043 0.978227549959862 1.97728296535468 2.90627864284876 2.02346716107157
0.0468445464326671 0.942331537410598 2.23207902250321 3.1940461296319 2.09349843079917
0.00778339973382176 0.940035559253034 2.0199776719845 2.92788843674126 1.79070231267701
0.0404280302897421 0.834685493403521 2.33506271467084 3.21890977302528 1.86511426841583
3.78723077871605 0.807009582114688 1.88705628678806 2.65540571519523 1.60305382705895
0.0116934069496945 0.868377410766304 2.09883932855566 2.8087142886329 1.77490492035516
0.0089205560347478 0.974048359780586 2.00393399966455 2.95706459999008 1.98451097704761
0.0090382422790161 0.962193805189971 2.05108292473578 3.10988519971013 2.03010415707979
0.0688207839314672 0.761457144891487 2.29819247657103 2.92699032845543 1.65120511990462
0.00855361226609443 0.958922554190197 1.97348722033916 2.90236864672581 1.96425894841918
0.662382462074453 0.803707823086007 2.50216948525416 3.30741988631092 2.02893642899102
0.0116691406031514 0.861024328120257 2.16944066180581 3.12917251294703 1.97509304132071
0.0102601685036264 0.88900699391301 2.16863151871207 3.15862443037996 1.93985961828712
0.00897258250848835 0.925082181283008 2.118724132122 3.08169354710756 1.90500639704958
0.00879366960751093 0.941428613730104 2.09040581237067 3.11343929844104 2.05885704215194
0.00922327647620019 0.962068384116381 1.95291331472702 2.84694141907543 1.82797521246476
0.0118332884797773 0.998302695752238 1.90941975577856 2.98317897016011 1.9074631684572
0.0319217192064745 0.81334381133125 2.13762775880992 2.98138549376794 1.86363139104922
0.0209850558427546 0.966303588433272 2.14029857659422 2.97063965566581 1.84527445849473
0.0139163032301334 0.973734853331947 2.0881526051612 3.2028157291684 2.01597952384322
0.305057928148685 0.719877665664799 2.48313977588116 3.17331719573239 1.74448576662402
0.0400165214206424 0.808620465268991 2.3339632256709 3.25148043704767 1.76074222517569
0.0538516143198061 0.797471282727331 2.35993195076646 3.18718750675794 1.87727135175653
0.0124558997567981 0.913917844354417 2.17725383057013 3.11294385720091 1.94006559238717
0.00957127179888732 0.915037120365614 2.14126539921812 3.11274083744431 1.84814477109211
0.00949383954486121 0.916073981552208 2.00737348890434 2.87903426847542 1.86449307391112
0.00796496972607152 0.954030550268581 2.02705415846627 3.07535949119889 2.17703942014294
0.0342267770803163 0.868073550473078 1.98056862710002 2.85960825422659 1.66139434802485
0.0219523475295568 0.902186875807248 2.24035471376422 2.89997425315187 2.09130239204827
0.017936409390519 0.857077922933912 2.06574965106171 2.9915419989489 1.81795357217381
0.0274122134312527 0.808534491335798 2.18709196045125 2.92273494209144 1.60570703498214
0.0167401986459396 0.967102624534827 1.87111830529888 2.918299543734 1.69733148064196
0.0111025574693287 0.966503799304572 1.91798927194621 2.92542684520011 1.83969782610448
0.0188814373181532 0.986216982771963 2.08946879578347 3.06041457185143 2.25876697802694
0.00935523633689171 0.960790661343868 1.95052180309188 3.12484244247715 1.96047400217886
0.011970532040806 0.904749182183049 1.99693646499498 2.97816794741832 1.77975267954503
0.0246622352382716 0.84917352426652 2.05331237312871 2.96114494915906 1.79774192888837
0.0101283545696253 0.957893305502611 2.082608236982 3.04832514564221 2.02811166520652
0.0233941700538944 0.874525505906056 1.99577061716374 2.90780620265848 1.74904635020945
0.0144178724319355 0.856239731602328 2.10038917020271 2.87675515985807 1.79107183739611
0.0100803388482662 0.943338430294681 1.95451653321426 2.99801699879132 1.85895976542301
0.0167115487592446 0.922474896319078 1.93045154993323 2.80635279219647 1.88625870158538
0.0576653450832079 0.773132299496278 2.23464420747275 3.02928285274844 1.62522490004217
0.0122451224452773 0.866874980396437 2.09388955347477 3.07040726409841 1.73339060332938
0.00770064329390977 0.942409593051519 2.03554232005997 2.99720956755548 1.86836436182331
0.00943182352860349 0.906510997898957 2.14575361370234 3.13479116433408 1.80332336061107
0.0146505105476931 0.860657082961216 2.22722323264107 3.16757960933703 2.08646127087771
0.283058758455458 0.778919273056382 2.06308959297411 2.90392860050969 1.8017483982378
0.0559006115773982 0.774933153829122 2.22963795614451 3.15510987681634 1.75899109220562
0.00923725877156762 0.974708574722985 2.01693728484961 2.76896933168341 2.07369184534507
0.00983525611152546 0.917164671519514 1.99941901933932 2.94995056065036 1.77516904454277
0.0297704654267874 0.813029020541976 2.29985216647639 3.11889139607549 1.91538572619879
0.0077314510205441 0.92810729391691 2.06960261495992 2.9553418814005 2.01810846430834
0.0127662281095255 0.906376025597115 2.18803624381867 3.14892025688381 1.99373272994882
0.0119965235935295 0.9516914948225 1.92180885637636 2.87477291395586 1.77765319202927
0.010184562274579 0.949806440711895 1.94541404320147 2.7912329839538 1.94623085742472
0.453944775760892 0.700671298631057 2.3186013023313 2.99931947239629 1.50168700472625
0.0203433334911281 0.947058525515948 1.87767780271636 2.64102783090916 1.89788374110981
0.00816463149312528 0.940109931034287 2.00020625319402 2.84444657423345 1.73037558134733
0.00794109175791886 0.943079492243534 2.00719405687273 2.95727688769031 1.90882063681001
0.00775174532478552 0.940860646251426 2.05059972367859 3.0422234175952 2.13949923436883
0.0377286664272997 0.861259431730559 1.9887469752606 2.83792983161008 1.75818014861644
0.0133600622601565 0.92368383086461 1.94970124466285 3.00211195213271 1.8147655422607
0.017924286874858 0.908271751219704 2.21774983633846 3.2172720671074 2.00074917969328
0.0524882017072759 0.778311559974867 2.32972297661337 3.17643584317478 1.75712118157054
0.00808727288843779 0.92979403496866 2.08812008813817 2.80592839554385 2.11459971074277
