0.00834392466725796 0.902536515385785 2.15214792773712 2.92841578791908 1.87592313253062
0.00840313367802308 0.963697434228193 1.94694122175729 2.71391879081953 2.01596482446205
0.0510260411995699 0.910022917525536 1.88021140578017 2.8550820698667 1.70591104143507
0.00702851265679723 0.940516561752444 2.02208014178981 3.05282067237163 1.95315290847597
0.0128489118368688 0.989449732297783 2.0361478920124 2.99231626672043 2.0462442220133
0.00798195775147284 0.902875586408492 2.06362524485164 3.0727275185873 1.77893153977346
0.0448928939459977 0.912069368853752 1.88325881801885 2.73882072448292 1.72766501549509
0.00806113637064477 0.951169129772584 2.0707002773559 3.0791039466483 1.97711881184168
0.00779678396321586 0.968571203902341 1.99825431435816 2.80251197508679 1.96812168564512
0.025997776956442 0.843784044131915 2.07698178715342 2.7358853318013 1.7808438515919
0.0817806251769568 0.760256139634544 2.28098436245114 3.14095415182027 1.59915185970383
0.0089919235950828 0.93271675141043 1.97388836056524 2.95996739354382 1.73870740912428
0.00858952771927782 0.969477264937229 1.93987288603534 2.84531711064594 1.9135036110443
0.00792880891522416 0.930668133142744 1.99893887836959 2.93672711354846 1.8110712813756
0.0109227081411408 0.910194064501182 1.99306313703215 2.87384550306064 1.75647643918447
0.00815654960879923 0.943061769518308 1.97356712068479 3.00526699994136 1.81612990057993
0.0098870076011842 0.874621342145222 2.19022869887789 2.97765248307039 2.11139121316646
0.0107912716663307 0.97727589020379 1.89547251535134 2.89793355468229 1.84199953477238
0.0276702577459523 0.813900267224454 2.1742899524485 2.89545977825378 1.79510205756657
0.0322542328422975 0.901495677896792 2.28791171355213 3.19255588874362 1.99703546961696
0.0113245729106017 0.994655829741523 1.88503852080582 2.78885674813802 1.90528474716498
0.0122598378267297 0.914190301967137 1.97214540094485 2.84884632059474 1.85465347727551
0.00711939512637197 0.922470040330707 2.04803030416662 2.91320296986797 2.07071312932759
0.00893632811334093 0.932890349308253 1.97450068049366 3.02745891415388 1.90058115934035
0.00788511398343519 0.936007939297838 2.09876759253027 2.89371548903311 1.8391285362105
0.0212801169538643 0.817768285856602 2.20980098937138 2.94223465581636 1.77309018085522
0.00826871015531578 0.967300772232488 1.94989243113772 2.82370453452364 1.82978417201279
0.00828492269522286 0.975846426162308 1.99239902200571 3.12983936856032 1.99124701359013
0.00711133095018271 0.950244030871655 2.02044067496964 2.85917242408057 1.90009907884701
0.0114149542888845 0.983887239798228 1.88410012386666 2.90551171574282 1.78647190574043
0.0275958994822226 0.840712164739412 2.33167254773842 3.27144454501337 1.9764832419393
0.0371453299044944 0.788270826863841 2.29742590883576 3.18563578501767 1.6918306897095
0.0109582340411618 0.994445492605869 1.89166474649587 2.83529385187647 1.87450346514325
0.00763351785124886 0.957230525150843 1.97586483231739 3.02329234122886 1.87936933288646
0.0206677303321926 0.939101231490291 1.88304664046641 2.87190458748301 1.85403103950112
0.00709878415752901 0.922157772596754 2.0506191773266 3.00205183210072 1.80948572497833
0.0111967354267085 0.984551415075865 2.03237814751504 2.93190655280459 1.93957825717027
0.0106254391524467 0.958247216970859 1.91490327883452 2.98335390594913 1.99232851687271
0.00871810607038706 0.93100156605126 1.98156907680862 2.85065829428375 1.85167751816843
0.0227546553156515 0.872411680487859 2.29647098318958 3.14010458441847 2.03510232745323
0.0558568208326575 0.995586493137318 2.1377641868503 3.13280585978303 2.06452194771901
0.0131223643477962 0.845478242719056 2.21264114908698 3.20358785154224 1.87582829581049
0.0146662220155587 0.962606708502575 1.87583473866206 2.86231347783002 1.79299648120155
0.00693550082840234 0.929589822234926 2.05299626726957 3.01098199692382 1.78829615463647
0.0108456227846627 0.895418775306374 2.20177084016581 3.13818600419644 2.09790841192722
0.0153314490246555 0.848996843691955 2.12221785424037 2.90733322301891 1.92797027278493
0.00731019384346367 0.95762110618406 2.0076933659705 2.98738871707094 1.70108470451232
0.0103020011014951 0.888134806521362 2.19945627962381 3.08160202209597 1.80867610112871
0.00815149041981078 0.972127684759957 1.9575313461704 2.86162220315481 1.80835024428378
0.00992998974514686 0.87361137161672 2.19034024844872 3.27209237724477 2.0034205685
0.0147337317775591 0.947075524420174 2.15514752582057 3.10431596126469 1.99796689894964
0.0083116640025611 0.950435188008741 1.96058329507101 3.04939633614379 1.80061223609128
0.00932708523441881 0.958153598412135 2.07963452810883 2.97717265915941 1.99878367798843
0.0118593400543366 0.852357060125738 2.191273507622 3.01442905147793 1.93275981221227
0.00759398151062273 0.908189587633243 2.12288984217208 2.92349067236847 1.80114721689583
1.07677337907674 0.841897454478234 1.89327970218177 2.81417403207488 1.62143156447903
0.0293263494071454 0.932709706351364 1.87045784956425 2.91240724415216 1.80970831977217
0.00794066147444832 0.955368729577038 1.96547858060955 2.88836460334691 1.89626808615284
0.0219559483468439 0.81437027604385 2.22932985995835 3.01667031206221 1.64874286596537
0.00793700344757481 0.964179787884612 2.02851970022793 3.08310103707296 1.80725983782895
0.0189506699359888 0.937620318727096 2.1938889367878 3.11935782142004 2.02281022074037
0.0146745260015134 0.852260406966101 2.11698225324778 2.82373063275927 1.82898212688196
0.00929892102908072 0.989516765598452 1.96107892846957 3.14922188995539 1.79493928800139
0.0254006582246151 0.865402278174899 2.31106552518703 3.06525220683708 1.98755588756627
0.0319382635160773 0.996647834882201 2.09925787967875 2.83633916249057 2.09630486983402
0.0323206375771983 0.794945951775856 2.2950140483728 3.15168245598556 1.90980908245394
0.141954567371023 0.80301396028997 2.0707998996218 2.8352499455871 1.68457617011764
0.00793593733518024 0.96779799443607 2.01378371975691 2.99484126300035 1.90488193740935
0.138265562080311 0.881934901810228 2.39085479365355 3.2633840571113 1.98251598143811
0.00717433845169735 0.919638604098081 2.05189086950011 2.93582338006454 1.91337883387919
0.0268332624508392 0.806966516269058 2.30156852234287 2.97918698960435 1.96682202800589
0.072137314965607 0.800711566577032 2.41694339892014 3.277684586292 2.02904880797685
0.0168881408476082 0.829495545260576 2.20353743365361 2.98609739027271 1.94390320306483
0.0253233557476213 0.987973889789257 2.10499128223244 2.99991302914158 2.26316378675498
0.00891467147088663 0.971732581993654 1.93096627661579 3.06161788099053 1.91962040616673
0.00714323193139676 0.917019598861682 2.09191464162253 3.04458253939839 1.86904310484012
0.0171951165778603 0.965393090738387 1.85847066511122 2.79377244048356 1.82427422642141
0.00912569106504058 0.985285725319265 1.98318056184939 3.14218777848058 1.93738634423221
0.0141264136265156 0.956812604875925 1.88682251397994 2.86597974029755 1.78920162734403
0.0155949896918701 0.953759584475445 2.14641501793383 3.11120679741289 1.95445767427329
0.0136967628875439 0.886359613978739 2.23742772088988 2.96755693634698 1.96961335113437
0.0132491738733597 0.904382381919589 2.21497504533681 3.23573665636698 2.11319595718868
0.00836268904571861 0.890401925372561 2.15161396139701 2.92812995252469 1.98601497748941
0.0179220040555399 0.895295286115104 2.25351234211531 3.17954455015006 1.95925029970276
0.023962128318278 0.984028193178163 2.11086068080835 3.01937480342405 2.06526794608842
0.0166037888998573 0.883961733443196 2.25881614912265 3.24152790619405 2.14773329330461
0.0261178744871507 0.918464487769608 2.24922759603788 3.08639609720622 2.04779774082621
0.00885150953553656 0.888241229114387 2.16875707690819 3.02640644765705 2.01937052479585
0.00867096705674204 0.882609202869298 2.15235932183359 2.96273889303927 1.92691184911866
0.00727071029731727 0.914834939386603 2.10290450935405 2.9877213174325 1.8320123482237
0.00898386548490381 0.915995831647096 2.00651582685823 2.90244761214902 1.91696296879147
0.0601754654326186 0.806434319200869 2.11836704157655 2.84512329775195 1.66463318131214
0.0122703524823439 0.982698549592198 1.87497964274377 2.73881281069475 1.83132678097497
0.00765856674484925 0.910560047863563 2.12501884083595 3.05083463334322 1.67355683123959
0.0482695800030016 0.777715810942795 2.32599598719846 2.99871383880104 1.7592235532631
0.0155516909800669 0.833491863543765 2.21815385548551 3.17106523637 1.83756355878688
0.0280033200662715 0.856094474136475 2.32552285433435 3.16418972219759 1.8150594269876
0.11401478968605 0.755224143056248 2.42328321003684 3.17076408406915 1.7595270643424
0.632601641530343 0.745212133705743 2.15074437887561 3.08682991152077 1.55745573796453
0.00934021762475979 0.876130559985539 2.17274581470278 2.98217482916706 2.07479230738102
0.0161010008946889 0.849943568161371 2.27062276751476 3.05812138020742 2.12640921748428
0.00789167378169802 0.937715981847938 1.98801865640001 2.83904948871473 1.86223655550453
0.0302151412592942 0.948032129448546 2.20657784014543 3.07080625421487 2.2395470251082
0.0253538616183445 0.885677566677264 2.29148185897706 3.22558267924701 2.14907806704157
0.00718338718160592 0.913662264544943 2.0934770548908 2.83663204834096 1.78690914849461
0.0175293322952389 0.941024121192967 1.89223149924517 2.7966915257418 1.87345537827876
0.00872764846401076 0.973910465441647 2.02056413838661 3.04701606037444 2.20069129647723
0.385366002312752 0.912259676790666 2.38971665821702 3.28212437078543 2.3764919444117
0.00702360658527378 0.942913315165494 2.02174763059931 2.88439906445669 1.86064798714954
3.83106419544271 0.869052711907676 2.52871061038044 3.45038035813103 2.11767258937712
0.0074089057126274 0.960493065662484 2.00255746850952 2.98662383557362 1.96257149240281
0.0842754289283923 0.888554116712509 2.35878968025489 3.05688910479256 1.98120111062986
0.00738841242960511 0.931487493089031 2.09079417411062 3.02789347483796 1.82141270365519
0.0342819841664162 0.945621081866082 1.83925718672917 2.8794320689317 1.58327635252606
0.00841684806716708 0.89042509788706 2.09230190586404 2.98113096283866 1.82466972973628
0.00960144756086511 0.872140049577791 2.17383566003308 3.14912030585832 1.79394782953915
0.0149738423427169 0.843292342578247 2.25225310756405 3.15140115487748 1.91280496702304
0.00890513482241086 0.885338279693599 2.16893685029758 3.06541924395074 1.95938431355458
0.00784174136356313 0.94546142684546 2.07810666358945 2.95010563542189 2.0193263906964
0.0165928325737468 0.835060972926376 2.16945419999273 3.00930868278728 1.75997051608019
0.0112696962419517 0.903058319207278 2.19892644371668 3.08808022892281 2.0022211504171
0.0108300583881038 0.953432996962618 2.1105886616635 2.97259637456979 2.00261228586485
0.019079224643438 0.853246487699997 2.29165503257833 3.17559286197799 2.07723636890585
0.0166946465122534 0.850693468570455 2.2758248779536 3.08523382426185 1.88381546556844
0.010244931073491 0.998408599690342 1.94048842977621 2.97996306604851 1.91202718052018
0.0208562566258302 0.902686896216563 1.95036069078882 2.93101076673915 1.78994034115493
0.0194518147929589 0.826724476501014 2.2799496287042 3.13809309922488 1.81136376109105
0.0173397807814337 0.972248866812214 2.11381232379947 3.26175490565195 1.94770309158725
0.00895107862534619 0.983560337970348 1.93743906512455 2.87948479461247 1.86303303823569
0.0094647563445954 0.967384257177717 1.92204120985127 2.87428387890992 1.93704730688665
0.00958722265700529 0.956721855499143 1.93020808407926 3.03920350206386 1.56838002225803
0.0364347844755458 0.858844260392794 2.01078763758651 2.99954385518235 1.79756176351613
0.0179473684944218 0.890527187364827 1.98850138951443 2.80670812985718 1.7475633620862
0.0109179784322319 0.884886978657041 2.21006178062947 3.12135802894563 2.04607681786623
0.0207240898203861 0.960056369595208 1.85090080287163 2.76419471287783 1.78594089452703
0.00775668611343018 0.909256044716005 2.05258318428279 2.89467329764232 1.92304645551284
0.0165059466412697 0.85991379761236 2.27360108713101 2.98938196202463 1.8784395132603
0.0312088885094905 0.944379012173459 2.21565956737191 3.0107748466917 2.13518913888245
0.00940793541239252 0.933015099495837 2.13350041390714 3.10579263372692 1.94122889332316
0.0103995652439176 0.863085797822984 2.17146651057915 3.11437867742502 1.95824077912581
0.0147989620297677 0.840914288881312 2.16709902628313 3.20632132114249 1.76263140424738
0.0476887603685476 0.88054609214607 2.33816942237668 3.23461875856008 2.10413197698927
0.0109102336290658 0.984082424323698 1.89087384753431 2.8269397232235 1.73696517403345
0.259063791680064 0.846147044405067 2.4591565123466 3.48064026408216 2.0741051762688
0.0264081464778803 0.930381032082351 2.23030472225851 3.23624666116621 2.16458563618343
0.00743717610029806 0.91594683113574 2.04711752009994 2.99636463784848 1.7927708650189
0.00924523115528962 0.879725381119345 2.10723973417001 3.23228503123698 2.04840103223704
0.0113056301366548 0.910739803617571 2.18999115992836 3.14107757905055 1.94270777539209
0.106751629340816 0.88180614690414 2.37896951004351 3.39625185615704 2.02864328408107
0.00895865173554601 0.938015289196029 1.96560011758565 2.87668317744461 1.66873766886581
0.00698549629831458 0.923496657526094 2.06223285821779 2.93125380681113 2.06117203595613
0.00875741968809465 0.969729245129576 1.93536850377078 2.87710693312479 1.82601299276817
0.00794637551233903 0.928538834894457 2.00241981139656 2.8862050979217 1.81620182420686
0.0358329107107112 0.955064590620076 2.2031956036534 3.15640379804002 2.10843544557664
0.0121521553147057 0.948576598589366 1.91288808199368 2.89727092474404 1.70629969596816
0.0217266198694911 0.85090563583087 2.30580870351772 3.07219188642108 1.99138641010096
0.00762827894120804 0.902255474565254 2.08387391392182 3.00013795330935 2.02934867498013
0.14935693749079 0.845159439492842 2.43502174788923 3.12046408237183 2.0049126547472
0.0363542543020562 0.792141400277853 2.32317874162009 3.21288720180413 1.76799121493428
0.00768313349079584 0.958959867516813 2.03576637901368 3.14918666606288 1.9834698068208
0.016224851421406 0.836931477098703 2.25929092991212 3.18016750896486 1.89321211643497
0.0206529874392044 0.911209762011899 2.24366121231483 3.13838547142575 1.93704017034424
0.120404182503643 0.788922724732393 2.45415763625447 3.14398497878021 1.94231478418425
0.0710071876299262 0.932612997482142 1.82154301413885 2.73576492858015 1.94499116519635
0.0124114277289446 0.902496735437137 2.21046663532 3.17266393852728 1.99981245995578
0.0239555348414656 0.920253806397847 1.90603103943587 2.7480865302151 1.80926155139996
0.00931446776629962 0.981319525352923 1.92167904117697 2.99407979583395 1.7571628157456
0.276192711723284 0.73073759887788 2.26503684288585 3.1715526655073 1.55355836992719
0.00726966679613132 0.909719041088694 2.08336280592663 2.91068963751732 1.90726076513946
0.0105348912396042 0.997309227375875 1.96739714490241 2.99313390606761 1.84476414608852
0.102717353959492 0.918971707941023 1.82853995792409 2.83352594751911 1.81526859741809
0.00723419156436412 0.941173540443283 2.00662529382475 3.03348224951251 1.802262055135
0.0242996712909087 0.950331400180076 2.18758611228313 3.09580243230719 2.11928615967523
0.0258675203758442 0.867056338498716 2.31116082170809 3.19651988920198 1.93759867679409
0.011596054645352 0.981155623577225 2.04795875518306 2.93994132335573 2.13807370055578
0.00747301609749362 0.910189492969213 2.11623514649845 3.05561158260246 1.97324022479466
0.00995882671698576 0.869178842218641 2.1821804057762 3.09231537312434 1.84655958099863
0.0339260579122271 0.91083856603647 2.27767173411634 3.1653209413802 2.05950215310623
0.0684897360453316 0.805637890771199 2.41283397586631 3.09851758383418 2.02333556039476
0.0107362646451561 0.997136772463347 1.89989595444752 2.92544308567443 1.83004171758456
0.0100927745005508 0.99723829858367 1.94049467441097 2.97760344232349 1.85276405021443
0.0216012452973813 0.920935767511261 1.9119091868382 2.95472504988693 1.91793922968946
0.00695461244729478 0.938929463932205 2.04427283694329 3.11000261615974 1.825257321853
0.0989025900068616 0.779266327746403 2.43740180129595 3.16728695229392 1.94320447073628
0.0080436682625521 0.923316898204391 2.12358231793869 3.16575062599789 2.11753404896351
0.010334374846752 0.980743664903698 1.9006435184083 2.88713163848348 1.69816656068865
0.0429630402260156 0.952528963128976 2.21899873592779 3.17523302943519 2.2109627626884
0.00854535268262346 0.916913313761702 2.14341634298947 3.08598877156602 1.93515854946277
0.0204249147598775 0.817666626938684 2.23378262975418 2.97866310785237 2.06675122671097
0.00756765681924948 0.901122488491963 2.09801114367612 3.15500535007007 1.86629230334204
0.0165407386364184 0.848614395322742 2.27411255495735 3.28914616383526 1.84886877982738
0.00935759531876596 0.975725696473215 2.03011776609667 3.08443934747706 1.91284239839471
0.00762125268775169 0.925752258620366 2.10807671353281 2.79302509517732 2.06562399723478
0.0110670725449018 0.975810153389286 1.89289682427201 2.93486653065009 2.09121207093804
0.00693474293722694 0.936307870812545 2.04656388034016 2.89894108020312 1.9633845634847
0.0100796698692801 0.916951408652719 1.98853666114537 2.87130547333666 1.77348094802557
0.013519003934673 0.860130120926885 2.2467140121478 3.20111816181864 1.85975072200106
0.00956851131967987 0.99192888549331 1.95947440732505 2.89595457357567 1.90855155093991
0.00968765719777577 0.965803682310191 1.91961706740752 2.86616839189911 1.68105786717103
0.00752368851035027 0.919200033915107 2.11278967581763 3.03832492210629 1.98040711292741
0.0108272395944324 0.869153151998928 2.20866264638714 3.22447993814823 1.94552175860745
0.00783836098774689 0.938061750523458 1.98891542917681 3.02498195673195 1.81223111136146
0.00993957911738385 0.86794113795216 2.17494317987044 2.92877052948589 1.77340182069268
0.0114310031606786 0.971546020114182 1.89212570830188 2.82064699915754 2.06504756919893
0.0104326424190622 0.991674922695195 1.99302824143211 3.04824542645027 1.94257976436141
0.0229802060849699 0.943953770217135 2.19615380091904 3.1171105675436 2.0781443872201
0.0074653899055843 0.956919942064392 2.0312882662297 2.93207870478618 1.89383782298983
0.00984875157958576 0.875432952285322 2.10712714579503 2.91317773957909 1.70519865661877
0.00774980749560062 0.954018588062881 1.97279535296339 2.91495259643839 1.77474622059185
0.0420480622225058 0.963906964509708 1.79926528992378 2.62684452982188 1.82102652694385
0.00752203858059767 0.929080060656312 2.01397241696732 3.20687051015093 1.80215474640559
0.596268402900334 0.695095186128552 2.42896629007775 3.02140065980792 1.82648928835063
0.00853690412266232 0.886767909882103 2.1036862440298 2.93256422740464 1.9426672074565
0.00780899287670639 0.950492872480109 2.06507650316144 2.97728794231937 1.89924804242776
0.0217042609588004 0.908295320264272 2.25151362368216 3.01259096627426 2.16338924292208
0.0394036702818648 0.998386928164073 1.76132404688568 2.6672678864442 1.72285566720015
0.011731876150844 0.881226978937872 2.2222428460398 2.90403665354982 1.72812767751589
0.00970914836121363 0.992486749769031 1.92647296324022 3.01731910944445 1.80244783743783
0.0108469838442894 0.971353491514467 1.89897668527493 2.89108573960522 1.8234484694922
0.280664145094616 0.88435469038688 1.85346936013408 2.86813946903507 1.61760703197264
0.0289992174705621 0.993266148795485 1.78743633645538 2.78416233426484 1.68273179055411
0.0118546245630874 0.973166481665463 2.0732934817506 2.96544138431205 1.96590681568202
0.00893393161100854 0.881662096256514 2.11050292345568 3.0063878842667 1.9715411082032
0.00724592986195868 0.953422764162782 2.02768274053054 2.98761059625509 1.94324572745571
0.15751601857132 0.85991452811091 2.42272502875873 3.26216782585965 2.38312420643756
0.00912222897031461 0.877984173593991 2.12195399716272 3.10219007351427 1.94725067171974
0.0114838097951164 0.859476057754209 2.1386908503025 2.95578369513303 1.98230247345297
0.00733072394464602 0.957516215240489 2.01560596965989 2.97795436043421 1.85973737228082
0.0127400523886672 0.901289336324727 2.21464925663946 3.26286992580602 1.93079424424698
0.0124661363405791 0.907907427634808 1.9835516972094 3.03763134554584 1.73098944990532
0.00928975532066746 0.880383258163064 2.1027527421586 2.92526323285409 1.90329030613212
0.0571940449413948 0.804817612339356 2.12768531510448 2.89581833899343 1.81127493370336
0.0164053311812939 0.89359360729994 1.98922457891335 2.78459052080088 1.74724596123063
0.0111825213492518 0.97476555764054 2.06155636265837 2.95383390825826 2.02154626725995
0.00715747229474913 0.916928000974716 2.09340014996862 3.06920196771409 1.87267545320262
0.0699538711485725 0.900761616209962 1.8819980535447 2.86940666445972 1.73283858684865
0.0123596203877536 0.994817781019496 1.87004359459632 2.96366492832038 1.8366663672819
0.00790701531636011 0.896949363682706 2.13461215565453 3.09929405120752 1.9141385806545
0.0136333778313349 0.859981212554987 2.24801476562269 2.91691486895731 1.81755008342074
0.0113297483658972 0.879843330000033 2.21780828899399 3.12250549496273 1.76218832986222
0.0578519230643211 0.77458161690799 2.36417532769339 3.0695989191498 1.76662606962455
0.0400718327350644 0.992509543410944 1.76616993891604 2.83992245851735 1.61817635357177
0.00748295225352992 0.920923313093584 2.10932215518799 2.99273854080969 1.96060953566867
0.0116238244091581 0.906674020298703 2.19826577059374 3.11709240073554 1.99769937678002
0.113430525059423 0.745630350310046 2.37272263484973 3.13342938555804 1.72799590874708
0.118672853904736 0.876363869809113 2.39071757260355 3.13392140962037 2.17060237497267
0.00884646684506698 0.916467891121114 2.00791133628881 2.8237375053774 1.8185265264876
0.0208859393703285 0.817367846243487 2.22152997411816 2.92602318533757 1.81770125939207
0.0161096092241387 0.905487897295865 2.23172039269121 3.11147392357026 1.88173113720048
0.0139580703857493 0.886107434828161 2.02230831021541 2.9067366040947 1.76590001849985
0.0471524447279645 0.779321381615276 2.27406792971651 3.10070788798946 1.84928827049698
0.0114253737308869 0.882645982424015 2.05541632433627 2.74276585957482 1.72417977237472
0.00884353736089033 0.897734698760673 2.05455311303442 3.13850100254481 1.98712919585037
0.0144289717860181 0.891710361438847 2.00540273733297 3.07215270218638 1.76628201430301
0.013042058592371 0.960826792976642 1.88924997687111 2.78634837914628 1.72917770348388
0.0233018978071679 0.814726491522499 2.29136823871865 3.17750401269813 1.79553120150808
0.0391616182354805 0.887555400655415 1.94068852036203 2.58100683080612 1.76547582931377
0.0103711020977301 0.911581357385192 1.99630167544213 2.81405234764167 1.71250133365541
0.020186041497171 0.838911804117692 2.29822127121719 3.09541167686362 1.97108907748146
0.119039235505335 0.948728244317916 1.76930218176064 2.70852355824309 1.71496536515068
0.0296519016248537 0.948162477406289 1.84414958034977 2.87177770346007 1.77443827308561
0.0128512555066928 0.982855652930012 1.8692197249247 2.87826223103735 1.90597261394796
0.00827396136037912 0.966628128388019 2.03236394370469 2.8830121917707 2.00904213015657
0.0143216983102061 0.872191643548175 2.05628958049502 2.88765355603923 1.6761959994736
0.0202030692438307 0.859588600101965 2.05551816923146 3.01652308584519 1.74573799633828
0.00891938811738885 0.895340047106652 2.0598610054047 3.01601910723596 1.65402178813955
0.0361576110884187 0.99200040788928 2.11980588898777 3.24027706624484 2.00295892281991
0.00903524404608195 0.938909394365172 1.96292894928902 2.69902513085937 1.8645239918356
0.0111830083155081 0.983762614581428 1.88716484395291 2.87083543567792 2.06515572527064
0.0155286735380293 0.879996781893525 2.02682873743864 2.72863579417623 1.81138727410465
0.00908627824961177 0.967262557855913 1.9291657464174 2.91725029167658 1.80775980116531
0.00953045570805574 0.933206600987715 2.13492140428083 2.98753409360146 2.0479606615992
0.0071423619132434 0.915468310369528 2.09031025413055 3.13830137833179 1.82439177509878
0.0316021749553186 0.943716647243783 1.84729912737562 2.87540815350709 1.8727318043024
0.0129305575431739 0.921580134871729 1.95236236635926 2.74397897235726 1.88131007502879
0.0284232537492366 0.806930615335815 2.31537889729639 3.04675980285703 1.83380793802717
0.00760833721353279 0.905769150205681 2.0705793131983 3.15674528450406 2.05952434229017
0.00912618290314267 0.882975658339421 2.09712138994258 3.15096313329907 1.79793659930629
0.0258533466108117 0.89021878887482 1.96155485482892 2.86105548792509 1.78129983256814
0.0122679445779304 0.868326013210583 2.08887366063747 2.76290579493863 2.01569008726705
86.5871129789813 0.77861310982863 1.90264303868832 2.49421885357007 1.52821429599296
0.0819017471121977 0.996274961962602 1.71998733400665 2.84464059192205 1.73549082834757
0.0111220780905726 0.891526376720433 2.03495578236411 2.88936310589193 1.80845300199978
0.0490334912893041 0.926992846627848 1.85072809053404 2.85539118205811 1.60553310843096
0.012501516056187 0.962727556157334 1.89125748760936 2.70526603312687 1.70688074909325
0.00764428417633455 0.904339700780094 2.07391842896444 3.03273070695528 1.70325637493276
0.0755498884554544 0.842168630076693 2.40191467504428 3.29175077724011 1.87630015382663
0.0471338591861212 0.778664587809104 2.32400906231592 3.11549968624958 1.89563319592494
0.0147901858311459 0.847565019065676 2.13432474532731 3.04042437435776 1.84309760889183
0.00763477956623925 0.961419630082775 2.02397749652807 2.98763682829081 1.93030033390342
0.00793496486645236 0.89675409237105 2.13610980223381 3.03245892602783 1.97084551618352
0.0795383695341917 0.839081419251326 2.0112010337582 3.04890034034021 1.59044391562141
0.0123444437542854 0.933038140623627 1.9360612910294 2.71490213508912 1.82934364179441
0.00789740178874176 0.89862945404984 2.0826830629417 2.89113247442139 1.83854187781256
0.00997471503745634 0.868873538767658 2.13705423680624 2.96242152633429 1.66577190025345
0.00838095463247956 0.889664837701403 2.09742023446631 3.09651563437039 1.65950886215899
0.044774624102806 0.812571875019494 2.12397014373125 2.89068993810488 1.6600896175778
0.00809280936566131 0.963326826207992 2.03736441546585 3.12723249629843 2.04619162332888
0.0105854814521083 0.941563305704447 2.13255188046578 2.99434754232467 2.13035110440363
0.453229977019989 0.791314873305642 2.52597528994002 3.15074909816018 1.86575701447432
