0.00969721090176574 0.918881435958955 2.00303523927036 2.6488986720231 1.96380825546423
0.00954079971689841 0.922786369364544 2.10652909218788 3.11812593274119 2.03556942405117
0.0115910528369467 0.912927768815255 1.98304745006475 2.89061560178573 1.90477333774812
0.0182386521676436 0.903588878956005 1.949563070349 2.83517299083771 1.78959407778301
0.010225029475379 0.915268612301613 1.99909723854178 2.81166280551072 1.96124331913379
0.00897278159131767 0.920539587047012 2.09237188077258 3.07871307533661 1.90481026251212
0.0141829196966108 0.873018863556373 2.04354316123229 2.68736370894343 1.85839061374493
0.104390903296497 0.80770338978483 2.4402080557239 3.16712962555166 1.91804681001795
0.01095967153449 0.865733475691174 2.14280285889872 2.97064157579275 1.82054309571974
0.0116058760566905 0.894532011110839 2.17383079791419 3.10335503874564 1.93492270735312
0.0171678351190679 0.871858447539634 2.2438130662335 3.00899594825642 1.88893154119269
0.0142994235166452 0.996432538243032 2.00851232725964 3.04655179198479 1.90050341523182
0.0880489963661407 0.785220128502344 2.43910806796225 3.11912199293212 1.77481133903275
0.0159432629631098 0.96193509933976 2.10934150792187 3.06650609796763 2.15604383157503
0.0109241596674746 0.898933579197173 2.02115396076939 2.88700236208291 1.84796469912556
0.0143740717865194 0.99041329226095 2.02786643610534 3.01904623775197 1.92945664403455
0.0299213680210879 0.894271123550997 1.92712916247325 2.79737266906261 1.51868461925298
0.0104317134754898 0.872853178450679 2.12063973259307 3.18276306332741 1.85439727648636
0.0109553767951234 0.978958146291562 1.91970098980208 2.98285109397545 1.95447148604119
0.0151078078084795 0.988562442968 2.04028247640049 2.954685403734 2.05824627596653
0.00907860312311071 0.900897630608834 2.10767622584759 3.03087777037625 1.98464331558535
0.0178556193639543 0.975945447291141 1.84827100923129 2.65061142633515 1.9285193760081
0.0107187720338964 0.910720219576997 1.99950903016073 2.8255276230631 1.86940086353328
0.0127002739569845 0.893599695997467 2.18818874311639 3.20416864137351 2.22671922793285
0.0110943437959252 0.961933396910697 1.92238832452746 2.98538027928219 1.93778416247165
0.0114405916934735 0.970845197641342 2.044263294785 3.14426721089461 2.11405716589441
0.0213078068479423 0.998183321792359 1.81375154271064 2.6549016800204 1.59663580781555
0.0097808472486313 0.945735426338115 1.9618828499063 2.79016269017385 1.86555118522126
0.0243292561136873 0.808550993158069 2.29342229702748 3.43168055593174 1.76534029063463
0.0154509711079422 0.89722013276138 2.20842397288475 2.99756245391545 2.17767338552372
0.0302701446168394 0.805411313472045 2.32751552713015 3.1457378938776 1.9552868078126
0.0103757752829535 0.968525666809736 1.93321124706948 2.94972100384456 1.71899196218953
0.0214582961225038 0.820736396450054 2.2824493283574 3.17789731081825 1.89234134669455
0.0187407627341952 0.909957613096582 2.21175110022367 3.0049940199931 1.99364980379195
0.00907505675160696 0.956462009789967 1.98068742867054 2.96357740814235 1.99868359582426
0.0165542812918174 0.848038831051429 2.09210049823301 2.95367672227632 1.73233465505635
0.0366819043812226 0.777483477576468 2.25079269434096 2.99712683364567 1.85013512496275
0.198092503693959 0.73662361622267 2.20210149506188 2.92646313957505 1.51596372749015
0.017880171554854 0.888264805308035 1.98191584530119 3.02729222227589 1.76740517559984
0.0129770732160711 0.913432604319229 1.96713107476574 2.86415849528658 1.82661776435337
0.0117282735360324 0.914800647109107 1.97789886707491 2.92734182608944 1.86107355001297
0.0410942973908008 0.776950390742245 2.34661845438787 3.34361893204414 1.74928911193808
0.0351896097715515 0.852705367954942 2.00297955898347 2.69794147872232 1.72466277658
0.0143163728317049 0.96502733784985 1.88298421767673 2.94982363368619 1.88157114785149
0.00954236015705952 0.886981261921589 2.11880408661061 3.06344387913658 1.91152816359144
0.0121985220201889 0.892383938456738 2.01816307892434 2.83238561993269 1.78257229575705
0.0137754468800284 0.952541840706327 2.11190495112779 3.16158844130502 2.17026606194929
0.0103069482062217 0.946881458010474 1.94987472098712 2.9076056914828 1.94203682491056
0.0498113200767675 0.765100884319702 2.25089404933365 2.91797000672337 1.5056229873636
0.0759943313371407 0.949053428905589 1.77903329116788 2.68769687012424 1.72629903996817
0.0109721341749596 0.922208115464461 1.97462187202075 2.88972919962088 2.01714417796682
0.00907836203816236 0.959542269095845 1.98608335484831 3.04576816215249 1.95727030200677
0.0404593221632196 0.826606967705704 2.05656318445832 2.74243892353331 1.67054559858921
0.0207891644671629 0.86829135528988 2.26681361646039 3.03050078167586 1.93610673148494
0.0332535989905303 0.880544072122046 1.9466356546885 3.02228210356549 1.79135234430081
0.0183308823601548 0.957162636305673 1.86569922125171 2.8645815267777 1.54007844734125
0.0638101274360974 0.962857396197083 2.20975735368561 3.25276460932573 2.07258702659638
0.0316520537912897 0.995647162947581 1.77989370410956 2.84298085864581 1.78441286415404
0.00994158312268612 0.886402156040545 2.07791014753736 3.00818837329868 1.9132988121022
0.0128836808860625 0.853736264510797 2.12399872650857 2.85719134855296 1.88646997023036
0.0104915074405363 0.885696151405 2.0636142680845 3.0135757278975 1.74922643793649
0.0127597627777204 0.852634551367722 2.19307057065542 2.98968045393793 1.81889044569982
0.0108511632918603 0.978153999902525 1.92206894682571 2.9361879873813 1.88119214005572
0.0243104694548626 0.895290983028624 1.94088474595597 2.8915259996281 1.8205425853102
0.0193044112382744 0.859523896577446 2.04034902031087 2.68397227272937 1.69357652551122
0.0111224806285613 0.971736699919471 1.91641146514629 2.75246065642351 1.82990523501802
0.0364111096318371 0.881935251488054 1.9374930820565 2.64803292989639 1.75751040706994
0.0134010624141661 0.849532630586605 2.20484221865112 3.12468761270138 1.82672436065153
0.0531141585839634 0.824590732741246 2.37929682952241 3.25904818827125 2.0093229508857
0.0439432382936883 0.773692678162457 2.35365333383273 3.39828386514001 1.60193925947356
0.0114520177694126 0.878886622642894 2.18019888441548 2.76574289058985 1.85710547005823
0.0168284636168543 0.860992185200415 2.05249812880969 2.84743482181174 1.88540942156337
0.0181012985960587 0.932064897858419 1.90150014066026 2.89900271773303 1.75732077785218
0.0460570893548008 0.89679078237393 2.29628257629327 3.07352990984886 1.9271643411106
0.0499882768077902 0.828432171658653 2.03544555243813 2.65196478849879 1.53827521212405
0.0143002784602876 0.960821637119315 1.88739182371058 2.66735934740479 1.75780125816959
0.0348462539284105 0.805058582461877 2.13426466086268 3.00547233795206 1.8420008990536
0.00882615994903603 0.912767070599252 2.0924652086288 3.25933073474414 1.89947478665737
0.0663408345192619 0.957941371245802 1.77402922356346 2.89220740160771 1.81556067901961
0.0138250078858147 0.969802123262962 1.88299339578881 2.77305144424096 1.914229575813
0.00896046646260099 0.957183261634483 1.99774336277075 3.01879641591642 1.825266335232
0.0149072809973231 0.861625194213008 2.23111445368199 3.05682643915659 1.95340597239922
0.0108165501118716 0.86802879485553 2.14969465509997 3.00064944607692 1.86642860326851
0.483063667846573 0.816237793099584 2.52152569413693 3.33909752704131 2.0976185066762
0.0139934369710024 0.842050798494538 2.15703444333199 2.93085302850416 1.77158053235068
0.0324980188385485 0.932781416904516 1.8547634481185 2.73465929331162 1.7548633786449
0.0125951916268451 0.873510762327606 2.06067922401975 2.8483323381121 1.83590271387773
0.0101739794749404 0.97120078044273 1.93904679989552 2.92360809261296 1.80133751634412
0.0178685960243061 0.941838281730931 1.88823854979165 2.93547265309253 1.75924366494801
0.0114758035660675 0.989999122601113 1.98011271638527 2.81973665721392 1.98460753983458
0.0116163057513537 0.935499159437575 2.12119775044843 3.09653127810465 1.95927555757947
0.0123249380061996 0.889787458891992 2.02260649319085 2.99723051615089 1.85979136697857
0.0167568600368939 0.840439625909605 2.24960319433947 3.03408534537021 1.82544965790808
0.0201242231854721 0.831445136578042 2.11686265553519 3.06927844138924 1.80422623550739
0.00928081890317518 0.931481757818998 2.08660235137755 3.11116309711253 1.91518399888377
0.00939926214493956 0.911235346305333 2.11626021595082 3.24109095885784 1.93358233486075
0.121840226065254 0.741060011240883 2.46774967090254 3.11394429421831 2.05486280082212
0.00919409336695655 0.959318279957722 2.01653801375982 2.946389674933 1.90065267466061
0.233386536728468 0.694614683070649 2.39408662584231 3.08952392801336 1.68216338337972
0.0123886612724908 0.996908087752157 1.97391196719305 2.91110054342533 1.96097592771406
0.0183582190738247 0.868411037784151 2.02378493680592 2.81641010909902 1.80048652105594
0.0692705961865611 0.81844006239791 2.03754704604364 2.78447626024156 1.65173716975619
0.0123206503259651 0.892010195704063 2.18523902625674 3.2194807390333 1.9238303476347
0.0116810761798773 0.92031974538445 2.14545660977488 3.12045546668149 1.85592712119851
0.207971509641089 0.775490887128198 2.50917262052109 3.18973243213637 2.12781533594025
0.133986837821349 0.859980444931619 1.90638553291326 2.62350639607514 1.57763082090255
0.0115043966677445 0.948910651780476 2.09524053094956 3.04959583693886 1.94823540219809
0.0100378341805211 0.879193039576848 2.13589548625033 2.96284608566375 1.64075533663854
0.0110884329240887 0.928058531712371 2.12643386970583 2.98143436339948 2.01683475239783
0.0113877912039751 0.896153463934387 2.02034841037116 3.08696551773134 1.75481939424779
0.00936885553440061 0.898973853166232 2.05841437045395 2.76144840145241 1.94048493882054
0.00958121611985455 0.935174877017759 2.08808103159614 3.17037450513122 2.15409564903071
0.0168517084694095 0.896440286840242 1.97102315043345 2.76107943471627 1.68937564322827
0.0478385992544492 0.866763811913981 2.33494875999249 3.15282891763261 2.02018757543678
0.0338213709025334 0.865559510679379 2.31128763730458 3.09674427329435 1.91778176574726
0.711063179401782 0.67661697949593 2.32757810855189 2.99815888237895 1.64489227424698
0.0182428730645244 0.999536489045906 2.0340959641231 2.98257612746519 2.00167342242994
0.0753594738045096 0.7519786292038 2.41230235155075 2.94033907421273 1.9406654294105
0.00909779807436512 0.950927265453682 1.97875181222705 3.176672218702 1.80259808580215
0.0272496111344978 0.911839555798378 1.90175364122911 2.81246378243689 1.83156317340484
0.0258339869676934 0.80046904844393 2.20145763982224 2.95925094997564 1.73983752017469
0.00891158793878031 0.918729841426228 2.09191613717396 2.93855130800235 1.98988205571312
0.017819698644634 0.833271896622347 2.25710878142481 2.84095874992356 1.82287992340325
0.0341872122869392 0.982233995604475 1.7866002761794 2.70418569925447 1.89828893501033
0.00863124641077741 0.917666261458052 2.04588333457695 3.07298343991698 1.86853258498463
0.00888297423792802 0.923762362321892 2.08474721285639 2.87629067370911 2.02301545894046
0.416517251453716 0.909605119990214 1.76358814842846 2.53048616405526 1.58384797739501
0.202949396768931 0.776478287363179 2.07866981423111 2.82656469897531 1.64413431800667
0.0141940177688568 0.881810971765873 2.21317535549363 3.1828913091314 1.93244099719243
0.0130714923564834 0.848825570986703 2.14498605059526 2.94732773243049 1.91280828725541
0.00999447308552688 0.901729346727082 2.03250981150654 2.96327077994495 1.87045790728137
0.0487958347773741 0.83803851121578 2.01362393968721 2.93014704344046 1.74605925712691
0.00888146751069137 0.905296148439872 2.06486875136443 2.9555492095881 1.85690147822384
0.0162574518208368 0.854028234107948 2.07654946440453 3.0792065225061 1.76199674368665
0.0100327730051222 0.920542129263638 1.99299764506863 2.95021261456209 1.84221390202778
0.0145179605535912 0.902271685666552 1.97517741451726 2.97319283823107 1.96571904468233
0.0148512857836786 0.850941741788078 2.23082946314647 3.08433544445008 1.96332331120272
0.098960985020636 0.780013922126563 2.45053733051152 3.2189872206928 1.93726629519905
0.0089065530990524 0.908825434686432 2.09848398890632 3.10204116678445 1.91714296287577
0.0108261006082534 0.884309703765967 2.16654839682459 3.01340974431257 1.88937548184949
0.0268396161077851 0.98359298217822 2.11064332034437 3.15370567745184 2.06934979255285
0.0273904545984464 0.838779453865849 2.05883430898668 2.90145372313034 1.73936280107337
0.0168743213378497 0.9551990596117 1.87605261574456 2.72284152020715 1.81095832316773
0.00883888722737515 0.904522032065061 2.08943308599744 3.05751058839816 1.67826468765761
0.012286907620033 0.869738647945626 2.1959308080466 3.3495344933215 1.97643084998278
0.0150820252876884 0.833582710941715 2.19568131541847 3.12683155634238 1.97514764868555
0.0517500872083184 0.810883206037017 2.3845181983753 3.25504436070594 2.00304159278344
0.0303582008254754 0.808033214141747 2.14090498457306 3.02642043174559 1.54239899607999
0.0151905844543371 0.989261438361698 1.85819226885866 2.78257959734697 1.92742384003216
0.00850116440467231 0.933137281216931 2.03184256319374 3.02524466307712 1.94146224460708
0.0106099594355778 0.896578789537123 2.03210374873685 2.95426886175221 1.89380816836124
0.0090163385091072 0.924135953923201 2.01250304791717 2.84618035443682 1.96928686395571
0.0100601323598365 0.882803209818502 2.08704640969989 2.94902890490105 1.91161194692151
0.0111696639885587 0.95813507311575 1.92433679638586 2.80638638347026 1.93239433875326
0.0229635381787463 0.806626727187672 2.27482144162964 3.17460200198342 1.59062819923778
0.0338286141277211 0.796384585155228 2.16950070115538 2.87317200510528 1.76775340739843
0.0106303955775449 0.910818725360398 2.14298927622368 3.04070584590552 2.05081304728628
0.618152749719644 0.87773359309508 2.45200015245543 3.31050371131047 2.24767101890172
0.153498640934043 0.838401719926649 1.94482659231313 2.75359834943229 1.62375188267071
0.20244305149728 0.746872983766404 2.16574215577445 2.80934435243114 1.58290375535896
0.0121858652048393 0.853601950756251 2.16330614359002 3.13587635543864 1.81950169068838
0.0149128932101591 0.855854824858604 2.08430566397248 2.82222510650047 1.67616584234145
0.0154635539720012 0.913840218202574 1.94679379434841 2.71722506850382 1.89037073299275
0.0107469276282337 0.915096282978334 1.99065672989724 2.79569148922362 1.99060443704154
0.0162728456783055 0.922974032023968 1.92601401881675 2.79453707861252 1.79166682616305
0.0237724962477946 0.924376340929149 2.21097802067103 3.08251763680842 1.97588164281869
0.00886744226959711 0.903879746596692 2.09208624202303 3.06795642493229 1.80591196124151
0.0104457701230549 0.902513266870872 2.02140417372569 2.94882911805496 1.89777029462741
0.0104667899941689 0.968091169723716 1.93110834666427 2.96977100340635 1.72413700692309
0.0258650136474493 0.804029267331567 2.18253676149231 3.0381909365373 1.77722038591101
0.282307749880439 0.68711519086086 2.40990857004574 3.1552639283171 1.61667652708052
0.0119311212904447 0.856748733111196 2.17064291108906 3.03534854983206 1.83231466028385
0.01348319793006 0.987678216537358 2.02569929609702 2.97973937573038 1.89429706493535
0.0087240614543394 0.917909382814586 2.03823556824228 2.75970921523731 1.7352174280516
0.00952926808770061 0.92734623363105 2.09965533558824 2.95966954831673 1.90845997672376
0.0260988757012905 0.808428394405334 2.16153234908982 2.8863469291016 1.74644771015713
0.0369495695765036 0.797697342949813 2.15279494680403 3.01391606615838 1.68303293914838
0.0114114081982304 0.988767981310537 1.91519624145021 2.94353744990252 1.88087074512878
0.0101734920226769 0.889573606849266 2.14980905100494 3.1267845491971 1.93058472371765
0.00930084806998746 0.953225374408947 1.96959982967616 2.99095485677645 1.65268284251668
0.0119103917054066 0.920703063354365 2.14761416845572 3.21207514652097 2.08013977678532
0.0213964962196963 0.833157951211393 2.10256392373817 2.85685957774841 1.68962204002104
0.0190379371807014 0.895880058992927 1.96050229625331 2.78122502751476 1.86490498460153
0.0110617844621622 0.86632567532498 2.12292202116533 3.02849157994724 1.77774507183214
0.0109730026522066 0.88239759864208 2.0625373010363 2.84311906345887 1.76742478897154
0.0242182285972571 0.852933905444474 2.03398662620038 2.95859696971478 1.75655668359183
0.00989740880104814 0.967262304990788 1.94706818966374 2.89979007759453 1.89387888926243
0.013880352098074 0.844689470988422 2.14390259104616 3.05932568118485 1.62173805980609
0.0138311391222353 0.978334577919987 1.87672031043587 2.96870925187955 1.84280528264209
0.0419753471233788 0.896191142630827 2.29110484612127 3.10159414442005 1.97470362254659
0.0135792416150764 0.931147620432756 1.93204621954446 2.8328911051309 1.73568464184304
0.00912844317801996 0.896887881782425 2.10645146651224 2.84950021090074 1.87208346728589
0.0275865789219806 0.838187378421554 2.05973424935907 2.84002484042228 1.73255712116396
0.0112417180948778 0.862639340975061 2.14865915645228 3.05582764609684 1.86452339357676
0.00883168545996172 0.945012632163132 2.04200255081695 3.1373911731043 1.93215449926359
0.00883234695794177 0.906363016278095 2.09220190637873 2.94496875341008 1.87239998033776
0.0110045139359579 0.867814266176282 2.11670875432231 3.14066696632115 1.71890263828164
0.0132644665770242 0.930548640113453 2.14641151777445 3.12680985596919 2.10732402202589
0.0116602453525872 0.935101274551136 1.9453567787336 2.82398260953474 1.94905560617919
0.0587610800614328 0.918802407957712 1.84049962898671 2.85918199394918 1.69138794371623
0.00850024953567732 0.929295843106485 2.05018514763574 2.87100253748667 1.82666290764057
0.00851021330153135 0.925791658824301 2.05660597050963 3.0008195421444 1.92156966372641
0.0103435678576218 0.877486058119813 2.15000757363553 3.07200058683082 1.93727123744143
0.0324630670568856 0.782769196250799 2.29666621148596 3.01231805622333 1.90596179828949
0.00955173348075345 0.886606890004757 2.11797725215432 3.06041918226328 1.82100569421524
0.0224405375729091 0.931611139929278 2.19507178086034 2.9972338865302 2.08536813152673
0.00917421987390723 0.917694457719054 2.10274875723883 3.00851475072823 1.85462395660983
0.00853594539949842 0.920587869710238 2.06335372431052 2.94705242755728 1.95951543219869
0.0129870589753757 0.975640341632207 1.88746896669201 2.94255534521181 1.69715587907436
0.00949864489835566 0.946164440323561 2.06450925966128 3.02346624105589 2.03187205222802
0.0168490105639725 0.883094591928256 2.23227031689514 3.27536072106413 2.10075591911522
0.0168807126355502 0.960802559844781 2.11752919847923 3.10155399960952 2.16579032930409
0.0091745202139489 0.954472409933486 1.9745255504259 2.92701554301851 1.78510016595551
0.0104300496062895 0.982116923588351 1.94384341190228 2.98749508885425 1.89233641073602
0.0142267380657455 0.957443526798125 1.89166871911688 2.79724339988917 1.73628644675696
0.0276659296919636 0.797311652441755 2.20182431513516 3.04374399881832 1.80698657793113
0.00980388545152946 0.974703780187233 1.97069461830223 2.93874322122352 2.01301922703369
0.0267625642165962 0.898529629980676 2.25630591420818 3.05620555648902 1.7857388487733
0.0536301271612425 0.784629314595488 2.15633657347709 3.04104814427299 1.79495493772983
0.00942691176859253 0.944097700615964 1.97250835282406 2.58432549796932 1.90597728644116
0.0155735427761375 0.831174239246907 2.18783001450288 2.94845274613473 1.83305366002161
0.721725802450452 0.688622319064141 2.27439868316297 3.12479643787081 1.48648669116758
0.018158517286405 0.901641179404827 2.21954385808053 3.240943018075 2.18056257474847
0.020982991374661 0.872288365712468 2.00144542083562 2.95513202400471 1.73591029708918
0.0158399506126823 0.996737150653129 1.85006273007116 2.71830499967433 1.92087596499482
0.00881523152222737 0.929639127532754 2.073240199072 2.96234671664702 1.86176843521867
0.0130165677316882 0.987817722543803 1.88282487236908 2.75278757367271 2.00046476309633
0.00984447361683825 0.900923692353237 2.13644806706087 2.96957871066389 2.02543290721445
0.0113951023855421 0.926205854863475 2.13333363073596 3.10652429299233 2.0954221302297
0.0223462859872157 0.809476270635269 2.18934708445194 3.04495571000799 1.76074239043968
0.0926127584818976 0.751228953006176 2.2214794660085 3.07363976368373 1.62567586636088
0.00862733119247612 0.935059361339949 2.05273947176388 3.10213112953896 2.02404006470412
0.0141170486627665 0.900345464598228 1.98219483426474 2.76198888444306 1.75632604493166
0.0262707628279884 0.810204364379497 2.15340439313553 2.93811013284847 1.79976692298754
0.143302836016504 0.71918824200876 2.46143214543241 3.29944690119229 1.67599703705292
0.0104263758177379 0.98338018407311 1.96202921326419 2.83047573422482 2.02216537085535
0.0151886660362012 0.967330477630368 2.09260330459079 3.15098336312006 2.10255342142213
0.00959745531503377 0.938618166081171 2.08222509770948 3.08459299733038 1.96174210966763
0.0408969814937 0.76920026491358 2.29483341278044 3.14820208546805 1.80949798660632
0.131623651975614 0.930790560166049 2.30294573080717 3.28944633332494 1.84559582529728
0.026840537232745 0.819741338643749 2.11679644883352 2.88742791266057 1.61195759309511
0.802039660021428 0.662172882412721 2.65589893311607 3.32893470618935 1.6265906628397
0.0214173702917392 0.930448454332056 1.88951003404181 2.88569427978776 1.65486143396574
0.0107511992230601 0.883769928136919 2.06327182317007 3.16397449850511 1.62308377231415
0.0107959558606765 0.9745153540088 2.02123789158663 2.97404479853757 2.00033920814395
0.0181522220871751 0.862082801091333 2.25677497873421 3.2687102479637 2.04923994249592
0.0495208372833135 0.788060667219887 2.15298057703589 2.77204590340911 1.80795726907541
0.00932432381612805 0.937923422250172 2.07642004457751 2.78230566294015 2.00392388244249
0.00861581654278447 0.944025111852426 2.02040774745624 3.16264912809288 1.97012765249788
0.00892342972568509 0.928719545287777 2.07925609423975 2.92014478512769 1.83322284860039
0.0089431090225341 0.90050077889604 2.08456919661414 3.19427900911638 1.89218168345335
0.0148963788476209 0.840873809899024 2.22330879364531 3.01184164214987 1.75920545276578
0.0154616508755517 0.85774357755726 2.0729946803591 3.06019324337288 1.83812786068163
0.0307973881607798 0.835115164959674 2.05763153453021 2.79827962331717 1.71587209489393
0.0384963710994185 0.855464974129688 1.98997453064171 2.73722240473306 1.65398571800276
0.019121881534184 0.82645878732971 2.26540114706749 3.11087499185482 1.88146890746851
0.0279626436792058 0.836977987973002 2.06168457520217 2.94861893222291 1.84741767571895
0.0412875499533141 0.977296177755891 2.15521358159672 3.2623728872882 2.03152735085652
0.0224104238642513 0.852674554586888 2.04220792789014 2.82984214988258 1.86113307391975
0.0132727207155317 0.950970487551546 2.1104924758057 3.13966265325803 1.97140544948731
0.0231671104257786 0.985614173468888 1.81473815609855 2.84378320490551 1.75494758068191
0.0226750521086455 0.918997433221763 1.90351300420032 2.70725873609045 1.74794660469028
0.0136256388387038 0.857626883639509 2.21567355177926 3.12297498663926 1.86995839558175
0.00888884014478854 0.912930231500792 2.09580366977671 3.04649986687004 1.92722224967044
0.0118789306303868 0.909885580546174 2.16145305133602 2.86253989033679 1.9051441732987
0.0101884000665764 0.923989002257352 2.11836775839656 3.06604828524057 1.89269771921866
0.0160311675274498 0.979683363827847 1.85699579263029 2.94523581190541 1.6994149430325
0.00879155755177063 0.934350412804125 2.06392418988965 3.08171836773384 2.16603817664706
0.00962109953887988 0.928886703230319 1.98765106308636 2.894175283326 1.89977862346849
0.0462166868015983 0.830426024614574 2.03626745630477 2.97383773044978 1.68562926284445
0.0119492610523596 0.990865423743815 1.98950496759351 2.80758026183641 2.05036109005831
0.011156099316907 0.940738595893247 1.94398585595668 2.97959369524935 1.84596579026786
0.0107665304001011 0.868534860225572 2.14803497909396 3.04441648120975 1.83833562330166
0.0133248273332658 0.895394147860031 1.99943513761185 2.88150855679672 1.85095185669659
0.0154537240767715 0.973867444954383 2.07991987627538 3.16315454976624 2.01848826332287
0.00858554379733602 0.915402813180963 2.06178564675355 3.01763379204612 1.99422098007966
0.008760301430914 0.935839874910619 2.05944856080325 3.04352743641247 1.81888410506825
0.00943581789404556 0.895255060082124 2.12458697140108 2.97514087194998 2.03376801558511
0.0119209312013158 0.86170234197508 2.11349377628836 2.96651036174532 1.67589917096672
0.0139409606664819 0.871200179261687 2.0507619272448 3.04325425046988 1.80959072953441
0.012305179730858 0.92961748737145 1.94639052103259 2.80013023632982 1.84893965780216
0.0163903831425945 0.862180063388684 2.24419201088891 3.04991966051147 1.94667966347955
0.013035886136938 0.903767959548241 2.1810914513159 3.17867308425522 1.93334428536661
0.0128243578622859 0.969842526575552 2.06537286499271 2.8632465979144 1.93745613631281
0.0101764902010907 0.908571253018582 2.01340196894509 2.99333837073486 1.73842173324118
0.0611386790338044 0.802732298542267 2.08848309060018 2.88369760874032 1.59692471888318
0.0411038635358672 0.852703608217075 2.33807168269794 3.3086288499243 2.05007153624802
0.354849501412458 0.748536223018181 2.12303422921706 2.8015616773942 1.70766198666413
0.0208851150545344 0.813429556331229 2.2650798388305 2.99610469337054 1.96028931520026
0.0107541542544319 0.872291080081584 2.1595973517219 2.97835996345638 1.96651973243204
0.0120579185939895 0.942474437599483 2.11411897112639 3.03650099388802 1.92063766748308
0.0123132764861401 0.989769079025898 1.89449343134556 2.7570844886465 1.87053886259605
0.00999415620273458 0.882659273508249 2.09066719770128 3.00310936490864 1.88899636284213
0.0462848379179872 0.799682366255032 2.37697084465288 3.34710744174712 1.76794985846293
0.00931808588075924 0.894138511830136 2.0782833842768 2.93302794855889 1.74984814849225
0.0115725206832299 0.919825334773256 2.14482136394408 3.13751375131489 1.83931572188862
0.0126025778605913 0.87918886438875 2.04522801767017 2.83373103064123 1.80770397032142
0.0392270421882831 0.961210763041283 2.18337926263929 3.00917158798328 2.12189366568888
0.0109585016299652 0.897698104534103 2.16138153914854 2.98982431182736 1.95904173162527
0.0166432097103731 0.84119800584088 2.11410492197449 2.9525483132074 1.80691092711521
