0.1567691687135 0.782648671892429 1.46326395083037 2.32871267526547 1.15279557150844
0.280916737542478 0.422497031934816 2.0333262339269 2.48639067024246 0.769844624174836
0.110260670899697 0.708795467123637 1.77570824634487 2.42577495451393 1.37015807786525
0.124379389926433 0.594884581784087 2.17520314512491 2.90217755378998 1.21490109166671
0.0982487712808728 0.794506803985841 1.74606951042941 2.83258984928098 1.35241115828667
0.096242586300831 0.775166523295518 1.96177433087076 2.7886747937531 1.51258626804782
0.119427401976982 0.715111439523407 2.21814729250055 2.86598203398003 1.59703587126458
0.125444354848304 0.676094902762881 2.2640138963692 3.1428040633747 1.59477285730731
0.136893999314464 0.665550740570492 1.71853404500467 2.18065563333491 0.969420773344839
0.149974439658244 0.87774415826658 2.15216806147726 3.04277861103903 1.69101789437393
0.161727394339741 0.626108867674744 1.717598952273 2.30046710112526 1.25793621167597
0.183828711528183 0.483576713120041 2.10120355269612 2.57299452017443 0.914155374722668
0.663808467216331 0.365036082342797 1.85573543707685 2.36931298954707 0.60924870562628
0.124199265051398 0.904327724664668 1.9967467088277 2.74759821546576 1.89206871142896
0.106679376207313 0.869875783730844 1.9485207297084 2.7511930500473 1.63914146701826
0.175713335585571 0.586745325863422 2.46681489189567 3.05679999572191 1.38405493239395
0.1246377545959 0.835160323293393 1.51335125153849 2.45359228452987 1.1851799020735
0.582357245711501 0.561417783461591 1.43918105274741 2.00527189296886 0.979129227175672
0.109145940247648 0.652771136848713 2.09145778844974 2.90327258652603 1.4220544250662
0.101452081065047 0.883554526950061 1.67445331598055 2.58038309952291 1.5820607957095
0.097760452157181 0.724480247430659 1.95585219802859 2.83049559067591 1.39248378600737
0.107656363501424 0.695907034326055 1.83140127034481 2.5549011771168 1.27467867465184
0.0945869412847431 0.78629531951416 1.89508381515312 2.62833303208568 1.30190567442391
0.102413759484926 0.811725862199472 1.67737392497751 2.52445899394495 1.40068820977048
1.61227480244706 0.691576390843026 1.03042753286322 1.64751629004294 0.589841725333556
0.109198490905014 0.827579969396448 1.60614862485524 2.52784698281333 1.32996712685374
0.118619603553712 0.678207583761686 1.78502928884106 2.46589552423522 1.00634893864626
0.133059563763302 0.585254594283496 1.97384093480302 2.43932365405457 1.27891888299357
0.543696170803249 0.937658177950904 2.47550557656891 3.42335999125172 2.22682399946352
0.119925682038793 0.906564435042221 1.50024987242007 2.47840516195886 1.37345655554316
0.106418873128844 0.880604371037204 1.92099928299421 2.726304250291 1.6494651407693
0.364089336035015 0.365003477734909 2.74894581475982 3.06847937252856 0.961580137085106
0.157209396331308 0.935925518888356 1.33903472566336 2.06893924052502 1.22800759994392
0.118853363194231 0.971814572003614 1.73137230893865 2.67042110718725 1.7492010337627
0.0995700934633913 0.884602728374352 1.77284535429941 2.58848456993845 1.5351334330892
0.195978962425305 0.575488428693945 1.74645889709164 2.23748256004136 1.02500938449707
0.560680161798876 0.779385845148998 1.11102547483786 1.90996696794083 0.945550946064989
0.311966242815125 0.370088682292649 2.64117762121771 2.94325943636108 0.941251870817644
0.146195480558257 0.613570855796435 2.36357009368379 3.04688181138215 1.42636439447195
0.192793901005359 0.972567248276566 1.24162239688106 2.15192896663214 1.14857905410401
0.163047115464211 0.820930877262841 2.27412676862619 3.14419798791057 2.03430496133965
0.100471565036385 0.844162739850401 1.93369077585527 2.57682357406956 1.63025371360821
0.205203728416802 0.464362455984997 2.08573199749009 2.51047760933941 0.892165159479551
0.166398960191763 0.500509079053461 2.13967619634984 2.6635791204599 0.927337273947036
0.117463345954867 0.842493267851933 1.54270121888521 2.46577282885998 1.34627810871983
0.233652439911726 0.440849912957954 2.53985340765292 3.01596230543391 1.13462881206133
0.260867041649497 0.50145042905487 1.81359524287557 2.42884432665172 0.838274421233837
0.10644898113011 0.921778204555142 1.77952301855155 2.60296859513608 1.72061176156596
0.415408339109935 0.427002351345368 2.83779478643677 3.25602554178944 1.37692112099253
0.122509550858619 0.753510191437788 1.62079781513292 2.39734557051969 1.1063295592342
0.148515520333845 0.68281840291532 2.36015394162793 2.90719910648394 1.49227941496465
0.104382081695789 0.734452538604469 2.09671509583164 2.81634937399465 1.43544081932084
0.235359345907119 0.756911150159479 2.48254039556015 3.35854930884569 1.85704074149547
0.273916497815693 0.996349625079666 1.10845016334604 2.05245595233349 0.924868808688655
0.159229605751516 0.526959026008761 2.03696085316932 2.38884140946754 1.06347217289755
0.16370593425066 0.930015266592263 1.3223197026929 2.39003090206301 1.22664882804104
0.128320825449113 0.596654770580362 2.23562308242959 2.68372925908875 1.25346415391805
0.0959394096070286 0.793451223999598 1.78989104114028 2.76508331001113 1.40629199792046
0.209100109064347 0.510715464210319 1.89305629817023 2.47232792153588 0.910085874192975
0.118431240753774 0.940490921566978 1.86327858070359 2.77017331767733 1.75790568660813
0.133632460047691 0.592699733435273 2.27716612488367 2.85987202551145 1.50300980456666
0.410130058339698 0.841513237652238 1.10959142821282 1.83190744994015 1.0625707878094
0.102699289696132 0.707682568424674 2.07206648754665 2.74160617072237 1.5761309981231
0.155293874656547 0.940622857246522 2.04712342374208 2.81167687999594 1.91501339667018
0.156649339868167 0.590649195068162 1.82292462264174 2.39642183927748 0.997529455217162
0.89209401359648 0.592574323689709 2.97378962078457 3.52405339899739 1.76907646176851
0.124231196578391 0.991988187626192 1.57959400655479 2.69815214006293 1.46043655732797
0.126439579950622 0.965955665639296 1.48325770226654 2.40561254256946 1.48575678427366
0.449542423103899 0.749230656396957 2.67768889839754 3.47401688205191 1.95778362218448
0.104132636535667 0.872158608196123 1.91648409293473 2.84328678233127 1.65910668556153
0.149271149309294 0.857566523529709 2.18289331997502 2.88967008801334 1.8474188888135
0.120357931744801 0.616448240759926 1.96937524684985 2.63105198267652 1.32172773596538
0.425857563022223 0.281178292789372 2.600678084026 2.71565110418425 0.731801819574205
0.150821691450262 0.599627430725985 2.38010141046179 2.86350994903477 1.5070069233046
0.143886283510938 0.959869990938969 1.38452307519681 2.52052288957749 1.19866100090403
0.10979917188574 0.910914351499021 1.87339436920775 2.72960611703517 1.69641280269824
0.212031637279364 0.775659550740396 2.42751879084413 3.2775789058139 1.85312631895879
0.245379899348378 0.710698839162808 2.53921716169475 3.42877223262551 1.53597378926657
0.627645008380759 0.443042250694366 1.66905456517948 2.14157662548265 0.792619093186205
0.126214846102307 0.956276960417376 1.8732148711589 2.9034642879569 1.78407847720858
0.238403967994163 0.455453617451287 2.57661183954464 2.933750545717 1.19433547638922
0.533644203450181 0.427187861173485 2.92568622335942 3.30163429266755 1.13733738928088
0.655004997416637 0.969049204917444 0.89387753377369 1.96505656755204 0.97357474658488
0.107400660130114 0.845556067772815 1.60662133673819 2.45395849548415 1.34188116516792
0.147451278121486 0.817994454659429 1.44798139468933 2.28108788436564 1.39194256941502
0.19820858230352 0.708254759247704 2.46672325552259 3.05847612531147 1.62862351834937
0.28375444011422 0.834719354147139 2.44991006662037 3.27892805204918 2.07198682940063
0.107017172703012 0.694572752731335 2.12342345238771 2.89170342494895 1.4559298070745
0.218615346293544 0.783435013519048 2.42942268416597 3.23199547343706 1.89538564218419
0.125379127028755 0.997746603140646 1.63968408249001 2.61003107789919 1.57460688755428
0.185133950617055 0.515543491035254 1.95223843564243 2.54418276493589 1.02347562152024
0.104934431945932 0.81747169162111 1.64848350629776 2.48916713576724 1.44722861249598
0.177972433025862 0.525739829629059 2.44653897614236 3.13297611381841 1.30770757958543
1.7918400713091 0.390724623905327 1.54407755908525 1.91384531199381 0.593647299600722
0.159516133325914 0.520968381475056 2.06715054290913 2.81974256033329 1.00436486144394
0.118081439511216 0.612146532076498 2.04498282479914 2.47862284070442 1.43273172143333
0.124841710843777 0.956455286147887 1.86269510481038 2.66029939077155 1.89695586749169
0.0985935120602209 0.840333410430469 1.70661289126659 2.53907478980727 1.25558301429032
0.124154961684523 0.930975752499004 1.47669367011642 2.3794954067249 1.24351003772051
0.125724109701709 0.906859343468712 1.99940873597149 2.86169025295653 1.69259683673228
0.285453522323574 0.425298313548004 2.66095219652728 3.30511531941553 1.11394374814242
0.695685452924034 0.23979595695753 3.00077150588836 3.22673864442993 0.748035728376661
0.178744362287769 0.859962204654261 2.25600312508412 3.10895305211255 1.81380285382488
0.0985384614904585 0.875719279108496 1.78118634385071 2.59612154688705 1.63658214356372
0.0944311012393238 0.798917543469589 1.8711106314275 2.56739260924566 1.38389183796253
0.210760094075958 0.663920275859196 2.52041928144897 3.03693992472108 1.6896618544611
0.136205633361034 0.56722255257209 2.03297774505399 2.65228772050093 1.18246840577021
0.167272912514861 0.904856215773052 2.15373593985288 3.1019108594104 2.03064346350677
0.198351161384065 0.60827309381993 2.52144469113348 3.23651180952747 1.39427908292769
0.410216912960395 0.455986022187928 1.76466076610196 2.23380087335496 0.71486965646974
0.101883167492727 0.898787689735784 1.7824038240583 2.76774040742854 1.54196089332713
0.107489465485877 0.685900689671386 1.8622425870563 2.46743498035726 1.26043673752869
0.119002030411565 0.95830569933525 1.53954608126616 2.46994365100013 1.39463787453825
1.9131610300191 0.518862035907331 3.18455142860304 3.5634091128382 1.6778745431811
0.164072029907242 0.528625626192124 2.3822377850624 3.00321719028013 1.26714911572968
0.122569073258477 0.708576569645965 1.69718184889238 2.48349629735816 1.33991396094327
0.114292310938687 0.675339212158537 1.82441218005388 2.31942334982526 1.27636771301901
0.208429977991334 0.452820970789973 2.45525349497082 2.99747340237416 0.910152263515127
0.107785230690322 0.932113604502013 1.65642095662451 2.64469688830223 1.44060481038209
0.47782384271879 0.956002955403113 2.40987242009473 3.16200679185382 2.10101106428004
0.107941586028555 0.699036780707224 2.13513042387041 2.80032385732031 1.3578347957877
2.46953119885401 0.455070941920593 1.35183972982987 1.74387148362559 0.593698460262175
0.117751253893242 0.84456855012879 2.07423882673709 2.85115623997282 1.91600949260906
0.233264203209076 0.968646441247633 2.16214743057297 3.05292758358909 2.05540877447776
0.0982841955571911 0.727214031981498 1.99657716850711 2.73401141201858 1.4416884063527
0.426391262513212 0.888650548936189 1.0545214570629 1.89200449630715 0.795578347592304
0.176439340523959 0.731955799889409 1.4874786710341 2.2057554283981 1.05856421755597
0.365672856595461 0.345257128886669 2.20464263704137 2.74158743971971 0.86968117307321
0.116401338689316 0.953861900871453 1.56167586842855 2.3763130348968 1.41483824442977
0.162572017283324 0.620404497536234 2.42519304855172 3.15744036717358 1.49667167910591
0.166100362410588 0.657123357654171 2.42564200056026 3.16894512920446 1.61307967485403
0.100894360545893 0.863197419514288 1.67042090573498 2.52419970771173 1.54074600911692
0.145742016384283 0.92128086151404 1.38019918373794 2.27473027843311 1.22907633350712
0.136698895213905 0.908802130009473 1.41777180074711 2.05514919139325 1.3554010993949
0.116624673607612 0.901363192016816 1.95693227318595 2.81411340382599 1.56643390175805
0.108835075997831 0.649842647902709 2.01296879144873 2.50927239163702 1.30448199969459
0.366538974007472 0.568458937217695 1.54412172462694 2.27786140052761 0.929814790443112
0.146641491783045 0.554676552936678 1.99777962489724 2.46640775609422 1.16557640597358
0.188388914836466 0.803004421347213 1.3702660723818 2.05855922830494 1.07998233034324
0.106054971082196 0.926238384948087 1.69323029445583 2.69876566315957 1.56477702365073
0.15146702030576 0.75594751490604 1.51306160793257 2.18496776079572 1.05628630420727
0.104446810915361 0.740311068638195 1.76174602875218 2.24990361228393 1.30986997196176
0.132419539531172 0.704685946277318 2.28782383345634 3.04520367968256 1.62517023237697
0.225841880874031 0.459234169004739 2.02956167342184 2.48350018584467 1.06347248122335
0.164400370744008 0.545682616875394 2.40683546774035 3.0889625499139 1.4458417263961
0.402417948085053 0.292440147390129 2.57489759331124 2.93631071470385 0.6880919097208
0.33585646299469 0.978537008460416 2.26576215641904 3.30028828974064 2.27577860876812
0.190165555608839 0.709419261453977 2.45016348512828 3.05367793571709 1.77831548649586
0.43170893708944 0.776245324078647 2.63846525849427 3.30637390844599 1.94261896534978
0.197636483277313 0.842834875096317 1.31163355118195 2.12488711942211 1.10809048864289
0.127356092454497 0.918032635487105 1.45790723111654 2.45110720718321 1.39733699124086
0.451635505772192 0.899665891035896 2.48794555252692 3.51752116403881 2.2300457312826
0.114917430139797 0.765276972417346 1.64303079660754 2.33753673642033 1.31462555401759
0.104746753837288 0.827020900255981 2.0107640118999 3.05937664016243 1.64974754511809
0.405475227134615 0.509716959881751 2.81316432602302 3.33185347629578 1.49963456441329
0.293265337264821 0.391351926380251 2.63423997534388 3.12723574294123 1.07311760257255
0.371874733528834 0.624931500860656 2.72985084358965 3.33877183142625 1.71652030014711
0.36585505621954 0.42017799360808 2.78494873284515 3.17902689635991 0.967518893305759
0.211318681365881 0.7264331471803 1.43300202258641 2.07428630655529 1.14291357937858
0.110754137456885 0.913751186313231 1.57319400823378 2.58581824446191 1.27680085270817
0.203691144853312 0.980534046526774 2.08281071998645 3.21190414880606 1.91908982994787
0.128288625830604 0.993041203310991 1.51717394218097 2.45453920483945 1.62393187319208
17.116084337017 0.575426205010346 3.50571762863812 4.08568088133141 1.99764891147771
0.1428263655321 0.565882124511316 2.30586416178701 2.76079808886327 1.49626907972703
0.50094160473683 0.289272479658137 2.85814410108617 3.19284831043119 0.796319181481811
0.10448645484287 0.916892897178564 1.74685953442129 2.60457610673913 1.6309436960104
0.171158207981918 0.654446969296855 1.63239079610557 2.28445759646412 1.11863779697877
0.0945809467513538 0.808820198854675 1.86650795737817 2.6293990127557 1.59915204156665
0.333842622078878 0.796240858814412 1.21054227560521 1.88767038375778 0.954609594733406
0.121285759103766 0.753971439129253 2.20243569259821 2.98178178043398 1.62037365761801
0.134579157962729 0.900133278482927 1.42943926322782 2.36728374722536 1.19322593970975
0.263957723468887 0.907390963102207 2.31879015604948 3.11167389164196 1.85813381166891
0.149505472913887 0.557376319280532 2.33917538877776 2.9988779702448 1.1119288467647
0.111771665518082 0.931948916291256 1.58086385203119 2.66856295466079 1.57588926422601
0.179368156212621 0.777961480074251 1.41787149617817 2.23101731203411 1.02459255380084
0.455805380082694 0.323188368678601 2.16168220342136 2.72914938214804 0.859621870194975
0.134097184037831 0.610467869297829 2.29877554793941 2.8587896368461 1.54330028181612
0.132614339632192 0.629064195392601 1.82733135306348 2.53815094283559 1.14044731514415
0.0979539843218299 0.743570814719615 2.00330809692954 2.73174757135032 1.45200478961023
0.22175715089868 0.434949981571402 2.16967484056664 2.469857346871 0.87295892651061
0.170720177586548 0.490320711868093 2.17984787475134 2.63692524637304 1.06511648285044
0.192601326886432 0.590262183117338 1.71897618833699 2.22745750472517 0.958678671504987
0.102562072069554 0.74554506878688 2.07307244682063 2.78672387188238 1.47860262756011
0.279743429287081 0.648157718141018 1.47296607785592 2.10505317794627 1.10455097489442
0.108273525317997 0.881952770041292 1.93598618557508 2.82538091604385 1.70432737391814
0.418255261246146 0.906936592505988 1.04337499484659 1.90988009976305 0.949029078196715
0.435059162775716 0.935150306086053 2.42046364497899 3.35311109491657 2.40020096908286
1.23925415007501 0.648123032632856 1.14023349750894 1.82953126490744 0.890961488747609
0.658377184595639 0.245755701240068 2.97521436437259 3.20031497466093 0.733073200149202
0.251814417434012 0.76952338891165 2.49121617596153 3.35051405333456 1.95584612485428
0.128036224083457 0.967584143341738 1.47324801983398 2.45868604581231 1.2850922557786
0.109910422922552 0.93423982437516 1.61335187698875 2.49080303933298 1.70038800709652
0.334276739027874 0.821947582037299 2.51464817464263 3.18004863469334 2.40185406581536
1.08385932687975 0.879972872842493 2.72559770146081 3.63168491715217 2.30929185997985
0.113514735094998 0.628719068551667 2.08357400081422 2.81110879686539 1.45144473626593
0.170374091695381 0.831743835664359 2.27762432205625 3.06229738917975 1.92918198931296
0.125140118439232 0.983010936263351 1.75941955825306 2.68483740613038 1.84846353855627
0.520838682219443 0.421086351934524 1.77832399551311 2.47492883526182 0.775735590697558
4.99203327498453 0.332071999200413 1.48185396206641 1.76893330614113 0.494149117239059
0.604092062147091 0.506554743825394 2.93100340030924 3.4774665546985 1.45778271917078
0.116155742936787 0.694550321793304 2.20395786840426 2.80275181640899 1.50829269946069
0.16614865736867 0.744502260046298 2.36685053028691 3.06691830901449 1.7997797904317
0.0963324024037288 0.753064412656612 1.86140369448882 2.62031980978992 1.4790516165834
0.168144401519045 0.932808312659416 2.10198265644796 3.03040852981998 2.02485862473397
0.0963786563450521 0.767032670773585 1.96806964926138 2.93158681942506 1.52930639499439
0.179162137870063 0.616211376071414 1.692030423706 2.37638531742469 1.07703843069143
0.110766980918105 0.709945551513185 2.16103190260972 2.90861752149934 1.66213173722337
0.110648811189404 0.716644420161153 2.15855903213818 2.93992267651806 1.62032585477252
0.288777032597515 0.66396340869863 2.62750600707577 3.16948386680114 1.67932342136505
0.709784638720489 0.926205299758822 0.909265526682627 1.83139211239845 0.96096452596089
0.185697102516548 0.788815718123419 1.39208025143851 2.17223795843613 1.23034722618793
0.12372525587646 0.66595972977576 1.78253379372644 2.52726212721967 1.14489324549006
0.129020134971159 0.987267907679925 1.4948088154041 2.40237508487702 1.46652543871856
0.0955223780399603 0.831030449935991 1.78293766387676 2.69652236648843 1.50948147243846
0.10627336326462 0.68964458986898 1.86610692241865 2.53187502652287 1.34519899559923
0.228843000055596 0.804519616293422 2.42014439203663 3.27336108646946 1.94881178404463
0.111065716778448 0.771451818310366 2.12725632353612 2.60302057245058 1.48749632810729
0.713920463636801 0.248131695528546 3.02199424612777 3.26235574727775 0.767558502044641
0.0987889532931039 0.878357248060243 1.75876190122021 2.6631403636247 1.57651177204768
0.12082898299738 0.609340659736406 2.00091811589481 2.64831766410852 1.12487723360705
0.0979131741151571 0.836227428497875 1.91005090151294 2.76077416065174 1.64106915991797
0.304620256113746 0.483006432906011 2.71493378395167 3.0555850420019 1.35632649684855
0.107048326237789 0.73375645147879 2.12258065335201 2.9268107241839 1.66816813058778
0.159296136461216 0.507391039397733 2.23128501651167 2.76872366115987 0.964403842889307
0.268796439930207 0.754277207170881 1.32124962450031 2.06685038379193 1.05957250845125
0.118443042769437 0.663692714146251 1.82316851198587 2.63098078817804 1.13932104060528
0.137969700423306 0.552725010023403 2.1853572861613 2.73609124203421 1.28385237809508
0.612952669958284 0.92056596453411 2.53362990003784 3.45595587336447 2.30244812252003
0.171374236301365 0.486607516141459 2.23716351280283 2.79665029081494 1.11553741314645
0.13174605192148 0.967802988049084 1.44884823742245 2.29629746840889 1.50100944970256
0.480522991198168 0.450598295051276 2.88569158161063 3.33540657237445 1.17442209763459
0.225181071175288 0.518699946564011 2.58282681837098 3.23858112624476 1.35357583330292
0.213659541234412 0.924974355430222 2.21495399579212 3.27226885260336 2.15549919864128
0.137211669918954 0.574516183401338 1.98474704378951 2.5812603844127 0.990721074193564
0.0964119473041713 0.851538204364337 1.77865764917124 2.4824428057076 1.55902346178991
0.183332837914799 0.514196537966155 1.96421858304308 2.70565152292883 1.11236944771063
0.115376242344265 0.734346305189394 1.68993242248749 2.38030919879852 1.25595465792736
1.98182898908066 0.384356277615504 1.5378195909937 1.86196416795743 0.530290083318463
0.130092869826766 0.955985564737219 1.45096794095685 2.37762606476765 1.52614638807134
0.176037862175839 0.479349963311533 2.24294430337341 2.71519819365368 0.865404119852044
0.316098871874468 0.985535718923118 2.23248447974651 3.3139750570648 2.2064050716265
0.0995083683137986 0.714329645238815 2.0102221129229 2.73145214190311 1.47221757511921
0.106669599087692 0.924177822059781 1.77065085230217 2.55530394867749 1.67508568029639
0.13947511286594 0.818526868769444 1.47237421943515 2.30044208712506 1.20769935856729
0.141723326167861 0.940265694719136 1.99797991028775 2.8715797312166 1.81316776145818
0.0964092877485112 0.772441003969739 1.81254409805329 2.66258143685197 1.4473927990554
0.146931157163591 0.7783586476735 1.49590584035957 2.3276357000516 1.06160456795992
0.10739269964073 0.679664052632894 2.11711801383992 2.71417119722904 1.5216616084008
0.199708312394021 0.823065892584609 1.32825348943146 2.28039624819104 0.82434586589416
0.14018134207884 0.659625068744137 2.33736414660765 3.15697543813855 1.56654069665795
0.145360344950297 0.671846771206771 1.67333888438833 2.35126396279783 1.02243057620895
0.0981839041083843 0.748734364449225 1.82669127752509 2.58180798418733 1.37668349471182
0.185065904802512 0.602457188444253 1.70846831997727 2.37470276486616 1.19068153284653
0.123297470863711 0.861058077625639 2.07614878131668 2.9627647909141 1.80107255162328
0.164308943729444 0.566970907985167 1.86169555440007 2.46720133097785 1.11420319362311
0.527567180994878 0.728940298378561 2.73840546616037 3.50283285600287 1.95145103832163
0.0944574780302344 0.807612848376069 1.84977994675459 2.64046448805165 1.46132624491139
0.191241549886607 0.610401814894797 2.50495127755391 3.0480971475706 1.50161796517635
0.0946900883178358 0.782837134605274 1.8517608119798 2.69688898672636 1.48814303354424
0.270723731731727 0.925478974017234 2.29605248012322 3.09124159461052 2.07678110761634
0.219239839400129 0.440677122058639 2.14715637366114 2.62340154722693 1.0937325772118
0.132700059134592 0.669593460773869 2.30218704820088 2.99333824271924 1.48350619288358
0.257936200470543 0.577866728065545 1.63386793355886 2.22935259816079 0.941462011048891
0.101315137810252 0.89826736689664 1.73600298465349 2.50916387006487 1.48751835269756
0.106492210603795 0.865946499443601 1.60565588041616 2.56939648456623 1.51312138264295
0.105710681922201 0.681515086691469 2.0931904881275 2.6926412544668 1.37266900425943
0.262088015788033 0.46214090759442 2.63900141595945 3.03541871015635 1.28013650923537
0.113574113779202 0.760562479765496 2.15330767344608 2.99098510668846 1.66615765771955
0.227401479135295 0.459875467007507 2.54878334145896 3.25085933933893 1.3265158565006
0.116602224259885 0.686190624146924 2.2077807018097 2.73038595406652 1.5432496420619
0.110607469685518 0.918637645804874 1.57869127160819 2.67384761271884 1.46748957551729
0.102726091825325 0.892435276364333 1.66150901551586 2.611840393759 1.49938391657961
0.10514670658673 0.804538625926749 1.65966654894399 2.44104454393822 1.3184951683863
0.229480166536426 0.864398146113884 2.34031976948329 3.28497074191944 2.07807854760474
0.105122234488151 0.758290905190165 2.09180191961396 2.87651007321039 1.42142870393049
0.199480751904 0.559949862438828 2.5294682976076 3.00958184249191 1.39634443529681
0.157184552436887 0.715630551013651 2.36679368209659 3.10344497721266 1.73474379486615
91.2725754993533 0.218537895755508 1.30664451312173 1.70360311883288 0.238664594194848
0.169861189820228 0.702590299561492 2.40986203232413 3.13845255286614 1.80328016773811
0.102477200715609 0.749618587299315 2.07035224638319 2.97734444026767 1.37686722306099
0.094460702588176 0.79859715783874 1.84220564527477 2.61118261642595 1.36895101091326
0.2280905934932 0.940484058970276 1.19080167942011 2.13774179244874 1.18891849632746
0.152093393116864 0.648963766196866 2.38500408338193 2.80747689242163 1.51637738995079
0.213700150989999 0.57523800049967 1.71001284812215 2.32521736346079 1.0265099687536
0.204628462100045 0.990024087392847 2.06280850680807 3.16271862216198 2.05135730968668
0.603269975021553 0.302229092862118 2.97130469811153 3.15698412632255 1.04844431045246
0.127786804869269 0.991206945047763 1.5175285600134 2.59492041729113 1.45638699328896
0.812609030640713 0.339580457126776 3.08091146185734 3.36466100655155 1.17414164315139
0.186765177887067 0.889602765196325 1.29183594114311 2.10735708243066 0.98909614805704
0.311700497744406 0.344944592068811 2.47218496559511 2.58911673331342 0.886761135898773
0.147319108849823 0.551144225665414 2.31141627703608 2.8561446653166 1.27184938966405
1.66172227826489 0.929019796930992 0.747088479451109 1.73277155052995 0.696515934557607
0.0975877742537854 0.800009999756712 1.74994474042301 2.44801503605878 1.36643223226602
0.128826731683008 0.983107276308204 1.48846597599141 2.26191848987049 1.45603392357699
0.149143378039442 0.950140621319167 1.36341764678932 2.39313609450783 1.22806317252931
0.962765581938816 0.845796321530274 0.92685907560226 1.77955360888368 0.848860323313669
0.247924024694135 0.971609220116966 2.17831830294342 3.27739436448638 2.10229785360587
0.0991814710037309 0.825428075716399 1.95124532726655 2.72546961586809 1.63420641451495
0.10700215779368 0.895843484089197 1.60308733568861 2.36532587396626 1.51999352299574
0.130733595500078 0.591966611623795 1.96592747582465 2.47309019838132 1.15899457795542
