0.00986869483978011 0.944014292959078 2.1168745022819 3.17337012327289 2.00012494090583
0.0138979816800109 0.991655736663426 2.04166771178341 3.02559726655476 1.88197988991032
0.00775661040967199 0.938279014370359 2.02749639619501 3.00352785160043 2.05979236229162
0.0192716514980332 0.836353292329317 2.27068184407921 2.92555743630425 1.84250234044204
0.011621758537707 0.992938937325003 1.91370941668717 2.99954576118965 1.81376310797444
0.014345067272764 0.961181954274014 1.89125216333386 2.93499973758725 1.88491096225398
0.0167575898185764 0.862277726919453 2.07419467483909 3.04592566071271 1.84794856648042
0.0245249485049356 0.977671954597962 1.82600871539977 2.7981922379416 1.7797062584508
0.0114313180809421 0.987734467680277 1.91165206167581 2.67559255726767 1.97424712805674
0.0219640155083926 0.889010593939009 2.27662997097797 3.11221411416074 1.88908565657687
0.00826740924060004 0.948490283269672 1.99183785801181 3.0023605636796 2.02290994064879
0.0119409182830398 0.990444983095909 1.90410801777452 3.09400850258245 1.89224880832689
0.0116277313797626 0.874174738799961 2.20663246034754 3.14130762633504 1.78969352022736
0.108469049061952 0.775471242272425 2.1759083674802 2.97397691830005 1.61676998779574
0.0113260708885106 0.887923885233749 2.20308723505536 3.09195037736315 2.04819379655207
0.0105415893149022 0.990816907098179 1.97055038515416 2.85756416126592 1.83991387501528
0.0769321768665414 0.765280600749859 2.35079745082239 3.33800947125068 1.66627349184215
0.0203308262263923 0.862062431422201 2.05232706284412 3.00488696906785 1.81282390645124
0.101787390716111 0.79695055506578 2.1084271424072 2.80427494754812 1.55582426018631
0.00933581783850797 0.885849058588902 2.1482077217692 2.89160080574916 1.88772324662314
0.0167139027177752 0.849807996223767 2.11798183294253 3.21408792921045 1.59790627368967
0.0085489964981998 0.916158949389537 2.13090207181783 3.13586467240848 1.96816775235328
0.00938700932497756 0.9321946766417 2.12977640827997 3.01224651168681 2.01895063079163
0.0163107798527415 0.918947833245892 1.94153916435673 2.83268651359015 1.86742150862682
0.0166096862611282 0.95543940521551 2.1552075624593 3.13283883924151 2.13423483760777
0.0117401551632301 0.995096093156407 1.91486367030847 2.87136083908341 1.93826867092234
0.00892310013949168 0.973352167233451 1.98087310620401 2.98400777417229 1.96142331196699
0.00980356923172552 0.98418568177304 1.97784793290033 2.9262120073934 1.99922089343621
0.0537048008246842 0.893496277969796 2.33322026182468 3.24174029501589 2.10836879623962
0.0137696378679631 0.853761508860981 2.22177034771707 3.04655654786484 1.90103099280962
0.0228353004154252 0.871432032737712 2.29396986590131 3.22303086932175 1.98140212034691
0.0415712070844589 0.909129151710736 2.29837377758727 3.25681198366191 2.02613025654037
0.00763478425463466 0.932034746768156 2.06432547370698 3.21683597230117 1.77027301663575
0.00978574306280916 0.928737946230697 2.14211322408462 2.91794194749245 2.04449596774216
0.00786212266932615 0.915146471290019 2.09407483542076 2.94823084897864 1.8884501119818
0.00860870516449973 0.964552301514278 1.97768504288338 3.06628998353595 1.91074403313573
0.00822533740223913 0.934608529264266 2.00910152701218 2.77565307013751 1.99852948217143
0.0158301699829677 0.887942222114145 2.01038995538988 2.87308548540231 1.68828591763887
0.0144110514197797 0.929406080105444 2.1886972957238 3.07081651424395 2.02632180039029
0.029611370627801 0.821992608515625 2.14096641322618 3.01189250295277 1.75374922595245
0.00805542980644044 0.921661819350226 2.10770386781579 2.95764814240472 2.27363522057372
0.00799390111506568 0.951793312382897 2.04412628853715 3.02834967542435 2.07030018336927
0.0127130985026301 0.990971776316444 2.02932993072275 2.98285164743261 1.88132439345778
0.0299299065686297 0.814803113705666 2.31667782147373 3.07839991271216 1.93779207935192
0.00888423065165926 0.939549734387293 1.98353459619401 2.76501608049738 1.78523107111601
0.0161950425813218 0.840506110643805 2.23425073637184 3.13379891823067 1.83133267269001
0.00823190149320272 0.915566109475609 2.11985616230375 3.07449789041477 2.13478317309605
0.353159238334063 0.714118592146144 2.37715918563615 3.11142928278186 1.77479573020413
0.0207525368798328 0.951958829226599 1.86864494403182 2.81974972755378 1.81294231587448
0.0084072986121679 0.907148051889153 2.12937821749044 3.16043947596581 1.88246096338984
0.0213084365805346 0.830662382136713 2.15633164726669 3.01991782406955 1.74320546875577
0.0322470021505419 0.802645558342049 2.29832340186388 3.05766347191069 1.81061320548795
0.0143777447434298 0.891605769452073 2.01201659599041 2.75301831200618 2.03548759475445
0.00907129430053391 0.972228851943219 2.01802171502015 2.96873049008251 2.10833070524724
0.00955898178080549 0.883657044512823 2.114886171961 2.99993544794688 2.01130064772696
0.0317649049222594 0.993290278822767 2.12128798548904 3.20900789991544 1.98449714175669
0.522800021039965 0.704588206962718 2.43491279833979 2.99433795030801 1.56362353140146
0.0144020487704732 0.867725357858166 2.243384817293 3.0469696437091 1.86419811013151
0.00800581507750076 0.916275179610138 2.05756559198641 3.05726592841554 2.03716406927492
0.332196806524433 0.770022704507616 2.50815509549245 3.22876369888846 2.02964904103113
0.00865025875314805 0.896226913212274 2.13028981976358 3.05987922847564 1.79773348136745
0.0272660830228562 0.813337617816704 2.29465991632808 3.21411516282713 1.81635813747894
0.0173319349330801 0.993742385427446 2.06405803089316 3.08412018740682 1.95785026876563
0.0589138552892955 0.823984775336833 2.06845043439466 2.86395275463367 1.80198652177106
0.00863350077965575 0.953508916078453 2.06856438317584 3.02386944547564 1.93529874589965
0.0654656688736817 0.782620925203933 2.20308177527356 3.01449330834693 1.81622792142837
2.1560534481046 0.693338412454854 2.24905785532124 2.82813339895884 1.51763436674311
0.164890579145007 0.737285586675618 2.34456148485364 3.10796347017585 1.75113857356016
0.0176803318216544 0.840015394595806 2.1500332307177 2.98798964182988 1.87868919751566
0.0111139430223754 0.978572414357591 2.04812003294833 3.08670533818553 2.01425839215707
0.0190200318768301 0.986448002831589 1.84164006493388 2.88099241163654 1.63960710602068
0.0130127121000037 0.892462093671496 2.02180815725442 2.889555006425 1.95855464956848
0.0249796321903095 0.917261887932198 1.90996801356403 2.94713541933743 1.91427309088232
0.0114145909901297 0.879893698643163 2.20502488669228 3.15814232884006 1.99933995206059
0.0300210706942855 0.804395048425953 2.28046754010247 2.99586071021108 1.65497915654148
0.00765481149041076 0.927702123033202 2.05655221596615 2.94013909854786 1.64875943748154
0.00836029444954886 0.938306466106047 2.09479819216922 3.13294544700287 2.07090831910804
0.0649473583788877 0.9845483774547 1.75379475377247 2.74489029422758 1.91353408441596
0.0392811828923427 0.929202336947945 1.85881734784132 2.79029743815595 1.64219685093697
0.0146773579944713 0.86304259955088 2.2454581326413 3.01166342546959 1.88275053146032
0.0153689247166104 0.897671286604102 1.99071693872527 2.98556785501198 1.73442679982378
0.0100397301534246 0.877713246250712 2.12672217386346 2.9370448701009 1.77040992381291
0.0187276174102965 0.86030094378581 2.27851624970905 3.27443091662058 1.85093717949334
0.0117499194585945 0.861878838859422 2.17858455304069 3.06522972112651 1.92748053812949
0.0146233192308653 0.922671973690374 1.94510961382511 2.71459376113045 1.67751318003996
0.0077451752273237 0.933340487578267 2.07546797809368 3.03212750016396 1.94522917847584
0.0178583214359365 0.832218317130867 2.2293628940825 3.09613612301791 1.793800945279
0.0193236132353983 0.910891714223721 1.94204389651073 2.88075992110305 1.90025206562739
0.013260901642258 0.975069814716535 1.88857758076846 2.81745359822152 1.76548792548873
0.00863552291072281 0.895111686246884 2.11930594161964 2.99285292042466 1.75170088541379
0.00770102713789368 0.932283852917627 2.07325456220091 3.01776377924606 1.97550247457423
0.0357268917175248 0.934955478979936 2.25047082616771 3.38105354621034 2.06921009645447
0.0125590889370303 0.99952211032966 1.90409771181339 3.00318203533744 1.94443094690205
0.011061987450932 0.967697915327756 1.91838129576057 2.80561837541155 1.81305264721017
0.00793480840596548 0.916067513811003 2.06325596127712 2.99613214484068 1.84153945051056
0.0140687366612886 0.847808569009822 2.20019899254213 2.93805537733595 1.97456208947128
0.0174776979744988 0.873976875425741 2.03551434560931 2.80866892663683 1.71581441157756
0.00933799716383066 0.894969855856398 2.16144581540852 2.9303474861121 2.02350583867043
0.736856978958173 0.694212645757537 2.39235370729182 3.19497626482088 1.74511308266042
0.0120860137682078 0.903135425345427 2.00568215440032 2.89419145348458 1.7681582785373
0.0194274650183058 0.975128218820597 2.12578134015004 3.11240172499419 2.02539699352658
0.0385850774562553 0.796757730312643 2.21867266215861 2.96874385549514 1.63477527494375
0.0113861956330872 0.944631913708199 2.13603272893448 2.97617001236771 2.00785473848113
0.0150310298068203 0.866511171416779 2.07567243799286 2.91681175323431 1.90182597701279
0.0229784889862469 0.826108728824808 2.16359454878034 2.97868730210867 1.65470394424143
0.0106544277005377 0.960779397050342 1.92908130165843 2.9405046001305 2.02735927953822
0.00961145703494345 0.888393413985431 2.16654834931425 2.98063596332701 1.82776970715325
0.0162400490171172 0.946474084830005 2.17071322665245 3.22006432557871 1.95920865772559
0.133307080468064 0.843835055341632 1.96739359901278 2.89596041372116 1.59105572181126
0.273515567036303 0.763530576246949 2.14378297063324 2.79593870182038 1.65201901401103
0.00812240894247805 0.906954866097192 2.08701967199834 3.19777068545164 1.88947016322682
0.0113085448270443 0.961257153484922 2.09930216014686 2.93014485481193 1.89591795039935
0.0262055697644489 0.992691177267169 1.80868800968765 2.57051729696757 1.80413525259878
0.0202528305020466 0.886477530270908 2.2719367481453 3.18792487706907 1.83794289215328
0.0135008941294566 0.883348809405391 2.23097277935059 3.1165195178755 2.13341567041353
0.0103647582896711 0.890214147273575 2.06348864369536 3.02413787797403 1.79001173700121
0.0234408170002712 0.831791693322283 2.29907157418134 3.08398221094997 1.94839353092739
0.0132956764503544 0.88474365928218 2.03905200197406 2.69711317978018 1.89830510753922
0.0443670563943693 0.785607331793058 2.28478488611808 3.0465227402763 1.85277663070429
0.00859152071048941 0.955570553331175 1.97624744202983 2.83486498674701 1.97302907898841
0.00808067852331867 0.919102961553208 2.04557649115208 2.97853913803893 1.78944355732361
0.0143415884527664 0.890204454026202 2.01572112371731 2.90847824467039 2.02377039747744
0.062255630119456 0.794246682042211 2.16027213133361 2.94496704118957 1.62731074323974
0.0163216399473659 0.885894004949081 2.01218483203786 2.74996047309837 1.67920675056072
0.011059612786933 0.870255925043519 2.12661643841421 3.12966174545325 1.85500063176252
0.0194419514120747 0.830477249517178 2.17949310756572 2.91827671320585 1.86113298380874
0.0160273273804362 0.89898496795497 1.9835846752964 2.85894123170328 1.91086141259845
0.00900285087129052 0.905637556840458 2.04931257024222 2.95744615200838 1.68332628827184
0.00960077348607072 0.959339290603461 2.07727236719197 3.03026972733397 2.03270972815337
0.010106728703653 0.882161952717742 2.09892668250629 3.25575670718125 1.87259734116328
0.0115768240369328 0.885590643198555 2.20738427119157 3.23656016015618 1.79957853112638
0.0110096467117831 0.978530807468024 1.91586984071789 2.8316386857494 1.89831882992173
0.0376982661224458 0.881569184539582 1.95395546908063 2.69547596345006 1.67412386406661
0.0315087229992449 0.974464477733214 1.81038293746037 2.78703487865296 1.76169521338229
0.0100215624902435 0.915465848057944 2.00504553176793 2.81398429350096 1.77186615018499
1.03205342932417 0.875147881697488 2.48557718406171 3.33497633028311 2.07503710645987
0.0157361830893097 0.856638141414693 2.25422131198283 3.20869727549342 1.95546841161757
0.00807993499251079 0.936163645477746 2.08874670784587 2.98751498229029 1.97842537155054
0.00846730340446254 0.909988168085673 2.13172441732942 3.11127496910541 1.9246378932566
0.0145832823311338 0.936834262185207 1.92160570436798 2.9265298588072 1.82976338773327
0.0390984089652707 0.802189682649964 2.18613885499591 3.00401818752626 1.6277472109359
0.00990437737205171 0.985347821614404 1.97066913632086 3.00330003794529 1.99334658526247
0.0551643339580264 0.833881080969949 2.38264149584969 3.24606670136941 1.91005778411659
0.0101710530668292 0.891165905788813 2.0644650544139 3.05855559585246 1.78080308944326
0.00771064106445199 0.944122050689457 2.03885717204216 2.75911915578246 1.85595732480145
0.0143537146040626 0.956490607492797 1.89639850018691 2.85313473791059 1.6908696392485
0.0116635702367926 0.999427856355488 1.94860230170741 2.78776433791221 2.05641185067809
0.0125673012524644 0.953834765098803 2.12952873084879 3.0869707959419 2.16874117754557
0.00973120308086669 0.946432462592196 2.10969614594525 2.96860771573564 2.26732446060595
0.00826080035328413 0.95435403764793 2.05162586991072 3.10433909694619 2.08665202393978
0.0103361386704226 0.901371866032263 2.18116189502237 3.11241792375195 1.85695737536182
0.0358822494280018 0.795065756248572 2.27695379073393 3.0574213204161 1.87800794627642
0.0120438838272523 0.893213625512035 2.03015895793346 3.04520452218337 1.75284960355699
0.0198269265621693 0.99805199249606 1.8323242730909 2.92544726566673 1.71832966229998
0.0108119499536728 0.90997986574988 2.00540074850045 2.9831288355746 1.65075925442258
0.0199672268653654 0.827102266691939 2.25318884002614 3.12282112635099 1.92062102857541
0.00854531560341284 0.928179682265739 2.11702644594482 3.16818195595934 2.15494822249737
0.0371900211512856 0.816184958131747 2.13485589956492 2.95377637576897 1.68664735217811
0.0126608612405603 0.890611110704184 2.03005233365991 2.87439927462417 1.81502554867291
0.0125517181410131 0.890385931433792 2.03179700992432 2.88511309861212 1.82663132800848
0.00776544702165615 0.946761955476394 2.02826817050489 2.97001436025822 1.84204608943144
0.00894941984973666 0.961476548485052 2.05516790605835 3.11939601610309 2.07190199934284
0.00990729840552414 0.907922954288236 2.16890837009737 3.11960139797874 1.85291904114469
0.0149000963448793 0.878703118771371 2.24566122484216 3.28673042131608 1.84640765627625
0.0707136766533459 0.976853245774355 2.21124310352975 3.10657421378447 2.17528447509064
0.00857331356953158 0.896964098239924 2.10287090729416 2.97914831138713 1.68973525666868
0.00818232986298443 0.927132702410561 2.10688024719576 3.09092012643368 1.9238630912796
0.0767479337838179 0.907484986801274 1.85969993796874 2.72426956923778 1.79902985160738
0.0159656491445427 0.890831608118552 2.24544387863333 3.20114325904595 2.06869732627588
0.00861764424694894 0.96120364798202 1.9748964638773 2.71211087963039 1.92346664347579
0.0132125997398541 0.982145597034161 2.06469022130334 2.94120595521942 2.03395855694134
0.0152926344286435 0.944711790857298 1.90531660644481 2.8678704464601 1.91665274538601
0.0107925412413983 0.964465500518564 1.92431037633003 2.99953803046139 1.98480061841314
0.10358828449326 0.769945658114726 2.41712879481425 3.28474022640465 1.80891401854043
0.0087329934837841 0.944790530946069 2.09229860509326 3.02792748019767 1.93810119785061
0.0182973915103927 0.860038516202922 2.07010706038409 2.82959965421643 1.84193894972325
0.0076929819532181 0.941340005516891 2.03349525796401 3.04413362128275 1.97499343088552
0.011917283626903 0.939262488882187 2.15160007594652 3.04782895177812 2.04823696340809
0.0177424912496938 0.97307974349914 1.85837431265945 2.88230579633154 1.91408079752889
0.0157238415410282 0.8674235718265 2.06666164824769 2.82782915053918 1.83581831924289
0.00927659815731833 0.970658133411852 1.95460724476908 2.95167157679378 1.91524433425268
0.0980774219590782 0.907992280734319 1.84628539513689 2.59143693591333 1.64531098530208
0.00975378708873389 0.881765128919138 2.11555069715216 2.97095041562945 1.9196446088729
8.16784753612029 0.672569480635066 2.64037690653669 3.31873867446487 1.96817468921177
0.0374728216796457 0.83638184575557 2.35158864226154 3.3224452406302 2.03129695720459
0.0123818525187284 0.881102335256865 2.05958073553644 2.99566199413087 1.54020547805315
0.00839361740071104 0.932707900893419 2.10570646600128 3.09345645847691 2.02006525761269
0.0195521176657133 0.95966986170082 1.86378428642646 2.84875132548741 1.7997253300671
0.0273110138671873 0.812619072080927 2.29264201599988 3.16732880590512 1.88568651820631
0.037133348514159 0.794404734095048 2.29663030466109 3.16266900713076 1.78990005179458
0.0203116752670991 0.845785516358074 2.28738069991707 3.14647460383802 1.88281891212264
0.0419108356030694 0.965695670736784 2.20372704205076 3.12254571892162 1.94626386628586
0.218677984647372 0.910142509711681 1.80548743690282 2.80699464412381 1.76476953521449
0.0130115020673188 0.867918326206501 2.22629775713537 3.02610174530229 1.7919955935682
0.0144001334273992 0.863690333953955 2.09162968031024 2.93141426218222 1.7968957274381
0.0271617060444908 0.911199044284227 1.91526553248401 2.78969237904443 1.8830449233765
0.0114914469688347 0.873202273165274 2.20313831235113 3.04136176641944 1.97036163375115
0.0265850238522869 0.858392276098033 2.31462132050755 3.12208973235123 1.82113218785737
0.0113144177514942 0.918644849243927 1.98131642985331 2.87447765450796 1.94485039311107
0.00885730538245399 0.894010231609262 2.09713291911657 2.87925104787382 1.9310443506769
0.0618578644815807 0.771945774500187 2.3118454262505 2.9961145034523 1.70998036530349
0.0134673789442234 0.98393450285291 1.88269571916967 2.65510820182532 1.92015586925608
0.0209070755066652 0.8238085906328 2.20552629756019 3.10512261167636 1.76460051660007
0.00988416182843447 0.879646632269759 2.12221140286948 2.98617780899646 1.91118182832688
0.0155184911423392 0.841769423127497 2.22030026233457 3.11850427643539 1.8786658040469
0.00828604467129164 0.945233569491255 1.99376961367115 2.9225246507114 1.9753108969467
0.0105878711053583 0.966858207507023 1.92595205163318 2.87647677149551 1.91326213824841
0.0195988017265245 0.826252126382404 2.22176958677119 2.98484628545009 1.80973501386206
0.00806853935997344 0.912535293776249 2.11173632469179 2.96351678500162 1.90908292039527
0.0106373171228967 0.872767919450728 2.17644958687749 3.06669216328114 1.9139812329645
0.0172963160385539 0.959678102338711 2.15012161632007 3.15972178463768 2.01246475735082
0.00800041034733553 0.953126573536517 2.03902284793507 2.93032386664418 2.06240883458924
0.00882540467783985 0.901483135046986 2.14574045851533 3.12488399752891 1.93249630701103
0.00983701662194116 0.888115463648582 2.17333468195353 2.9733350963672 1.98959567376525
0.0903483187114453 0.787171923662979 2.15004719262425 2.8434819512348 1.67560952961362
0.00854980535478518 0.934524518838726 1.99923870347862 2.93444750493097 1.90262853771624
0.0238133817448749 0.877578014798388 1.9972693442618 2.81201074141749 1.65822776941115
0.0170740155181822 0.995344185407839 1.84978395399165 2.83911087891312 1.84249013715579
0.00838542819252905 0.958997121650458 1.98487988061108 3.05500068709557 1.95884605073734
0.0082960885775037 0.961605369835649 2.02271738448471 2.87070981928379 1.99112607416778
0.0123683488815662 0.964186879227439 1.90543672516798 2.9768456873869 1.88955908531394
1.99072800078389 0.961088859412081 1.64035224928449 2.57421145932894 1.60533496119998
0.0385911071278166 0.796060737700052 2.32004612584974 2.87161636299299 1.87752939330303
0.00785576530561729 0.918590128572414 2.06123095438102 3.1988299033337 1.85744561466948
0.0189002931199468 0.84841132016876 2.27843088987704 3.15476114863868 1.71060446843392
0.00800715793660697 0.954022795991818 2.0073092612185 3.11306631431193 1.77027901081799
0.0221716486779225 0.992310898547698 1.8236251292253 2.8736726014682 1.97569567730288
0.0121880219645309 0.862122991951226 2.13682755283705 3.01014037043788 1.94681921398821
0.00774919584012453 0.920929880152582 2.06481321443938 2.9734302930887 1.9167078585919
0.00899936882407147 0.96337411476153 2.05063384186904 3.12674514874507 1.80156502271711
0.0221071714168658 0.924912614719129 1.90544597163287 2.77092490212159 1.81022539253252
0.0195199441843144 0.959541994397681 2.16110886510247 3.18068873480002 2.05841557009922
0.0202267008807288 0.824543944660981 2.23653522500124 3.01533230414762 1.93275357730086
0.0082420836760547 0.941265126989245 1.99952603380727 3.143723630325 1.9313744650019
0.0247510379396415 0.927176836732196 2.23789354962238 3.07767490793643 2.12933187043847
0.0101774553180075 0.942509684310042 1.95596964064976 2.86243923048939 1.78278513943399
0.00871699691046106 0.916163970020089 2.13580981268804 3.2012044176681 1.97018875418604
0.010465671121238 0.872341168486557 2.16042009993031 3.15488966747006 1.84631887653747
0.0170693518774362 0.892174953684479 1.99277091581319 3.05357567961962 1.79634217985649
0.0105294244394871 0.952956626220231 1.93824246443277 3.10734247995281 1.973242376293
0.0211280185448001 0.846053868631204 2.09724834266273 2.90006046970465 1.67388147861254
0.00922695495338371 0.886241013235671 2.13847975911377 3.08030916525113 1.76242130787042
0.0420803153037306 0.815279797578769 2.36058316481465 3.02093649207047 1.90992106694602
0.009905461869596 0.966540788140711 1.93830627303311 2.88784011003204 1.95182813444668
0.0143663664315925 0.930395730385935 1.93345377475686 2.86325556705206 1.78825155705758
0.00806664528675934 0.928502284784252 2.0254899742982 3.06056891393551 1.91602985946373
0.0078302663670111 0.916184598234371 2.0911054946918 2.9875015425791 1.88952798606234
0.00794911640787509 0.9411482822425 2.07255264679678 3.06299941278057 2.0757046085856
0.0956209750063591 0.97651084541044 1.74174848608807 2.58742183321927 1.77324286115512
0.0121794557923955 0.989125539404729 2.02820917878075 3.33623251010982 2.19511269395601
0.0210207669410044 0.999994013425211 2.06615892728162 3.01337793762765 2.1050561338954
0.0160456281660073 0.940019300055114 1.90764864324083 2.88658155374376 1.79302439617459
0.0083789134720153 0.900019534716543 2.10733592445986 3.02988212285182 1.69113124833915
0.0219956440073653 0.918902984626705 1.91653080029408 2.94193344426786 1.58924042018235
0.0123306414940201 0.968446396849557 2.09324523777206 3.05621758758591 1.83344055767135
0.0092965960663549 0.976215342701515 2.00787942801122 3.04516151503253 1.76539470693873
0.0183103915946885 0.830447522129131 2.21063168241275 2.98484722924812 1.88636865187184
0.0211598585926266 0.873901662717547 2.01670571192944 2.86120235816145 1.84221257837239
0.0108677487266186 0.951760594652518 1.93500766805786 2.79834380130782 1.75549757708285
0.0104429462771556 0.984127886531306 1.93158564875822 2.82988756455829 1.93746652081906
0.00878721244615971 0.922884793758077 2.01388058929327 2.98356711514057 1.67549004533389
0.00982894317759278 0.959280331797815 2.08186705140466 3.14792912345953 1.96114151555355
0.0186096016864512 0.836407226722676 2.26317973711574 3.07540373112876 1.9649466612668
0.0397495036240135 0.798007012952919 2.33271369935324 3.02550686326162 1.97453848750407
0.0102011707783472 0.971458714279528 2.05439861901179 2.92017670987654 2.01615287301062
0.0142759470535536 0.98877597425066 2.05501119035954 2.8768461118719 2.05093797769278
0.00989185232507763 0.882613810346704 2.1044333395736 2.95218840676513 1.9950242960985
0.00903421887903957 0.965578504295805 1.96055749617164 2.99794752286315 1.83955184834398
0.035189830435082 0.828352504512391 2.0990445671973 2.89516393837668 1.74123995066324
0.0380241312318278 0.959208722056811 1.81594096958886 2.69744277781047 1.69048511158204
0.0107069709664211 0.87146779361873 2.1746478855024 3.06780572644579 2.00811476158303
0.0145735476680884 0.966730310921719 2.11735474794135 3.11432450231157 2.2247008317921
0.0175564793748417 0.996893974670487 1.8462281591423 2.95820453022979 1.93882106175578
0.0158188009563338 0.888304756040157 2.24650502772188 3.07154712594517 1.77410981862925
0.00854709946062886 0.966246592200733 2.01718765322862 2.92312071536992 1.99736981756146
0.0100802412331178 0.95196388753918 2.10360772333372 3.18570310647935 1.96327528118239
0.0105844961457969 0.875947916537074 2.18265963932222 2.97844843368897 2.08839159924433
0.00817619926023303 0.950740836923446 1.9946524691093 2.91109008807484 2.00762585442455
0.0590716989043367 0.973222390315604 2.20874517698807 3.30494604386615 2.1731047867597
0.0152044359937128 0.85103704782319 2.242675532793 3.14193617459686 1.96600101630638
0.00812111563462254 0.913786276377478 2.05854062233564 3.09972706853242 1.98399889022448
0.008267075903942 0.948316092042894 1.99196973647731 2.80160514331356 1.691870341639
0.0335445272305937 0.945041380235245 2.22907994105929 3.15425676475669 2.13565066330506
0.0149176154476046 0.942662719745281 2.16967285040107 3.18791505753748 2.12542644866467
0.0116705216440428 0.86250987184964 2.15925416455676 2.90624007778854 1.98287976934101
0.0142739071368125 0.864017896087224 2.24118835010244 3.10182287633651 1.96916767811185
0.294343776819306 0.845634899082165 2.46644904431022 3.32455771371805 2.0708537364362
0.038983054640072 0.879097342608231 1.95722869749078 2.67772013366512 1.51561042595591
0.0868361169499798 0.830849628811578 2.02363919405418 2.832755846909 1.82856244304147
0.0140754636120195 0.89288069932508 2.01135746394385 2.95432375140115 1.89193472961498
0.00995234631923884 0.985623448016895 1.97658046748836 2.83826154543952 1.98096761008215
0.00781774686705297 0.923753195408818 2.04907440707464 2.90792594988423 1.86340620236159
0.0349531183902485 0.837007137261149 2.07295976650884 2.89106381567577 1.81571157476245
0.00831994290126495 0.957579412050386 2.04336553658181 2.86358998726268 1.96880711967285
0.011913746941227 0.917603748348416 1.97689327902106 2.8675416430462 1.69082646833828
0.0452881741390137 0.910610783194396 2.30156817353322 3.09076804331842 2.05194713965937
0.0087875204871808 0.927490651745534 2.00505205547002 2.91740768216048 1.97732387617856
0.0146476096377298 0.949702982163742 2.15455120023366 3.30953053739697 1.9861365089167
0.0122538769255876 0.934795834208024 1.94326162747219 2.79827781973075 1.7962650445295
0.0387100078064623 0.945491710198436 2.23744594777545 3.23015673558079 2.13154606084118
