0.00892803493803561 0.888470888056371 2.1129013971872 3.07207217913737 1.90759857696685
0.0204368562730019 0.822297164311484 2.27291887530423 2.99553244345505 1.8178195605606
0.00841314262215167 0.963707963828727 2.01609525238446 3.01263913649887 1.92344375340187
0.0127583028615638 0.861092967087406 2.12076723727737 2.91147508817626 1.91307871127143
0.0400577098834464 0.951056614565954 2.22132443692923 3.1351843345514 2.09257988112726
0.0152140140246016 0.846701819703836 2.14396436264898 2.883837197882 1.81685755765004
0.0107505634435507 0.880965525121164 2.19934706979219 3.16352891146591 1.95399089687947
0.530255328498238 0.974105803455873 1.66487894368153 2.54693588662951 1.83394467864257
0.00961965152811299 0.943354842482106 2.10841328525572 3.00575407798969 1.91099232377127
0.00942118933082731 0.915005728490792 2.15187637879595 3.21961614364457 2.08978523062913
0.0096555574015013 0.891912693329072 2.17482122676199 3.06709696227627 2.01956292955296
0.039999389103421 0.789632362121471 2.33668936788755 3.31568044737334 1.81050813258573
0.00768335706724443 0.930388700324604 2.04208593017913 3.0319482439364 2.15242850039309
0.0329160595645087 0.951524911839792 1.83754371062352 2.67645289011608 1.85095176508466
0.0118712583875349 0.856772299907203 2.17753370315297 2.91646394179571 1.74915825792274
1.48228828890824 0.702648939381153 2.2379188282754 2.98692091849602 1.71072173718783
0.00885632489005522 0.952226984491944 1.96817972498336 2.89781711041667 1.95904023864976
0.00851899958407056 0.96721027689116 1.98712511415825 3.12721676490045 1.85699536137965
0.0760492537700164 0.77934345865971 2.193568751189 2.97224981411557 1.7117599439941
0.0116999077592458 0.860695129010223 2.14807154271401 3.04454205713435 1.9051716369408
0.00853164301598231 0.897992563113341 2.1368237953615 3.2434799538597 2.05631519045704
0.0118078627418211 0.961608254661644 1.91191784206605 2.92661032211772 1.87102489911304
0.00894014203841549 0.951358013451496 2.07672904611397 2.97361313024405 1.87351307533594
0.0138213138177716 0.85941258028852 2.24319228805136 3.11587403020602 2.04544268657035
0.0221165684320026 0.835875098325468 2.12511808513453 2.99063551212193 1.90719606498233
0.00761149882356408 0.934860917322561 2.04973334982987 3.10855017790805 2.03163837779482
0.00768474244575311 0.942414623069359 2.03895900635914 2.97332237472703 1.91991828109601
0.0373462747336757 0.793111286136358 2.33276106832801 3.00566892341938 1.79572970271299
0.00979491272539019 0.977435085974888 1.93667262403969 2.7912788768706 1.84789205687314
0.0565273024262159 0.942932039999225 1.81881998313504 2.7779806231475 1.82989439699741
0.0189075824823902 0.877698710829591 2.02073780286536 2.98585040503197 1.66250048008039
0.00782342797200686 0.922040082532611 2.04956836537856 2.87777367198956 1.78557780293464
0.0175773085680889 0.987282268237237 2.07501184626935 3.085592237318 2.16351470427831
0.0208532705128004 0.836481820731644 2.29843524067392 3.06461939328108 2.06052354619182
0.00846758467596208 0.895068067373827 2.1179680500463 2.97445793613075 1.89561134829503
0.00782586128035996 0.926168322225168 2.09018729465152 3.01513844233173 2.06047207614497
0.0113622753071737 0.8605632311794 2.17691867617628 2.97965227165414 1.97502904296379
0.0666323858994023 0.776437714400128 2.22256917447319 3.07232504659033 1.70249277955798
0.0114528334213035 0.994397149739948 1.91005578418217 2.77133843924263 1.95541107561664
0.0254229616000389 0.812383451014012 2.30136309469043 2.9698065812077 1.89194231284171
0.00803182888704853 0.921496576966036 2.10638601536553 2.97300180833027 1.80758060894434
0.0214363292656335 0.940152400359269 2.19884966626287 3.210890003056 2.02601018826013
0.0141329024465478 0.967812661510801 1.8843898218208 2.9037342797507 1.90899474934494
0.0585534645676819 0.952449244162219 1.80162986438362 2.6233103506969 1.79021613261031
0.0109894834603744 0.874063773054946 2.10355982581195 3.01549708076109 1.94297130661865
0.34737504576642 0.735526777974448 2.22221169939354 2.75770098036509 1.62234578492921
0.00958286602822787 0.959845285052174 2.06886289385586 3.01326748944459 2.02867358479808
0.0145901062994483 0.848126210877692 2.14698973559393 3.01402604064746 1.96269678081703
0.0132612606773598 0.911085119347853 1.97988031043009 3.04738128907907 1.79769130545317
0.0112939547942893 0.942655667901138 1.94159733109591 2.76798651613331 1.80193273358377
0.0224340750382158 0.964430442103046 1.84652615972954 2.85482874626772 1.71354814106531
0.0768570022160129 0.758998863914862 2.32084621741626 3.12082896989668 1.93902683794915
0.00764049348071579 0.92627990587288 2.05669732386409 3.01307199858807 1.82033714888887
0.0821562434845871 0.914852735590526 1.84875010854348 2.67736763114363 1.69741376700676
0.0153819086045258 0.867814288319774 2.25843576058929 3.08933995132182 1.96028468899309
0.00988201181411937 0.968042466816159 2.05142232542267 3.0497298047258 2.06469010778142
0.00906424654852601 0.885917550573826 2.14686423907313 3.07657842626744 1.90702629181311
0.00869209722216915 0.91210833843627 2.13864135601356 3.2090761222779 1.93401629922358
0.0103071227878086 0.900665467290734 2.18206233004436 3.1099302398858 1.99218792849413
0.00972149945586597 0.87757876462832 2.16383157802459 2.95562600183196 1.93440005694329
0.0100010361645588 0.953028769120534 1.94471665945585 2.91024868561404 1.83130523155166
0.0141959438715164 0.961032826460164 1.89148157712197 2.84201646048303 1.83248035077849
0.0094050438004292 0.97802959155138 1.95261228800831 2.82086809233081 1.91044372401787
0.012271240316004 0.923249296528803 1.96448431881827 2.83168515434992 1.77445602242633
0.0619056121946575 0.917686843808271 2.30440514207303 3.45389152107914 2.03436360218159
0.0777030909648706 0.987245399253409 1.73747503945555 2.81826954813613 1.72386805935993
0.0206025775109471 0.921896842427287 1.91981016556172 2.82397124966727 1.92271634465066
0.0240641189607763 0.919989817341946 1.91177849500109 2.80655988943947 1.88230806577461
0.0091994786549806 0.906405352004195 2.15636567401278 3.00752678074284 2.04067909161389
0.0164170618664485 0.91488813036813 1.95173146851229 2.65649020265636 1.93707413411482
0.0113719990884079 0.935441602455616 2.1471786792109 3.14099655197747 1.8814714005516
0.0564570973172435 0.954815815181849 2.23435944166451 3.07358979820171 2.13999535618384
0.0152031873872271 0.852837447632923 2.11910148646757 3.04189851152273 1.75865196038797
0.0104678236245145 0.989125820045582 1.9808290302591 2.99864501538433 2.07949290538128
0.0147142334930667 0.953127379662925 1.89796963707978 2.75068505998822 1.76937228670187
0.0083693198643193 0.908715113450699 2.13055866658644 3.0909290125333 1.88859393050062
0.00767400988026948 0.937669411372289 2.05701786402153 2.93422687539529 1.86942736453535
0.0123741759433669 0.855083991022518 2.16138229269486 3.01982865098905 1.89845818749498
0.011420201979936 0.925087357965021 1.96940654395389 2.985716593796 1.74214638253854
0.00825777985703674 0.903432098341072 2.0827579107416 2.9794646233697 2.10850093280173
0.0574120290709691 0.819780648138543 2.39787922594082 3.03112443637746 1.8510161510485
0.0252376897531156 0.834657932069601 2.11330131212327 3.04347041866818 1.77450619602268
0.00918271510662918 0.885510540774378 2.11331050571772 2.94497403496838 1.90296264712561
0.0469087725734098 0.854925787043575 2.36360106446352 3.12492207463129 1.95026982584984
0.0301018546564978 0.843382964007277 2.06962146524268 3.02384509109765 1.85802003002551
0.0143290839156572 0.935363629125017 1.92730817450652 2.94871817526092 1.72455490458469
0.00947824055345631 0.938675354478127 2.11532814786278 3.10021272293107 2.03471237768154
0.0127078143328161 0.863672659924445 2.11147144228551 2.85535394869817 1.80025433231319
0.0258426319045481 0.812206039129479 2.30478120887362 3.15693789331656 1.94322386994218
0.0121363726871443 0.999956098010158 1.97163040522044 2.85015335895549 1.98924845401056
0.018331683664031 0.988896317949469 1.83908806900667 2.7169112685043 1.83957644400438
0.0133406493515201 0.945686116825881 1.91833445358538 2.85484612669234 1.76139318893642
0.0140392562151022 0.843794208627519 2.19278648992321 3.23709381560112 1.89652810787138
0.0313308670207238 0.818079715281949 2.34238787125708 3.09656232168191 1.91072556883427
0.00965455950494444 0.909534352789408 2.16245701198429 3.08585518749722 1.8506440527661
0.00861925708688086 0.92576775858398 2.11983730787963 3.08115862746476 1.76377648766394
0.00920018231624023 0.928032557750329 1.99494883911375 2.98471260923805 1.94162641765164
0.00834601401437081 0.934199140215249 2.00454191773436 2.95356264675449 1.88321867304094
0.0106604707444437 0.979979681192018 2.02763742968555 2.72018114773212 1.95878214919033
0.00883646435247924 0.916886819893295 2.02482554966156 2.86730337108545 1.87080899848852
0.00793528414591867 0.922696770940087 2.04154144154353 2.95935877171606 2.00389010094244
0.0096127483395834 0.966684276254203 2.04979590191795 3.1255032333893 1.86156618038381
0.0178966685713273 0.927974239078295 1.92012266753986 2.84200831694129 1.77476807750706
0.0112510871200305 0.986590096620595 2.01450314706441 2.82697946986567 2.00538421084341
0.0139924056906428 0.989054456772521 2.04275632001007 2.75829722959272 1.99752579686537
0.0111809086182843 0.903312687034051 2.19159191665138 3.11115529546294 1.88583280070932
0.0177249541342874 0.873472627157037 2.0376031476868 2.98517682768093 1.66530053842645
0.00791017701195356 0.939643532946016 2.07014429502049 2.96194213453914 1.98844456428172
0.0310886879845176 0.978815219061206 2.14504957676903 3.20779658747371 2.15568685549593
0.00883101055730798 0.908670011196831 2.14544196738756 3.01783119735779 1.89022810522393
0.082259891917749 0.917847524094861 1.84309759213938 2.79081593743107 1.75672882797552
0.0125624854797606 0.934791336138999 2.15993647811655 3.22422331653172 2.06980027618706
0.0130296742617436 0.994387208526572 1.88088398952732 3.02811307116519 1.83891396851114
0.00764150518215435 0.938290890221267 2.03968797067745 2.85836586220848 1.97766315002869
0.0917058079923384 0.895873835076202 1.8800957681799 2.69787754312291 1.7206170228513
0.0490119658118692 0.780920876502198 2.25211541519823 2.98503286343371 1.67222765007865
0.0101453061608461 0.977090951453733 2.02700438350068 3.09459203647952 2.1544993777199
0.00887086375665292 0.966039054838522 2.03057358992208 3.0290116851805 1.87739895352383
0.0281622333923977 0.997444667163051 1.79419453882834 2.80078767739996 1.82312748337032
0.00761899538532257 0.93162484844418 2.06265064308851 3.01808083609487 1.77863848621718
0.0238494209085856 0.813521619162299 2.21555066616618 3.18344467527036 1.6197211541284
0.00797953465815362 0.954292458369273 2.00824740666462 2.76187218339353 1.98746962986838
0.0128431594910171 0.939796588916688 2.15316711008878 3.04376098161537 2.04902613594661
0.0116878900155624 0.865255168446997 2.21089919383675 3.10245506187027 1.90596676239042
0.0283966297494563 0.846684669352843 2.06550195573149 3.02367696004144 1.67101960797038
0.0119650608614133 0.998537902866666 1.97518835384571 2.86801825872562 1.90987011521654
0.0110157134801742 0.947872579145039 2.11882499479437 3.00764044494813 2.08861899643676
0.00829023745976397 0.962964231182922 2.00102742026268 2.95048262045508 1.95776765534072
0.0335948338783643 0.98181779739596 2.14342673536548 3.21098994854917 2.03787236646657
0.0129423052263448 0.95232056790184 1.9122827013707 2.72098866170122 1.84907479534873
0.0688335429267797 0.822002826664636 2.06559927222946 2.87320938950315 1.75905690410024
0.0296702338290175 0.79953928818601 2.26340901083117 3.20341170349198 1.67826770993917
0.0111065931263369 0.88648325633723 2.20391644502545 2.89150740418788 2.07143729253295
0.0163919220312269 0.910962480744257 2.22385717356711 3.15589615892756 2.03786969000256
0.0114814596867864 0.9883903810078 2.01182553216303 2.97051032215079 1.84610235848213
0.0137949789277313 0.888531391644844 2.23215382505149 3.05633389345674 1.786564187102
0.011498137597871 0.917877104519971 2.17696685783987 3.12832336035037 2.03727847664438
0.0111665993720779 0.890920228283539 2.20224729561614 3.01101726754843 2.01921941170508
0.0112317184213566 0.863722643083947 2.19346755132533 3.07158995387775 2.06649452136642
0.00886333759197317 0.933784001360409 2.1123325539233 3.07536818979631 2.02121772210709
0.0124740682741737 0.909419656075849 1.99003547202405 2.91567762269508 1.86707687433677
0.0141481175375015 0.875091073507144 2.24459347056664 3.2489106895884 1.98982871572654
1.15553256653252 0.705343278837524 2.24514160159427 2.97755727995785 1.47499120028928
0.00870014587408204 0.949885008654774 2.07421774933775 3.15799160860543 1.90583380428866
0.00860519541051608 0.894330217187411 2.1023867843727 2.80134667434502 1.69653435075718
0.0347224698337038 0.895315687413543 2.30182015126551 3.15879026585615 2.10927708176615
0.05670567399584 0.823399050161945 2.07531681380747 2.77536480209011 1.84529632036408
0.0233298489742066 0.812448097768486 2.27038675830785 3.08506247612554 1.83278863654209
0.0101314524192928 0.916655472724663 2.16154368555073 3.06057720230603 2.10173008235259
0.0140175257519676 0.905332231087505 1.98613916241991 2.92335099334961 1.85814148497021
0.0295866792649549 0.982832056137924 2.13175526426523 3.1021408973215 2.04393041147829
0.0083303008612375 0.898363833296178 2.10512163347574 2.99801297886001 2.00559588813568
0.00838282437909125 0.920897212322432 2.11998022609348 3.02011955429501 2.1031860548553
0.0173308241201906 0.976735850310006 2.1017332361055 3.16406500482655 2.14930589494451
0.0159587038745296 0.850835027043982 2.264304462252 3.22666005384615 1.99322040378153
0.0132704257322897 0.989445163058823 2.03384612730058 3.01343178946761 2.02242555716898
0.0245562106648487 0.955850831315309 1.85135086525087 2.74130858502464 1.72502922652888
0.0076042362628303 0.930213546110223 2.05899043881887 3.00183033464416 1.83202518942715
0.0103860186478482 0.989114972315678 1.93555308989528 2.89077600234456 1.75184921050799
0.00905344051439707 0.974344155264238 1.9640975484582 2.95777658005984 1.8529590252722
0.00874244087153293 0.904886331144997 2.05721275503194 3.00262771187311 1.82320978782095
0.0172821209279937 0.886575517691764 2.25760495252683 3.04721973756027 1.98770251694651
0.00935990256735978 0.947834146005892 1.96190587202263 2.84267786247335 1.94843018939542
0.00865980837332145 0.968930661438539 2.00450019097228 2.88355326954458 2.01192519384669
0.0858316562609406 0.989672843032387 1.72899974796299 2.67027262498098 1.70498148316423
0.02191952462357 0.822135610373125 2.29114943660342 3.02812310127894 1.96506907796524
0.108914487143651 0.828840852049445 2.02006638423258 2.83256687544736 1.64918961465342
0.0107314650272105 0.872429858518049 2.11663726868848 2.80318257450043 1.71972845556996
0.0109950665237098 0.994306323742582 1.92617988192332 2.78084765901801 2.01124322852579
0.167206190734965 0.747471177405271 2.24292384041206 2.92988088521057 1.68606222341006
0.00966985684250134 0.929735376142984 2.13469806050977 3.1180230630814 1.93000078564917
0.00890543972104613 0.91738666120199 2.13823959444462 3.09835886553961 1.79033835838816
0.0123275932446041 0.91883730556678 2.18381778892495 3.08603084504122 2.11162990464105
0.0296206977181556 0.873418125071954 1.99436248233638 2.7573935544122 1.60407448528217
0.009112406805921 0.924245148507756 2.1333136647911 2.98538844093274 1.99375040045804
0.0314396640853901 0.869917973221608 2.32291746182241 3.23992259286376 2.06979519472725
0.0285357625748384 0.902439708724679 1.93389464191412 2.82098927029148 1.67178288731004
0.0126235255977469 0.950847956194751 2.1291633516335 3.04601863302642 2.14253263705982
0.0217387116601767 0.933523975339661 1.89521550776463 2.77360752247352 1.76032695599338
0.0128932365361401 0.937306673734224 2.15821703906441 3.182295520927 2.11499529625945
0.0723201304771817 0.971317869391974 1.76219395660827 2.82661635835053 1.51289941067564
0.0113425984210403 0.956787317374808 2.10292112593341 3.04756459073784 2.09697633113447
0.0136451018984074 0.932332596862624 2.17304277473495 3.02795204825082 2.18446410627601
0.555091119911 0.737519337454532 2.18114891671314 2.97140714556426 1.48889994262112
0.00971744495607401 0.919707983534691 2.00176405618497 2.90168424077957 1.85612538884276
0.00936222827057397 0.891235572780534 2.08165836978362 2.87840633073815 1.8098803470931
0.0206938062495849 0.823085043666242 2.27941081452153 3.0928116884799 1.88765359099164
0.0267969693808464 0.900411549990861 1.94237704430688 2.68618727159938 1.76929460068708
0.0104148618692132 0.98995551477872 1.93781656087656 3.02847921758854 2.04102269583423
0.0167386337413169 0.838342738728663 2.16206074810738 2.88579796799911 1.8087905012494
0.0107764934187471 0.987225118245768 1.91782366518627 2.89429213210965 1.97268202943888
0.0121412413846019 0.917376671096702 1.97690643511409 3.06093037949337 1.82507058046002
0.013572686999326 0.933383254588781 1.93594885508464 2.84497949165645 1.84760617897318
0.00771254606853644 0.927064475665343 2.04608909755768 2.92377780886746 1.86799126553772
0.0290149700285165 0.888548611852777 2.29779068308204 3.10945990852782 2.09506112792958
0.00922440760139975 0.90188189097605 2.0526501286259 2.85780548582009 2.00679241284207
0.00778995284448503 0.937822053141813 2.02293818838197 2.9851921959275 1.83410361544214
0.016541851995869 0.950740414482635 2.15667482313672 3.07193026852828 2.17011427378618
0.0639805309424385 0.903149823288044 2.32764257040247 2.96295793056402 2.2620738787732
0.0105580973391659 0.983487554149127 1.92014193472434 2.7352516469776 1.85069510818685
0.00847698844846527 0.954118298740748 2.05588951163294 3.03234403718174 1.96297253459784
0.0616179598385633 0.813285894253453 2.09801912255181 3.01051306741136 1.77640732319521
0.00958179982683022 0.904690837839306 2.16584759792855 3.22815520532859 2.21316972826567
0.0173787657059552 0.94972312207149 2.16315273161256 3.27605080660952 1.99978106160919
0.0238654350612246 0.982501686354108 1.82088567841463 2.85251220565865 1.7718063605814
0.00773251589286978 0.917110672415957 2.07885770997382 2.87429767643869 2.11278004626909
0.00832647847555691 0.930564626582849 2.01119102782855 2.98420880881189 1.80393372064517
0.00905722306917831 0.952611590404031 1.962968898687 2.69523582208066 2.00529074289629
0.162711769410962 0.734832083575366 2.32719127477483 3.06051875677029 1.68579568221664
0.00848572743830919 0.961459546752374 2.03144423443856 3.13063001807138 1.98333896818793
0.0116698889703697 0.937251781016131 2.14700825726939 2.99420339311575 2.0147985668136
0.00890846067471858 0.958444136006986 2.05688282102 3.21005647205191 1.98990183860426
0.0120798951094391 0.995596952691191 1.89711831768396 2.99881808929567 2.00176804179708
0.0154877638269483 0.848809482601657 2.13140848689676 2.89037181854696 1.76141504677322
0.00915039758930992 0.949592681847525 2.08576952626942 2.98390198855389 2.04494775446324
0.0103154470783171 0.890309013786988 2.18909870615568 3.30855021542195 1.75127893002235
0.00805075583000618 0.946916179339592 2.00007670366068 3.02795145002952 1.8110054941902
0.0129786650603339 0.864025142044311 2.23333736431376 2.97153865315811 1.87540381356839
0.0111068915490764 0.938120980677305 2.13929370330758 3.13029016407366 2.17819531435291
0.0266785037742886 0.831934421049814 2.11606949989749 2.92130801590674 1.723496276957
0.0549297920781791 0.894254590529398 1.91027768680307 2.83210060837874 1.57446687844947
0.0167146335344132 0.83158943795614 2.21668657008899 3.17522327595018 1.75786464998066
0.00994577226803185 0.967923393878764 2.05307138011562 3.07780882140483 1.93566403652432
0.0304817942956768 0.803843917567236 2.31956544587237 3.05931303355635 2.0525592674451
0.00896882826595477 0.974876244282126 1.98161055294455 2.79885920304411 1.77452863001589
0.00889629769962533 0.956065289702529 1.96402482963865 2.84344082806661 1.79327031961303
0.00864253408157501 0.934110133745065 2.10651204068059 2.9978374901015 1.96203615308361
0.00760959566897223 0.929849747307867 2.05474397774006 2.98745811236309 1.69502098089795
0.00857323300521816 0.955978491170564 1.97378492797565 2.70209493418818 2.11163361640509
0.0226076867761155 0.905122033490487 1.94512665947079 2.85986158633255 1.58456930722482
0.00970345321177537 0.88039177033059 2.17061554648477 2.94195740695645 1.75102123973197
0.0328807755718057 0.957524959397859 2.19574472336433 3.24888724936181 2.0772106269746
0.0100015158905477 0.873524287747554 2.1439549013503 2.98281088098532 1.76427479105199
0.0635634922683403 0.9714324631929 1.76921432911464 2.44016228753495 1.74712243946458
0.00937403438893459 0.97988455209471 1.98109186056575 2.96673326266337 1.94713679674263
0.0113328460594799 0.89892413982969 2.19787201395381 3.20606257051099 1.8994544323933
0.0106873523974248 0.881801133353096 2.19811417323776 3.04542452434024 1.90638930960695
0.0103449160924077 0.903759812882734 2.0270924228032 3.00518230657324 1.88035255892834
0.00984317453883745 0.909107466235236 2.02248113618629 2.83678421715816 1.63514851396861
0.00879875714501725 0.889188513311283 2.12249844893063 2.92992535829704 1.82891241705656
0.0379574266868425 0.923411933745013 1.87551155219351 2.66713945460584 1.91125738574195
0.0123572357582335 0.999592231542834 1.8967714981519 2.83713730174535 1.96374872018001
0.00790937076487026 0.940831836751058 2.06728004827827 2.99576963217309 1.78023046270413
0.018318840011663 0.877675608006347 2.02375822427589 3.01953873802854 1.84252136444331
0.0137523770359942 0.920050354138526 2.19379118520902 3.11561611970967 1.95657011536459
0.00821238377016939 0.955056350692424 1.98933198284344 3.1454127828789 1.85725581140071
0.0320172405367981 0.91921246658703 2.26275131810838 3.20307485565967 2.00614737131276
0.65934937597604 0.706680748790985 2.52797965039881 3.06895668720153 1.70165472703309
0.0117363378309143 0.869358174563598 2.10652774716945 3.08641352457908 1.73473454699977
0.00939042708350146 0.978794847395213 1.95579402857346 2.92616353341283 1.98009247423469
0.0114167043553314 0.908070046111376 2.18898248609003 3.09113692798147 1.94359386432211
0.0125281808685599 0.963173041194145 1.90295107465145 2.7649155758572 1.79480226097659
0.0456799996850089 0.809210687509627 2.13628408732475 3.04124615063274 1.67993063905187
0.00964758694884614 0.938961256824348 1.96899131067718 2.73307640659697 1.83661180271873
0.00859135174180739 0.957322193547245 1.97259676892713 2.93381108874779 1.85825682958467
0.0463558615779124 0.781183090134014 2.26583764731505 2.91323510627424 1.80360735458751
0.101638678486095 0.78511885109392 2.44359265717663 2.95653392159729 1.80069033363606
0.0113846530369795 0.934108142022161 1.95403565918556 2.98802273911224 1.98481360096555
0.00969606943737019 0.882548194568896 2.10450274586627 2.84302926000622 1.84335399373425
0.0806361583920524 0.877894567776159 1.92372307927872 2.74061397350818 1.6422926257749
0.00828085706658964 0.899241329923178 2.10632182394958 3.0458024276076 1.89835053787905
0.0513392870495309 0.913959564717585 1.87536432492158 2.70767689035546 1.58940501758813
0.0134453570410986 0.966709164247109 1.89104476477935 3.05278739048742 1.82472658101046
0.012690307837313 0.871661804780363 2.23015850197045 3.09558227808436 2.0683308040839
0.00889210166996982 0.911621667964953 2.14433794121778 3.04515926191452 1.82527391945686
0.0127063613711088 0.851495688058311 2.17941681612706 2.8719360066954 1.94989094044179
0.0103452840153364 0.899170175931589 2.18393790672261 3.09489454421047 1.88387740275315
0.0136775578347232 0.991606760998361 1.87290731456274 2.78868874055086 1.82861472790252
0.0132937613236988 0.905298925313371 1.99178017065382 2.77813945261303 1.87613099445209
0.00915329302673725 0.883647821960164 2.13297429051021 3.08937824639679 1.86490877009404
0.0163206722876108 0.871984724596844 2.05020538785394 2.89873217299104 1.62186981361174
0.0543860804810558 0.845404079099953 2.02048870299007 2.7950116496596 1.57766939695052
0.0104071086604634 0.974519599100084 2.04136017403155 2.99651194143502 1.91396354455796
0.00881396028631006 0.970636419617812 2.00616109016817 2.75202429202466 2.04258239704587
0.025584535721938 0.998926998986361 2.07777520540033 3.09599505635792 2.1716631473619
0.0227051917881293 0.871069478013021 2.02085230986374 2.853476256992 1.8862587880926
0.0179573958506538 0.96969413155556 1.85877919955843 2.91935493692844 1.93984657666491
0.247805791819356 0.887006073826307 1.85280983150371 2.65980253779105 1.55408233160546
0.0129738387244036 0.861714560050033 2.23223217305883 3.09436329030693 1.85085965592412
0.010177594172509 0.984854306494199 1.93288939679309 2.95776506383601 1.81040092897252
0.012175571194443 0.977428733796534 1.89478305760201 2.86003691034523 1.70933258183514
0.00892100233522821 0.888390469110219 2.14407122319028 3.14633031029088 1.94994590079314
0.00976918808674413 0.956186890561871 2.0818588363277 3.11827868605787 1.99713919723344
0.0157056078818337 0.932988651593016 1.92273493620246 2.91325958666014 1.81122803764737
0.0078711704536878 0.913462931613993 2.07273351739915 3.13560873170245 1.95956609521003
0.0193005459272954 0.927181166130049 1.91539054270204 2.93834386976583 1.69072563058876
0.0100558088586033 0.902274210930291 2.17654997760213 3.07212526019149 1.80370545372219
0.00839410514353257 0.946911950705257 1.98646881032319 2.85385184206125 1.98973356454524
0.0145083391659819 0.886195316958263 2.23990912144062 3.12736892934523 2.04440924430103
0.00925543295849402 0.957444997324397 2.06835882808813 2.94963458287514 1.78243173013631
0.0146034035998132 0.999632131548405 1.86321099883053 2.93819871908479 1.71793293349199
0.00793377977004794 0.92590917724138 2.09635226363439 3.00286728003344 1.90856680386613
0.00761568443901709 0.93121164904856 2.0625963962812 2.94637083562671 1.90437847570274
0.0176872097909213 0.927305473022938 1.92228406694664 2.76384570809281 1.75515440673342
0.0731880647752647 0.941596748327082 1.80714852987255 2.87997689077118 1.86311088756161
0.0173151374794287 0.875468390912817 2.03482590238339 2.71888807532358 1.70264037030895
0.0173715956287298 0.956984387341673 1.87741478012206 2.78223086679432 1.90829947078567
0.00990815825133014 0.878729546922943 2.11424180660126 2.82005506861326 1.85723358974044
0.00775980516221049 0.915986614751928 2.08698860686415 3.10709446614447 2.08656811282004
0.008702627486805 0.969006940687507 1.97442842406893 3.00074497536376 1.75065558665389
