0.0213869248764313 0.814098775245591 2.2577016531634 3.11916678416871 1.81358377169756
0.0109973146130669 0.999739125138385 1.91066668259374 2.99659853094882 1.89571764475965
0.00775417707210568 0.963474669173534 2.03453822137959 3.07642135947966 1.84033884483369
0.00777897615014844 0.92367408572692 2.12466072957232 3.26432917116788 2.07595131862682
0.00720440837397956 0.927858235863889 2.09901354910813 3.05450281585009 2.1521585382688
0.012468930903301 0.950692321451028 2.14234182236186 3.02704143788355 2.06688282624194
0.0080372593824455 0.897135138127578 2.07514356565874 2.79918775445025 1.75423339242591
0.00803645534472 0.937043837067724 1.98503894137244 3.13579316206121 1.93265995892783
0.00820779418877553 0.976706155763505 1.98942418475091 2.93245080366918 1.86545946849922
0.00993091966963272 0.919712571650202 1.98334182948657 2.91653163674873 1.68600515901145
0.00737115383139479 0.938609559271277 2.00213921477222 2.95073770935726 1.83685074554687
0.0101229906294465 0.939168495748257 2.14103575820725 3.0082244573383 1.95829434382484
0.00776965615279671 0.893075700980338 2.11717086153212 3.12301537961584 1.82738954791403
0.0122423356133948 0.883886967372266 2.23038100669095 3.21720351199997 2.0089364600157
0.00736208997473045 0.961396216090936 2.01061351159761 3.04049708561312 1.94044554508234
0.00854941408482042 0.8963660613306 2.06151163529952 2.98414341503863 1.90120583915261
0.0144702350274619 0.947236658353099 1.8996677889343 2.75913928148187 1.79209994658552
0.00948977725536779 0.950261309185229 1.94124500728582 2.89586767279492 1.76664789370586
0.0219638853569521 0.989243300445469 1.81949495510885 2.64502916519378 1.73252921874313
0.0280547087444506 0.842358119444472 2.07020762620216 2.89739411733154 1.8659944320368
0.00755693023036169 0.950805235339623 1.98291754960184 2.9643622665142 1.8516066146937
0.00993097154840501 0.865761967427624 2.17339668512712 2.88709116115792 2.04827681806666
0.00936488097236493 0.922495033249065 2.15779090706652 3.14695306125765 2.08310366510909
0.0073210957852063 0.916236027951394 2.04671163871905 2.96941524076964 2.03690902823174
0.0246339761521049 0.806860479231219 2.24237824745987 2.89188722789875 2.0029373293778
0.164873177317179 0.842724823514109 1.96184590687401 2.9065464312712 1.5942445091631
4.12234276741877 0.733474132381415 2.09311442653889 2.85820995403837 1.48623051215716
0.0124329722685017 0.871940767708669 2.23710866830304 3.15483158593196 1.90175228078849
0.0711302602476606 0.794252237631466 2.41231194454513 3.12035935938246 1.85689510051012
0.0200980979756681 0.876449561198578 2.28596374077348 3.12569304554687 1.93713719805251
0.00791379797810577 0.971471321475174 2.00382762047831 2.94290750329257 1.86789976403177
0.00969136552268948 0.868697296462047 2.14254604611662 2.99167237421399 1.82506230762362
0.00930426092686395 0.983294838397624 2.0104805999363 2.93187151357353 1.95214734399614
0.0601755172572211 0.781098737563278 2.20687679806511 3.16197294024357 1.89322180672544
0.0174365300651636 0.924054237245305 1.92106934736833 2.66951291525835 1.78933632112141
0.353874136045664 0.973253344793407 1.69142494583532 2.68456554711274 1.94211508052681
0.0106776235742114 0.869656686326865 2.21015774814274 3.04366594495936 2.05061934042229
0.0123439037735635 0.973177243846142 1.88648608744485 2.97670640714767 1.7532577378272
0.025852827957215 0.832198478304222 2.10891612009276 2.98238650112817 1.83227047499336
0.0143578403755735 0.837927487345705 2.22322977121182 3.0218849121491 1.68120643135872
0.0075707169899911 0.960961476540963 2.03471928613138 2.84827862995099 1.78479747764703
0.40561270555963 0.915460535189702 2.39543011541915 3.40464414472676 2.34523978832672
0.00769790731861712 0.968161390909444 2.00511100184884 2.85533688778331 1.93208195803783
0.011242912166415 0.869391580965977 2.09521553873883 3.11383801914544 1.93401474861097
0.0184952331526829 0.828925033383449 2.16925915729883 3.07473053327581 1.84109226024241
6.58980576396553 0.651476843450207 2.58723120465288 3.17690211736009 1.66299439453355
0.010289723757574 0.872586599646658 2.10156923533091 2.99775970943325 1.70930825150289
0.0127859382911912 0.863152390293566 2.09489344623526 2.90356462770731 1.69214413424932
0.0175979691935348 0.926786624430235 1.91559646597563 2.76853292159792 1.89678624649843
0.0215667235096637 0.906831521162491 2.25968956515668 3.31822309267432 1.99978861998395
0.0119233950733414 0.88000645773132 2.22891562025742 3.38722435353905 1.89285527571368
0.0177338505259039 0.865333890403908 2.28145344283525 3.25814986283669 1.68531569331354
0.00863359303828096 0.884625276546991 2.10106673145667 2.96056884003952 1.75214552830592
0.121416128082962 0.757662636352929 2.2281804247707 3.11653118730416 1.68414892035536
0.091910146058862 0.760906829080672 2.24845238711241 2.87848802422782 1.57147891090753
0.0123879307632021 0.860191267770234 2.23430272612319 3.14320152038934 2.02723244901092
0.0125893231842261 0.976604363137896 2.08302576117581 2.97456096409345 1.93560523179225
0.0115644840971608 0.909857288387174 1.98525365103002 2.77510662674376 1.86959300799745
0.0144371693825312 0.959554061623761 2.13827337573361 3.07446421737666 2.17064583630144
0.0198914841027492 0.873215205923241 2.01752548431637 2.9768387325015 1.72169004589663
0.00965388207003612 0.896642388013033 2.18935566736153 3.20001420332945 1.89333098846947
0.0385251315665025 0.800883737852056 2.17803949868926 2.76414133726228 1.67257524490091
0.0630692587036069 0.991102453993997 2.17182287602374 3.20027222772465 2.07339159769817
0.00782608927795676 0.912567562062149 2.03742392476503 2.95278236006418 1.93142609578474
0.00956946946158958 0.958036315645534 2.09433197882527 3.03718862580973 2.05216082682871
0.0187816829701435 0.939580514114747 1.88973449375182 2.69746652598697 1.82616432470298
0.158400982732418 0.839558436099611 1.97103946196589 2.8248442433898 1.57831680020665
0.0192052168668159 0.937161705998542 2.20549169418419 3.11903351619052 2.05966432247101
0.00726053129088896 0.926736754935588 2.02573732732557 3.08522826616159 1.98911861354488
0.117795859064289 0.886170376842585 2.38311540186736 3.15603245457361 2.09833930603575
0.0233159132484904 0.988671813920014 2.11079743135876 3.15376433144483 1.98749621931115
0.0159155245351881 0.8338683645418 2.24872559506698 3.06996065956907 1.79317119190435
0.013091625450824 0.884255048360245 2.23816458680765 3.19332771009783 1.98799573040986
0.00723611674478395 0.907048639934116 2.08415658769854 3.06976526992122 1.90774182988098
0.0117925129308475 0.988637468144887 2.03835789549649 3.2062637105613 2.13920277424709
0.00808969536440037 0.912768416188788 2.14514681655529 3.09338994286889 2.02621013935225
0.10544357405861 0.939060325847788 1.79244841751787 2.79314849245072 1.78250450347681
0.00839952267033324 0.893860458629634 2.16263501726052 2.98142856241356 1.96537376258856
0.00713325744192445 0.911632994017464 2.07329599102952 2.97235623748908 1.79137102069309
0.0073234422166147 0.936990484499422 2.08884028995817 2.90687838724754 1.92698851503765
0.0288229187347203 0.969928102204599 2.17086891090818 3.05029685812456 1.99010136330005
0.0396010108069677 0.78906460647911 2.33399958337238 2.97109087494716 1.84025851559941
0.0133085873484534 0.843902262816309 2.17602382256781 3.15691973870078 1.8117595279742
0.0147527239154752 0.94803335567937 2.16379311601539 2.94321408653532 1.94908894230856
0.0430515324001567 0.856216775144087 2.00252647937555 2.69851726563697 1.72953433792028
0.0168841776618645 0.980486678497443 2.10367487347784 3.22903041552534 1.9704708471177
0.0135712336724429 0.854247817022329 2.11723168021799 3.02876354154327 1.78586527307
0.0230840209342746 0.860480584781821 2.30855918241209 3.26263257471643 2.02053722352427
0.0248909158186232 0.825283528454637 2.31915500034126 3.05871963134042 1.82652161064641
0.0185553838696725 0.977475966867342 1.84325180579326 2.7787756020049 1.95310736842326
0.0108925675637989 0.963356751264343 1.90956020071252 2.88664335821368 1.82197643891768
0.00861172143605141 0.924061548768796 2.14300777652028 3.07016710351545 2.19525882078319
0.0222373274949281 0.937122577330275 2.21647395600025 3.1135783285706 2.06749016665031
0.00711224754459782 0.915138755907473 2.10464384388997 2.97198218611389 1.8118822426899
0.00736561333227476 0.918951239572144 2.11624897291403 2.91002875450903 2.03857755394356
0.0075043058689406 0.945095940395193 2.07855361173409 2.96864826287064 1.88377410011642
0.0917271905288662 0.773361423816548 2.1919298719857 2.81415917693023 1.67599791659113
0.0202480435367506 0.948240593935381 1.8712697953472 2.7829085912411 1.94545333585974
0.0359238960976464 0.864764105714854 1.99382345095829 2.8922439258301 1.71104015272524
0.0132598738734385 0.935638205598379 1.92488673184667 2.65912046033957 1.79355009308791
0.00760907949367058 0.957464730440759 1.97807604350121 2.98525982012814 1.74455624148698
0.00887058777713052 0.884824259441161 2.17413998396786 2.94217514664569 1.95805945071398
0.00825765434532897 0.920575319504447 2.14048274869318 3.23765774693594 1.98214180757508
0.014769893319564 0.83623804250111 2.19358901679012 2.98663487696794 1.84580980440412
0.0110418560153015 0.856430930037981 2.17270352317077 3.10180912539049 1.81492008220754
0.0113841960142086 0.935642936385558 1.93998545951356 2.77379088764115 1.80285428777583
0.011211850207282 0.920226806580727 2.18332476740969 3.16949627041612 1.97001531373321
0.0147528744793538 0.904479152988483 1.97239448391031 2.93224910590555 1.83610344679683
0.0160350162538753 0.915954674119089 2.22395576148202 3.09574220248271 2.04819958414864
0.0107768513272529 0.877579301894524 2.07527715712547 2.82752960009288 1.81381843994144
0.0136133539346832 0.843904943557599 2.23071692936956 3.08536116750837 1.96898434118038
0.00763583808208019 0.905992369155539 2.06206253668399 2.89746884333932 1.63831057596051
0.0147564182576511 0.849899028832674 2.11954408589623 2.8705014626347 1.83181225217056
0.0124815065829693 0.898412242468443 2.00179179745128 2.89872656240023 1.73151446628336
0.00977523015000649 0.88487325507359 2.06958717215589 2.86947335807251 1.88616475774107
0.0139387896575114 0.863796344350346 2.0802636521132 3.10885622717684 1.61314296954309
0.00733694681503833 0.958927472890298 1.9957257746203 2.83445354480574 1.85958021695541
0.040975064346419 0.958624981198078 1.81127698190744 2.75222042446504 1.62380762576605
0.00877911097375447 0.97492635982939 2.02920181777535 3.04833048308934 1.80874757126759
0.0287043087620425 0.962815788784991 1.82752604891982 2.78087624817274 1.79678043444414
0.0143520207047426 0.847256072915347 2.25131083543821 3.08536150716174 1.93618587232137
0.00747731328878507 0.901787873147754 2.12332270550608 3.03862495522658 1.90770091553329
0.0202985797661302 0.989737329358747 1.82574596613716 2.86000417645193 1.84227910808393
0.00843729362069497 0.944415752526188 1.96628352445902 2.8635769420061 2.00598382719758
0.0112504483864518 0.854825190483129 2.17945966794416 3.05128376672487 1.60247099227472
0.00764923192013464 0.963037333835011 1.97794570239992 2.98979668234915 1.81415296913433
0.00693747525478494 0.917926710475064 2.08552480785094 3.13800464503948 1.84598081646785
0.00799195938458241 0.95954095598413 2.05690107331777 3.06395923123581 2.11091963801629
0.0158856715015751 0.849998198536843 2.10787292986899 3.16151023855914 1.78549399898497
0.00817984113644321 0.947940487364727 1.96764802119613 2.92734763978684 1.80886110827073
0.00958440802496907 0.992193433671227 1.94877681313832 2.91625750705415 1.6795992816437
0.0159144235867825 0.878767068406803 2.0240029977807 2.88778192671759 1.93070234256887
0.00815444581113264 0.96127851194772 2.05671232284038 2.9744554195544 2.13990277037152
0.013981953806294 0.865436611280593 2.25418713426994 3.19478043958436 1.94646052289254
0.00695902131600642 0.931510142990294 2.03303283995576 2.97599492652964 1.83639248690486
0.0102094740890272 0.950108392674894 2.12077534394468 3.18756204298264 1.94331024777153
0.0100299719744915 0.883907437144127 2.20108434180336 2.79916417327101 2.04708544942541
0.0489181649669695 0.775646985755617 2.29601160666336 3.29331024719025 1.75754803946514
0.125301028156077 0.752137205003646 2.42501413851159 3.1943891210789 1.90824203686483
0.0108775520574992 0.958698390694206 2.10991775282866 2.97119762180886 2.01621919739322
0.0077531098550084 0.963960811883966 1.97305304159822 3.01385894670982 1.84190988192095
0.21265750992438 0.766957329047551 2.48613932338421 3.17006052294706 1.80745598646401
0.0113678625549336 0.955733671115098 2.12174124923302 3.14493960419759 2.01398420663079
0.0181073599682326 0.830944820869244 2.2747253250642 3.1132897824889 1.90854558341653
0.00700364959716313 0.943245670258431 2.01620426742516 2.9934921652569 1.868021485334
0.0100678483134673 0.936211111051534 2.14562290416843 3.31028445347927 1.96540957884482
0.00783186802928565 0.939783026731858 1.98622380933052 2.87889795233564 1.88547720028133
0.0106924194812321 0.8589590425893 2.17523473204478 2.96739328485484 1.80099296436018
0.460185724183678 0.762261154414582 2.11529989625199 2.68589502478029 1.60161653637031
0.0107114672574993 0.858956302194115 2.16798817231419 2.85669584235723 1.80069613814727
0.0227117073766906 0.971920870457534 2.14920762344444 3.16594364595186 2.155014782409
0.0259531244722669 0.863245071360119 2.31658384987446 3.33489191206733 1.90171620458072
0.00768827085269884 0.964315770672816 1.97694964351469 2.81579666915053 1.96186475902004
0.00756753806094473 0.934433014663267 2.00151932527904 3.01529199026838 1.75912239374477
0.0107319576611703 0.86063129267514 2.19530237649289 2.94406671307896 1.79678045360156
0.0698455839436003 0.871854369769805 1.9388755653397 2.8820063760572 1.6900150911363
0.450484355318254 0.922453256573606 1.7614608661554 2.52307894063192 1.5831731082207
0.042483525766048 0.90722967180978 2.30346421546477 3.17517857070145 1.90836149227477
0.00796200264084452 0.889607547702725 2.12152859793323 3.06352481678887 1.90498010088365
1.13035485183142 0.807890870149196 1.96266726546975 2.76701179402378 1.50104277150929
0.0179551989780795 0.826942186499955 2.26232438458119 2.97457327059377 1.8168358093609
0.0169684181777797 0.851349126813048 2.2795261069688 3.12103738381696 1.91267163827038
0.00682476119378112 0.928076169094519 2.06921384877456 2.71966172327093 1.96124536062406
0.00827887592769215 0.94270022873212 1.97176695247837 2.94178136215547 1.86568182856109
0.00742335624155858 0.957774630496468 2.03844685023422 2.84690149749862 1.9957299373414
0.00724921717425488 0.955466076575777 2.03511010067065 2.99525238477787 1.86498612707139
0.0111857119190532 0.901819698002435 2.00635170789166 2.98140971980568 1.67994810546965
0.0146316951145476 0.97405761998422 2.10596586405776 2.99959353775864 1.99904820321783
0.0104973579542741 0.873432570425645 2.09408795943801 2.92086881645867 1.90725230430559
0.0546967433943445 0.985172526485109 1.76243014843736 2.91727995791467 1.95338595674304
0.00951333606093363 0.8850153206236 2.07437256072755 3.06327322492425 1.71836774006207
0.00802841062324178 0.889655529623903 2.11017560814695 2.89034956643225 1.90023896554269
0.0115134369115804 0.99945059692047 1.99092781223623 2.96703223084665 1.92369890776417
0.0709113170637188 0.801669444458273 2.11661757862401 2.79131623995486 1.71129781143984
0.00804959955013683 0.972994942168998 1.97012703507651 2.89005313776635 1.82029110633264
0.0453586267320833 0.83032658461389 2.37558887298096 3.20777472506561 1.9780743007029
0.0128881237272588 0.983523798939255 1.87511237931477 2.88575406818361 1.73957970452092
0.0197474541601842 0.825889992660806 2.17089334619716 2.87637798515429 1.81684657032181
0.0426157042348011 0.800088698623787 2.16888003663501 2.90557653921226 1.53291170667213
0.384317487754123 0.959921067475645 1.7071611591294 2.56926898574178 1.68433178521971
0.00867029849046423 0.953532250134999 1.95144171860104 2.82076213364995 1.73053136432546
0.00785188977935103 0.933365426592249 1.99521376725359 2.85274020360185 2.07064159464685
0.0151857116475492 0.994085553788026 1.85200133677831 2.89556850709452 1.81578380049506
0.0149560015186594 0.836893202238368 2.18106979041617 2.87621214864436 1.76423261427958
0.0160948003619307 0.914441198040919 2.22635182015297 3.17387370583432 2.09391774314344
0.0118883226597688 0.85230005536396 2.16192600862345 2.78387489632991 1.67897585577415
0.00809169599055503 0.970818710835516 2.02000622386517 2.92310469682181 2.02628586659242
0.223294574699719 0.917376750243424 1.79715294067593 2.82088718605984 1.74475914537564
0.00726392006036725 0.906411672178463 2.11093138764972 2.95901889410602 1.83354638801871
0.017774480373938 0.992793298022169 1.83600342435888 2.9236645277419 1.70911712111879
0.00949268076501127 0.902000532292765 2.18277547409904 3.03486273300811 2.02601568916894
0.0261889203621563 0.927027920568784 2.24444195656438 2.94339062670184 2.14653021973872
0.00775003829215523 0.930681654850183 2.00233490166651 2.86666444728903 1.84927480519763
0.0569304544190146 0.899535609982699 1.89244104649949 2.73346229972078 1.79204563937617
0.00689463422045064 0.939326219811978 2.02874375738525 2.96063659732593 1.89502244772829
0.0181996337958181 0.839913163708475 2.12486946300616 3.07722857785503 1.75042911674238
0.0743162401836938 0.76510297505874 2.37935885146367 3.24152994853229 1.91918370866987
0.0207762814581638 0.951492751133095 1.86480789580377 3.02106175776759 1.76086786659524
0.00729886214023088 0.942919039298049 1.99989713622602 3.0326961418634 1.82079809232489
0.00751385205869273 0.899054767399389 2.10012548615198 3.02399444278729 1.82750127340919
0.0128261229765627 0.850316071244696 2.22965165179859 2.91842395237799 1.88615231437278
0.00714844706763909 0.955158378032092 2.01146226625763 3.0131811743237 2.01638158354824
0.00741534412623878 0.904478678592898 2.07946773800834 2.9545180078892 1.82451475943682
0.00911468693219308 0.91744856917223 2.16059517060666 3.15703926425547 2.03692957601448
0.0834623991770995 0.998105259133694 1.72619746546932 2.68860536076823 1.68550337769027
0.00726794527352891 0.955027946676743 2.03852670783166 3.05087011710652 2.08641268795453
0.0135946393090803 0.846267757594746 2.23699315400317 3.20223891030819 1.92912362121508
0.00689736477801182 0.925805311307297 2.08167667447633 3.02047912631875 1.98014316299044
0.00698499661643649 0.948983692105253 2.02254996483432 2.92245606956009 1.91724820112077
0.0128580010671339 0.996419770315103 1.87367429809644 2.8914438845181 1.91207934286757
0.0172664283003959 0.839636260370175 2.13393335910929 2.86305749250436 1.85487073007879
0.226751602397925 0.969216714476986 1.71465764213494 2.58842554107357 1.79428912851997
0.00819635879825003 0.940446552886779 2.10739743977532 2.91488957395477 1.74011022283881
0.0102432033882397 0.887250704332133 2.05461943313546 2.81799729659735 1.80659477102076
0.0284758680218658 0.981803694761848 2.14304000118609 3.24607871007479 2.16205330566308
0.00740999231723457 0.941723573590375 2.08258293795547 3.03213204711118 1.98769096420552
0.00949588537918523 0.988214442316244 1.93296223647097 3.04057198455315 1.80094341449269
0.0199595493753376 0.934439588806255 1.89335034436292 2.83386314294018 1.9279052083696
0.00897501554015129 0.894494033136919 2.17763271514809 3.0675468127814 1.93680404177461
0.0143855726728447 0.953262029972855 2.15112559011434 2.96068762446563 2.02141830292572
0.00775015040502282 0.955566559286549 1.97321559990463 2.66985353766142 1.96899036264361
0.0117615778281748 0.856744368218429 2.21814037399755 3.01346476164744 1.70169325316085
0.0113681538901423 0.854075478859163 2.18717932148521 3.0594510013225 1.82040092399883
0.0115980716340597 0.95814147510794 2.11873702910225 3.02131516395083 2.15766565301791
0.00766926435514279 0.895263476465899 2.12158881950287 2.85381665944685 1.76580523579089
0.0105847699739168 0.975191036469967 1.90499284326702 2.77947652559994 1.85338490001016
0.0532898112086641 0.810844147423923 2.3911661880614 3.19858230109748 1.63450297473607
0.322395316180507 0.877204537723331 2.43716021631711 3.53119930062843 2.1260574150084
0.0121810005524653 0.911968611733942 1.97547423704645 2.89869459446018 1.88569458078951
0.0437440722504811 0.907989309368904 1.89048583945923 2.72969303059316 1.64628158176641
0.0104428979293367 0.95595933006655 2.11101102783553 3.08268421977644 2.03530521892187
0.0110296788868021 0.992736900269711 1.89883258867223 2.87538437396325 1.75032266463973
0.00972708579936707 0.890290024726028 2.19395675842004 2.93364024599199 1.95104729498545
0.00974586623407604 0.971214746286014 1.91950476266953 2.94826892418178 1.88608049945445
0.00799651197395581 0.973119572693804 1.97599481544376 2.84847535105305 1.85398081571522
0.00754685027227741 0.91454572336331 2.12706615300156 3.05130863391959 1.89109271255555
0.0171055109823954 0.831121331216704 2.26164340308482 3.01513622876797 1.91596668842909
0.00823428780481462 0.885139887440752 2.13017678564003 2.94952275151407 1.97794293104242
0.0131302813085374 0.889664027389776 2.23446696253047 2.94149776563682 1.90850159381127
0.00693643689287218 0.921486134726192 2.08806278548101 3.20020167584318 1.84124431876011
0.00715818036601833 0.913850209836394 2.06284014609756 2.94118336497804 1.8680382857131
0.0130649970796718 0.87987531061395 2.24060332767905 2.9738228067146 2.19555625316422
0.00726786225294022 0.930541479777327 2.09778965874333 3.19871141760224 2.01807515802822
1.94402850731322 0.687855624843865 2.57233146318169 3.3256475450422 1.58813615137501
0.00926984606672699 0.97658103452803 2.03615330507677 3.10648253927002 2.01253337819215
0.00761016357912183 0.950428757170459 1.98126613360334 2.8342860614743 1.92356910486629
0.0402483711296568 0.88695289560251 2.32520666199429 3.15361831504827 2.18599067549731
0.0069909457413167 0.926171271989287 2.08934322755219 3.19605058958923 2.06911433652744
0.00727492622690743 0.906100231750339 2.08468102332101 2.95811880893981 1.88303510803427
0.00696199315693135 0.936604552241187 2.02530972809397 2.82496419724945 1.70447663165874
0.011421585987151 0.885497588257833 2.04380638707772 2.98283885227607 1.81943819553026
0.00726899432426102 0.940241719564032 2.08007551211802 3.15091421502231 1.93874216832162
0.00785570823389199 0.953694433896223 2.06896944871093 3.03386730026847 1.99032924781352
0.0125103439556497 0.865562887632742 2.23811967586288 3.10212073417447 1.87113313542367
0.0311594430708645 0.968549227484572 1.81510775324707 2.87453178518719 1.93357394182987
0.00742607375192454 0.961421813867922 1.99236001113017 2.85492944387202 1.90714530777781
0.00840806456370287 0.961774978009307 1.95097957240194 3.01880757483648 2.05385401861704
0.0120435342625007 0.981406139869995 1.88453176219546 2.96160587232985 1.74916602261522
0.00751646494541076 0.898393816132268 2.10791594856116 2.96879875796048 1.80428423349676
0.0215406765289998 0.845191046379241 2.08686362655859 3.01157718648552 1.76503074085371
0.0112971327237331 0.978401782997261 1.89434799733394 2.68790953511845 1.76577422184203
0.0219653016398627 0.855891744725159 2.30631805697142 3.19023298172483 1.91754721344767
0.0214175886521512 0.814155096334229 2.23098058819895 3.00748336881682 1.90408413642312
0.00728746201809759 0.959188094943754 2.00384943972406 2.92841545512091 1.81867308962668
0.0134579241430003 0.985045146526552 1.86926531897159 2.81740927144616 1.84315419765772
0.00900591842243269 0.982764370359285 1.9408747951024 2.97025186791676 1.71036638108688
0.00901192393660813 0.934637781389384 2.13339502402165 3.14484915418454 2.12916273258065
0.00721301361035177 0.913961484737783 2.11176569374688 2.99165201586263 1.80400219264643
0.0120328591186017 0.890527975718963 2.22378908566985 3.13271209259331 1.94673951421107
0.00898054984460826 0.919314696610512 2.1559923806065 3.05505619920054 2.03963308889066
0.0269552634172362 0.985250177111888 2.13069978863794 3.14274015276177 2.06646331959575
0.0142367093320126 0.98234350026951 2.08146218732573 3.03701501078873 1.97794853565963
0.0087272084077418 0.878946397598608 2.13031123236917 2.91094321576958 1.84965731770574
0.0266302946502734 0.881626282811322 2.30343134686529 3.02767141128306 2.07558755366795
0.0112291907843624 0.879349543153566 2.22056961391112 3.0560447454182 1.77392359912791
0.0163040681974182 0.998362454382919 2.04936618102357 2.99877462619369 2.07047824967142
0.00694250581558134 0.93599110191467 2.02757323421926 2.92367148550142 1.99003207203675
0.01501087820977 0.854645899018713 2.09987535986423 2.74066413033884 1.74836196344872
0.137807125838598 0.903202942344638 1.84321986717998 2.75350617556149 1.49111467683598
0.0348722955609263 0.893184105339195 2.30921215124251 3.15956925077389 1.91257867232945
0.0081846039230752 0.972012216214984 1.95981837321672 2.98771846187317 1.8533858097191
0.00751342330050108 0.95222978224629 2.06084514524025 2.99326869505211 2.07201886610733
0.0229527415316586 0.910823435710817 2.25898324082238 3.17309888715726 2.05477081843778
0.0163415271034424 0.904455484654513 2.24044576465136 2.97336405167406 1.97182821476436
0.00792377302604956 0.890710906069668 2.1139675064863 3.0202483024714 1.79221152425923
0.459921521808942 0.719286830377973 2.50323116618482 3.24124340980418 1.80596858128724
0.00974359224235596 0.883311691033243 2.07514673771378 3.06126501834524 1.82745593712437
0.00711392640120565 0.945411986806808 2.05980392490725 3.02046453608285 1.9447318869003
0.00756702473533973 0.897913659977401 2.12145375555915 2.9925055313945 1.71843783576098
0.0186319077128055 0.83405100881538 2.28432052550386 3.22009772890994 1.93575642207248
0.00785749582663381 0.960802376348279 2.04837215647346 2.85694041913981 1.74316344062305
0.00763708494902043 0.96600779490521 2.01464418006694 2.96206448585693 1.91813219799959
0.00988935148777284 0.936553063293124 2.14276476787028 3.11372567397306 2.02694434931727
0.034606410183521 0.809165527683265 2.15798894192281 2.92755779517696 1.85710008746803
0.0140547417239077 0.83956227648725 2.22289177134873 2.94695603366191 1.91872014308565
0.0477831853254115 0.94388739930495 1.82410196942295 2.71214742677302 1.447543221422
0.012008853373568 0.86232509928531 2.10879855686003 3.00230758815965 1.94953590682562
0.0119902883784311 0.984974133083622 1.88389926619019 2.81699874902664 1.74852019754595
0.0102585406142731 0.89567158408316 2.19916076765775 3.06963197974755 2.09709141656288
0.0241373386389128 0.928376514365489 1.89008764020525 2.84263455492916 1.77848738163806
