0.0165905091423221 0.882643236403304 2.23573417309907 3.21556777690386 2.10442153716167
0.0261577092369551 0.808687943913057 2.24758815073929 3.0160996455616 1.76206101301636
0.00858365432465489 0.967212533455031 2.03372881457674 2.99010640173305 1.91813244032944
0.0501586672338928 0.798401230940702 2.34903584576526 3.14038292274809 1.85503604607753
0.00752700472488536 0.950495372920809 2.02097416632489 2.9882662413676 1.91925473040089
0.0116312129846246 0.972164470560342 2.07476971325565 3.24579562866671 2.00794919347062
0.0174874955608917 0.996276570190712 1.84702901510308 2.82606956926723 1.90630665804715
0.00958774080098695 0.881400087070193 2.10066002052031 2.88488033124254 1.94434215100078
0.00922765780724123 0.984565524348716 1.98281353638284 2.86080232623522 1.92751382381304
0.122996829314661 0.917854402161661 2.31220106953226 2.9952171807221 1.93263709292823
0.0110217582484661 0.979278211109307 1.90900992817869 2.83221120732717 1.87551750551191
0.0244818060166595 0.823183693389903 2.27835464918768 3.23856611607811 1.7910759932269
0.0280290886319471 0.849425792627958 2.04341504948054 2.88006535892605 1.87565823192872
0.00960771336416947 0.955747871756579 2.08466182177705 3.26017084380369 1.95268521243207
0.0109632379249778 0.974432230028974 2.06134709454492 3.10870637481067 2.01094820367589
0.00858456376084896 0.96322747415025 2.04562281381623 2.98844077183209 2.0095752474108
0.011282450118693 0.874091944409645 2.18752183131809 2.98128680176684 1.76315206957196
0.00764146427995066 0.921721366081277 2.04340234199754 2.77010030892344 1.96817061695187
0.0313114378289186 0.882170566734558 1.959916211693 2.72387724784517 1.57817279623816
0.0138690675615832 0.988435622371139 2.05558427688655 3.07424954360261 2.22562511891976
0.0093964493514298 0.892328399044489 2.15393185875891 3.02087378374533 1.78859709553765
0.00778385357056787 0.9400100979025 2.0719456774781 2.80760018126202 1.87857969594342
0.00817381337070959 0.900203403587532 2.08834164461369 3.09044279174556 1.71687244213734
0.0754197881753157 0.772959980360153 2.37148047748373 2.9964357943488 1.96315583038663
0.0110010654542977 0.963203433093422 1.91858979754211 3.00052641953324 1.82250285283974
0.0147503052688077 0.856882506807776 2.22711711863777 3.0522475661497 1.92952720887557
0.121792367243681 0.94462105465537 2.27236522310996 3.20976645236319 2.2471981639228
0.0085326867076782 0.963030372884873 1.9627527754899 2.7761356410052 2.0619085730575
0.127812079034734 0.743218321071616 2.28085375063903 3.03179801203799 1.80676417435013
0.013144950858972 0.97354774412682 2.08587410123486 3.17950260313346 2.10823489363653
0.0337558777237655 0.798012591436125 2.28307003353181 3.14102972306841 1.84060788936825
0.0182430578810484 0.836399810350372 2.24424869900683 3.02101173550885 1.90618798102868
0.00922767896664469 0.925122973974194 1.99139378855617 2.9400443228386 1.73355774907788
0.0107790633424218 0.926603141516613 2.14805443138582 3.06336772879193 1.90513642945318
0.0106267120855703 0.879390289223359 2.078470280734 2.96489233723827 2.01563081428681
0.0294358282362337 0.884463098309281 2.27899039498536 3.10622252186764 2.02040039494603
0.02736940441964 0.889685315219843 1.95406268669698 2.8958242192839 1.70952561652851
0.00907263728303145 0.983222566192174 1.96936755191622 2.77982544467986 1.89924169950889
0.00816217415731349 0.902810612050569 2.11251422242408 3.17797830467883 1.89368005133247
0.290379174297956 0.847773304955501 1.91094932107564 2.864154723814 1.52624402419587
0.015481736559041 0.865579689213608 2.06068361838926 2.77825523242769 1.71874321618021
0.0212368092765071 0.883545728777909 1.9858572043121 2.66342922521351 1.82839485882658
0.00765358037725542 0.924909276899505 2.08612805926182 3.04170884364766 1.99825597708964
0.0226908052861593 0.835980189837327 2.2781033029613 2.99013559046356 1.90591992756416
0.00823751811695101 0.957265097032208 2.05064117481979 2.89105136979534 1.91969269281875
0.013598166102461 0.848527542430062 2.18782807225675 3.10735505033641 1.84948351433577
0.00823064985101237 0.925605336894023 2.01200335352434 2.78260536897296 1.80665245702196
0.0223608965471038 0.847329744029553 2.27848367500784 3.39558619892704 1.71075949592919
10.7408132064731 0.77310349464836 2.61971658246161 3.41082972186677 2.06237371392429
0.0395398645376898 0.90870560260755 1.89526512117123 2.70215897854474 1.90986662650357
0.0159096791499503 0.838096495512499 2.20795151074008 3.02493734172733 1.7564427590551
0.0076662109212993 0.95136322773804 2.03979974857907 2.99566822859019 1.57943625958782
0.0358099060931742 0.867510788499067 2.30638738109521 3.14667136513879 2.10625678499603
0.0204618498768298 0.823375535298243 2.23664659514068 3.23318681557305 1.78708538132303
0.0368863377873835 0.909391870024959 2.26531458729429 3.14264341746824 2.21370863492047
0.528360513725458 0.794534068176173 1.99733810828402 2.7728523888098 1.72994485189589
0.0201347508024866 0.999650191597159 1.83209208205528 2.87685439680662 1.7483199667411
0.00849519995020129 0.967504028151831 2.02950909341853 3.10963826075666 1.94925996314819
0.00959141446673778 0.954040959108417 2.08787758308598 2.97032490451346 1.95097378838764
0.0378983618148 0.970820276929615 1.80918303673757 2.92347622282 1.74244685790073
0.0173418475613733 0.923422276084028 1.9265951496747 2.67912354754348 1.87234911133659
0.0118145414606928 0.916794563712707 1.97398021592418 2.98759553857696 1.87546727718139
0.0105165520591772 0.974688961603874 2.05445316356657 2.98863290718525 1.98376490230686
0.0129333065039971 0.898098881895415 2.001108324035 2.84994355593148 1.64627502313276
0.0175030064379306 0.919000837999717 1.93323239817284 2.80963181106745 1.69109903329436
0.0216815936822813 0.869920122566623 2.26773052805619 3.08124367631817 1.83736785263749
0.0293329954451963 0.932562480496043 1.87475473819853 2.87629731910615 1.62752380750138
0.00852480680330802 0.973104030440665 2.00780158366646 3.00809230034173 2.10194187331414
0.0172692781475167 0.859457740272639 2.06486368946684 2.9520706456642 1.83769610174712
0.0119921256798923 0.911283667640075 2.17838929644416 2.86163823059948 1.91590251305136
0.0110918951377903 0.909260781242613 2.17139151845958 3.2010176150285 1.84794935918921
0.320261918292469 0.933985368443441 2.32563392959906 3.34191278127414 2.23269440550642
0.0398729164534141 0.897397917764457 1.91498216920093 2.61100068574415 1.82025594061287
0.0124491764500945 0.881488321498727 2.04535708456355 2.93191186668744 1.81786144907533
0.0206255212871203 0.902189145738885 1.95053412671176 2.93907169361757 1.73089334413301
0.0331834431757147 0.909063204697894 2.25958045133287 3.15688146156454 2.14406119216704
0.0299669375514799 0.818613668296821 2.13069337238293 3.04071864074197 1.83662793544819
0.00808501628091417 0.947456700080214 1.98547997177134 2.71512972828047 1.82394807209008
0.210081120433074 0.886762940799078 1.85121802263119 2.64772427189364 1.60722500959912
0.0198739508745374 0.828897739441163 2.15613388352974 3.17895635921079 1.81427847608744
0.00864689350433995 0.966810198582624 2.03709435710427 3.03123149748724 1.90917922730798
0.0172241242878705 0.929965694954915 2.1877584734151 2.91965769481253 2.07257652584115
0.00836581823690652 0.972622208820908 1.9839702131383 3.02894110139882 1.88283274116205
0.0136119420266844 0.848216864127599 2.18557420685516 3.12611560530533 1.81080631994789
0.0208455923311783 0.904506041322022 2.23448991885447 3.07342126127788 2.03541331224802
0.00768834745400792 0.915749785661705 2.0904607073565 2.88731744642062 1.88458830147721
0.018572367139799 0.829152320642051 2.22802088110677 3.07375540907085 1.97955537228384
0.00772373140133501 0.9200690687463 2.0929233963355 2.96209707832368 1.96561357903216
0.00748551155006929 0.939004342846846 2.05734768489817 2.83063120115605 1.8493252304173
0.00795842753145704 0.930741228385022 2.09252046710264 3.00399450789722 1.89418474244422
0.00767968207126103 0.925018411823472 2.08744933503493 3.08401865137046 1.98798270554346
0.0116260228548292 0.894154903273353 2.02277547646408 3.04035922317321 1.71252455678532
0.0480350059777472 0.819001202812761 2.08080878891334 2.84158022364807 1.65581955590368
0.0161873633294395 0.836263114859217 2.20310032273396 3.0282130584473 1.84704437875405
0.0099514434592136 0.926689814026195 1.97763265778182 3.000343755755 1.74606261700915
0.0433570016146464 0.927986496271889 1.85832526811843 2.72537379514569 1.74800425445251
0.00925900605673461 0.888343213034442 2.1475681849321 3.07663722559096 1.91194090786542
0.0120474750886474 0.8619265348548 2.18922883029778 3.16066972156003 2.02313367191489
0.0166151795100418 0.949703121169245 1.89173823970405 2.84274583801596 1.81619770829027
0.00948278733081879 0.88421801873249 2.09130043216278 2.96541854029606 1.6357334579065
0.00838714594242549 0.927221721171492 2.00496890942356 2.98752806976714 1.99616441901142
0.00966896753028412 0.962456662115523 2.07109410664064 3.16348031211037 2.05440056294127
0.0289843241585445 0.977186913397942 2.14264808864979 3.15472053970214 1.96228772266918
0.0131783496863362 0.940046532506575 1.92544114030823 2.81931766662078 1.91087125363936
0.0228118560146621 0.944987275348213 1.87372203352929 2.93290238151024 1.6935127440544
0.0205109943373758 0.874017286240789 2.2604757872586 3.22801709898541 1.83128685665667
0.0170586607132748 0.945207869696393 1.89542759490891 2.84934896511533 1.69830411691085
0.0096731781003617 0.909078796950835 2.1526736687086 3.07768375326518 2.0179514972084
0.0105107379035654 0.891887614870115 2.17581344852665 3.07274936286108 1.96350087860951
0.00765811256264842 0.948235631795011 2.00341469405825 2.92950300539044 1.96022289691401
0.0175220387791851 0.91417622716178 1.94150634614385 2.85534453870508 1.73787658659119
0.014164246861758 0.857680035533676 2.09909694436935 3.07469324824888 1.69074499240524
0.00983631993721624 0.882781125442948 2.08543210883487 2.99045497391247 1.77905209684563
0.0107212203515273 0.945826028190095 1.94016273075132 2.9165874276184 1.88071644806031
0.00893216099065938 0.972264171620628 1.95114060985391 2.8137292584272 1.94407941142456
0.00816664377895217 0.900077644752037 2.10426579112553 2.97960533400868 1.88698932424876
0.00916912237397578 0.922393809660387 2.13113121907839 3.05364269457035 2.07105749599405
0.00989972010469683 0.959567039852049 2.08114110539518 2.97618383857177 1.97158473723679
0.0146583365330936 0.945353457526 1.9082435489163 2.61102972396969 1.83939274369691
0.00877668951379054 0.891702551862148 2.08883645778475 2.98561691189325 1.90398216286818
0.019018720496852 0.913014111842805 1.93699869140445 2.71370715826802 1.83051560664211
0.0133331886916671 0.974891110755181 2.08437172806296 3.02268099517366 1.90596835902846
0.00891602308251791 0.891586599620203 2.08232708561518 3.03424440633153 1.95608694052417
0.0109362366080224 0.865558580105004 2.15515165545574 3.11713888058456 1.97332445264456
0.00800873390463027 0.904954785547725 2.0764743542081 2.98604175681359 1.76274086933591
0.010408355627857 0.870765187050853 2.15429422402507 3.02203561704969 1.94514716706442
0.0124559229309305 0.978633285029935 1.89243905279289 2.91392798438272 1.91733297870712
0.00822883890491083 0.917560284692167 2.11465812092525 3.10402375103236 1.90978407602024
0.0145642198930844 0.92976640733382 1.93132827260008 2.78991863994798 1.79264478287728
0.00912321476203447 0.946089170881512 1.96252032202106 2.96335051147099 1.80443022802887
0.0236661772225287 0.923070625492837 2.22026101941388 2.98139665006283 1.96743226370157
0.0114965506461592 0.950347262827514 2.11820215138573 3.28274382925065 1.93274942856248
0.0155281623899145 0.864642050015172 2.06299647435629 2.89985827950991 1.9125166002901
0.0142582765421737 0.94846722680061 2.14300110808765 2.98633218714068 1.91862037565171
0.0090911105606569 0.975744761595037 2.02148282022599 2.96017302698043 1.92103448953781
0.00875078769175368 0.960988384846292 1.95735762813895 2.84592012603046 2.02538905461191
0.0101592408842765 0.978423341706162 1.92297750043077 2.80114329326308 1.92605770418866
0.0176700793823662 0.850223862045238 2.09029295253963 2.73936687102238 1.78439647213196
0.00771355851218181 0.935158531009191 2.01368924378003 2.94457194239762 1.81492520032127
0.00790085351724448 0.958223009872702 2.03282087916528 3.19816622760868 2.13741426983869
0.0152786315832954 0.983587556805788 1.86674429378674 2.74520863931148 1.95402796868741
0.0098483555835765 0.892158600988116 2.1641223195613 2.77564732424104 1.96612176104041
0.0549785760660042 0.812042619871312 2.36128117558227 3.23166134544213 1.89103671361328
0.00918138753835211 0.892801799411826 2.14814946406879 3.2710688767529 1.91543811059508
0.0165737923977428 0.985886447435879 2.08073626383106 3.185283278679 2.1376838029478
0.0103789169343322 0.984712965217898 2.02257100684408 3.29856438751186 1.87394768713473
0.0151422787799729 0.911167458159749 2.20135596998243 2.91804467016254 1.99322044136575
0.0144254037272719 0.919334790617482 1.94935324063433 2.90349792907274 1.72255485436414
0.019852292733634 0.939600526711642 1.89131977588744 2.70858837687257 1.96767679315424
0.00871393642654862 0.940579200197482 1.97725021580847 2.94717029016323 1.97087836787268
0.0305710426788497 0.831412212619309 2.08572677421845 2.89716305762447 1.92977291048882
0.00756887882462408 0.917825333363813 2.06348471301918 2.88894053025477 1.84308035561292
0.021773911583046 0.833882455300189 2.27132019341595 3.23544855929204 1.90724125675096
0.0221674603681538 0.925699221899839 2.21222479898317 3.07944044801366 1.9328177198099
0.0618105238423448 0.784075141020454 2.36046794647454 3.27024342034536 1.87368922798733
0.0562718351721413 0.799880181372364 2.3615181293752 3.02869521522387 1.71008360845405
0.0186584485806212 0.99920556059743 2.05867083502302 3.03697106511393 2.20917320654214
0.0693512334309769 0.89152153645966 2.31971776919773 3.04458782761844 2.04427467909427
0.00814395334536001 0.92892579895689 2.1006103110281 3.00421847847783 1.92040113998031
0.0233940859596003 0.90128486804884 2.24630473587996 2.9519467223883 2.14464110917747
0.00759319258288383 0.917350670226988 2.06192631576857 3.20504951389684 1.91047626129624
0.0142027721436656 0.942826271957155 2.15206454547178 3.12533758434908 2.13640339920524
0.00962856241407839 0.976935146443599 1.93379426275936 2.88971839175106 1.95535717178951
0.00808002424819488 0.938299001700316 1.99603363790734 2.94845318833323 1.85681172460451
0.00750654965753354 0.934436512308575 2.06664681347023 2.96405002877733 1.98366434922246
0.0257601549550002 0.867060090357015 2.0071170482637 3.01203806117845 1.71028502817356
0.0264182748054669 0.885993103780598 1.96401760360617 2.84193805611608 1.53311514222951
0.0137372583845192 0.890529897838622 2.2112958721059 3.06838321059288 1.83887801338203
0.00774546869049598 0.92542979011871 2.0293340330678 3.08132567237212 1.76379596878746
0.00774910388860751 0.918751910112693 2.0447164939548 3.1580184663294 1.74567849552503
0.0095714368259145 0.938441537164953 2.11550390372864 3.11300410259929 1.79823230381095
0.00858746873463327 0.917657907373744 2.12420874353226 3.03126609883298 1.99506491739326
0.00857318463008927 0.953855311365511 1.96630217247124 2.96877417410232 1.81390253495653
0.009737284152534 0.877554225089686 2.14422315402962 2.98849502485822 2.03256663891775
0.00810392915091749 0.928449785953814 2.01055323930288 2.9912965443397 1.65321328480648
0.0114835350758671 0.903369505914132 2.18096526722578 3.09612753726619 2.12200864034529
0.0105131578020289 0.869189026708207 2.14958382226515 3.09548746513388 1.80622703014257
0.0206961885745313 0.959002844121622 2.15433331007687 3.28391611816012 2.19800760734816
0.0191167491109478 0.832879629550169 2.14462661506081 2.94590793939903 1.90813095655213
0.0079828012453404 0.914126571632367 2.10767472456429 3.07295013267736 1.74937072983201
0.0242878146786034 0.832496470504649 2.28498635964366 3.10310375298368 2.03111246115562
0.124930984180597 0.88460453448261 1.87836005068373 2.51155817704568 1.72207290976199
0.0111568155262372 0.873842309626191 2.0874355728366 2.93501396569846 1.86120658009859
0.74592879911781 0.899572883136673 2.40192012015003 3.32882653373245 2.22647566677099
0.00879239774868763 0.952829315862794 2.07566932285534 2.98963537710258 1.85428117481615
0.242086048254121 0.839594314018099 1.93564821575733 2.83472426791162 1.66896766393914
0.00874919458253026 0.937959956583663 1.98005690799274 2.97113283397286 1.80318695822231
0.00970228577892414 0.921247565246301 2.14104870551539 3.12885621242548 2.03034081620925
0.007704444203843 0.913662450845124 2.06489733235486 2.9776502580503 1.80497273793445
0.00912803549618195 0.911039174087323 2.14138671810211 3.09804466569923 1.85969112669047
0.0151475888879884 0.936888737448014 2.16704290453209 3.13956336416087 2.03585756987132
0.00976043697635622 0.882383162631487 2.08940579050709 3.1871606929433 1.79592285520812
0.00896795969221524 0.981651504759614 1.98340010820267 2.96292455397956 1.97462076529414
0.0653724258702015 0.804394923210274 2.37526712793786 3.16175463761146 1.85631514910941
0.0086141738018878 0.938457712915178 1.98221896465045 2.80629811799515 1.8477236448373
0.00842604111514283 0.89746431618251 2.12104967989319 2.98087378236885 1.77786339941038
0.00953344270369593 0.987243670704365 1.95017857475959 2.92271945332678 1.93863092945998
0.0135092967886833 0.853783561181248 2.12581775794798 2.86647308843128 1.79139464584823
0.0161813878779945 0.915199951319475 1.94636647106427 2.9895752246392 1.73690108706922
0.432785206183324 0.954324545958459 1.71681219192669 2.4808509390697 1.55564432901815
0.00925187295902467 0.891619747902929 2.07023351485109 2.96207419279904 1.83485182946763
0.0163024481512248 0.842755847603871 2.13253965039446 3.07308544169074 1.81220722859519
0.00752229793519919 0.934314057636412 2.06792135094272 3.05981526811973 1.98762464767022
0.00745554946624529 0.937170769454602 2.02653467670862 2.95646725164398 2.00400287922974
0.0621931906724396 0.886947573232251 2.31939687069371 3.26875102978764 1.97220239143687
0.012980141471763 0.932823066033614 1.93747272479699 2.96814754825071 1.80194643178394
0.275267284884727 0.740777024757744 2.48169511665838 3.14657783501321 1.77958252083789
0.0100181437140632 0.971791589549897 1.92683412405551 2.93323458116915 1.69204713899544
0.16191321790681 0.944378749091916 2.2842826733992 3.35008645490196 2.09391348715998
0.00837070334501685 0.923974106676524 2.01129352886497 3.12165206558518 1.74628173559207
0.128642734391848 0.741279791992956 2.29825132938586 3.03327968390542 1.52071916580251
0.0656231501946342 0.818408793364253 2.05800989138037 2.81352572343255 1.53528079134719
0.0122690965954994 0.880672908258782 2.0496087334517 2.99430797347885 1.73563868550147
0.0760832372566569 0.816779538262439 2.05180882733928 2.95477534638678 1.6079072071641
0.0137978711771959 0.856774921498136 2.1076011713057 2.97127570076877 1.7756311502532
0.008914291468667 0.901494082187264 2.14147526955507 3.20936041065232 1.83733277122547
0.0131716893757408 0.984478898066243 1.8828962982254 2.9178427073718 1.90101355987324
0.0403945950528663 0.956763689131386 2.20014404676817 3.16890159185659 2.01200153601618
0.0516694321993474 0.886221853338655 1.92080756459588 2.89092424313314 1.6455843357255
0.00884753017551695 0.896845796531677 2.06527763142317 2.90076693845431 1.87373151898465
0.01534721776744 0.917575547083538 2.19489847087586 3.10996124506282 2.0334125250628
0.0343582737737683 0.822622868590044 2.10109035443837 2.96334456570053 1.45657079274434
0.0142013959386634 0.84554102264341 2.19376589365828 2.81777982527594 1.97797989397709
0.00844481223637914 0.961906000608576 2.04497613764714 3.11794308278538 1.98024214884969
0.00759070355302649 0.932396635976633 2.02412756050963 3.13589435769001 2.0346678457929
0.00784218817792268 0.956473342529669 1.99186884362688 2.86393324941971 1.87089455109039
0.0113953364613567 0.864671316638271 2.12274269170989 3.10196418484639 1.83488629781292
0.00952898702566435 0.97864250343321 1.93675393480812 2.9170464042219 1.96551334676935
0.0124142422992482 0.879575032649594 2.2042797848014 3.05563540239435 1.94713191717264
0.347837817036874 0.772098197592635 2.07397527515881 2.76070004039314 1.7246199473406
0.00887245518151582 0.961822029237596 2.0569145181964 2.99812623631322 2.05660111620326
0.0160423470963372 0.97536609958925 2.10158028836185 3.14427669915234 2.03473204964677
0.0083667664090314 0.969434240211505 1.97231651023243 3.00015708135491 1.89962030314828
0.0118897386762654 0.905406071983581 1.99529532781145 2.92917586497371 1.93103935534345
0.0110680965479377 0.958341597916838 2.09859943250047 3.03728588122598 1.95376206658997
0.00803470150273827 0.903688877349284 2.10315009701737 3.08645327733068 1.68963710028705
0.015852858240517 0.842739797332905 2.13936592348667 2.96596081255259 1.8576069677078
0.0218826069221548 0.919039172597351 2.22030974267232 3.17398787503525 2.031310649779
0.384064576601969 0.74178558201742 2.1573485632879 3.07811146059525 1.56214124453756
0.0608977833469258 0.846861242085197 1.99320685085105 2.92374624812467 1.53521316795027
0.0450427581044145 0.898578828155559 1.90563793687947 2.82871252806973 1.75428340937883
0.00738048474539533 0.930461084661983 2.04988403422097 2.91175704121902 1.92667616086363
0.0074175207131862 0.942708852585178 2.03969285753365 2.78823417670651 1.9466174633127
0.00899278285699378 0.920022862288524 2.1305159645694 2.88375276117892 1.84452757841568
0.0118828336749573 0.985177902200921 1.89645614453192 2.84348506780961 1.8370229068298
0.00801710725352109 0.903130252984703 2.09608652277604 3.24872338761904 1.90658705822385
0.019735139242052 0.981558859360004 2.10584465513564 3.26598802323657 2.08232426044297
0.0151372215069936 0.858812678105016 2.0843272158637 3.00555576836621 1.80683116108413
0.0102589260375969 0.890091165100326 2.0522539201317 2.9839641424009 1.82528328578504
0.0777988558175575 0.902119416826811 1.86996005059287 2.77627743779205 1.70975839701528
0.0161523067379791 0.922118299409295 1.93464484912025 2.70402568938905 1.69761912130072
0.00751787651590467 0.931289663778961 2.03062679487081 3.17051440027105 1.91707360074106
0.00929845723401945 0.962512246561419 1.94443633605095 2.85468248784341 1.84320720881323
0.0369641009006132 0.872605882094991 1.96866958386027 2.61637949779176 1.50494946261412
0.0185484704768433 0.867148050196653 2.25494214754995 3.29253688380689 1.76362696295975
0.0122376615492527 0.871464980662476 2.07737913703701 3.12587477502135 1.61930573230676
0.00997472851280243 0.917749167170146 1.99323215984981 2.89446520097404 1.81508286107238
0.019238311997673 0.825442627132151 2.196802160275 2.92509342951381 1.96172840423278
0.0166259318263747 0.989725193903112 2.07171717486656 3.0913339791221 1.9627257575174
0.0604521587539055 0.848389359223836 2.35261527824696 3.24858651988677 1.80913570347284
0.0188861218995366 0.832435322848135 2.14958911746048 2.85636529542478 1.68435784186896
0.0107658350404148 0.905043123640707 2.17137903723958 3.07191613706226 2.08164723433979
0.0116219724722006 0.943383627444982 1.93392625673793 2.69480960536174 1.86006101726944
0.00908406082715244 0.973595876857742 1.94701640346919 2.93116104771403 1.9121130288041
0.0094070738391909 0.894824206298689 2.154404346665 3.22881541960882 1.9568599509806
0.0137087001153345 0.893631239212261 2.00449004399022 2.85484265909806 1.74286649112946
0.0156055176192193 0.894424551041146 1.98971936665272 2.91349899400148 1.84185908035376
0.00843946734041981 0.902780059794883 2.06048704859108 2.92914241457303 1.68055048318598
0.0119671192011623 0.972004060622782 2.07865262492151 3.28016383121697 2.06395778313321
0.0133666233388847 0.853350002898536 2.13120337955686 2.96384336723718 1.67640789586978
0.0174454253059388 0.867224396286825 2.24869992013055 3.22351103420618 2.0390658089142
0.00959624388498342 0.937540877800857 2.11729118640722 2.91085390806076 1.98660086956679
0.0193182119378035 0.832145801294033 2.2486014246735 3.10310367688094 1.69008058120973
0.00864072567501669 0.975224252121752 2.00384577599316 3.03062884555523 1.85927908789271
0.0138662201226343 0.997266841349255 2.0305089163491 3.10639674357573 2.05808569748112
0.00864207983165803 0.918991423336437 2.12424278262946 2.8316346186394 1.95632277445317
0.0134290350706743 0.90176573734404 1.98937100955129 2.95607627610899 1.90703703587944
0.0940799782483523 0.777509636168148 2.40052953615788 3.24300095997205 2.06389127948382
0.00772587072909103 0.912389834882681 2.08992762113287 3.14031463711472 1.8800137880799
0.00812164297148003 0.90092566723356 2.10176487619943 3.10927802361882 1.85536940223572
0.00786511845284363 0.909868645204377 2.09987836424289 2.89563725075871 1.83057244872006
0.00810260095866125 0.902502330221957 2.10687255506444 3.04140950742545 2.07543570916463
0.0307169939769739 0.80006688200035 2.23638690048916 3.14369686413629 1.73718103944592
0.00827858296170715 0.93332721153041 1.99765621612344 2.89657783081139 2.08190898538381
0.00840073463286688 0.903127442358108 2.06089872679253 3.09778211825785 1.82764420839109
0.535376732162644 0.846628005606169 2.45140339815629 3.3610796662843 2.13521336938597
0.0107797231789756 0.875586510214907 2.08895741320798 2.88049935313687 1.82453999823433
0.0107579802456607 0.999046605832136 1.96458809533919 3.01555996712971 1.92606548333837
0.00812860905659301 0.913278244137891 2.11383177377618 3.00818886715898 1.92383248446606
0.00761057049673549 0.95397454460182 2.01382687873321 3.09717753361474 1.97450064513228
0.0824799264362526 0.94381903380773 2.25675525079004 3.38497622876537 2.06356306344531
0.0263367431416621 0.968628871089771 2.15308478850854 2.99524106366236 2.09776166079071
0.612708491832967 0.986868879935416 2.25993612378754 3.32815345019991 2.29141568677595
0.0168887443517694 0.981374006023072 1.85841512277913 2.75204704680106 1.98195074183277
0.0162368439653029 0.922573728739811 1.93344527566684 2.75923948725263 1.89205652923622
0.0172154308571638 0.838146717347293 2.23470586940556 3.24546681956512 1.84516244702713
0.0187879427283527 0.969334541438542 1.85947925987378 2.82159785654296 1.6861044898622
0.010539921189376 0.896645802365837 2.03065314989942 2.97203947631184 1.7699494119178
0.0118840197597805 0.922046856247765 2.1649343866746 3.15948856037263 2.1447939852859
0.00978854800841368 0.954480135689325 2.09002590625857 3.0876235461411 2.07005227681209
