0.00790448703474345 0.959650921575766 2.03873813945015 2.99721588473849 1.98321884332886
0.0432979421380349 0.847831040084022 2.03462016847689 2.83999058503276 1.72690285380728
0.0114039931947971 0.904260219208752 2.18634912759488 3.14712082160563 1.97956375816415
0.0333021583033491 0.854014353319394 2.03696207095435 2.8306666618949 1.63404085488629
0.00879515992946291 0.952786125269615 1.95784202785331 2.68300905765238 1.73368206650021
0.0122406453703356 0.867301656479925 2.10156266126391 3.07968453488058 1.85085000133149
0.010073468924296 0.992551173330602 1.91776757321125 3.03331587044259 1.96579570719625
0.00924165810564956 0.964267838727464 2.06092135092495 2.99417313795336 2.01670188723486
0.0468539817403366 0.939750684541482 1.84436595232368 2.86356223778766 1.70624919618166
0.045288080718122 0.859362910982467 2.00420332962838 3.01100274903282 1.80165137994953
0.0208241472347579 0.86011472071697 2.05851033898129 2.83808959317279 1.81369552264977
0.00844071727177053 0.893341446595718 2.09978009757863 3.10182518319434 2.000266496447
0.0115184750151902 0.862008626140323 2.13943354926787 3.0436526918927 1.60981140152468
0.00999293609124112 0.989654719303401 1.91706228584935 2.97606959443607 1.95613038066212
0.0106435102163912 0.990618396618003 2.00813520090733 3.05124295054923 2.05713276843008
0.0139858384488281 0.918836013796468 1.959681240866 2.81997386735816 1.7079356796225
0.00911453021417738 0.920526907394259 2.0045313698037 2.80161956265828 1.81614189170644
0.0089198225711035 0.936895770635822 2.11139412968435 2.97942133751271 2.01455635932095
0.00793154385588287 0.919372424706966 2.03376269782512 3.02122899821263 1.89998042359338
0.0140140136428717 0.950880755447629 2.13672637359783 3.15590145963869 2.06334858191723
0.013423186707058 0.887278225960218 2.03170537453217 2.87115851271812 1.54788166317845
0.0196938758898166 0.859853023539172 2.27576527003623 2.99113078144772 1.983860327342
0.0203753036489866 0.850587587505719 2.08733124186714 2.8180339592457 1.68279069548319
0.011296739094393 0.862708173110318 2.18742938485203 3.10388012607229 2.03799257400442
0.0189088583030062 0.920733883700413 2.21013530679499 3.21415071380729 2.12612075986354
0.00878107109771848 0.944486424946144 1.96882668163889 2.88463089432344 1.78381578759687
0.0215959104858027 0.985074427090133 2.09933761750123 3.10163612542273 2.0548036027071
0.0225975640718921 0.904951261323866 2.24423425485682 3.16373580533562 2.03349669237199
0.00984628201895657 0.990324349932326 1.99105454905408 2.888038460859 2.09294154017684
0.0263471797585455 0.987743410358708 2.10729095744234 3.07121711869747 2.07847332753862
0.00831928052459184 0.947933600319134 1.9737422693562 2.83485196153369 1.90949930100696
0.0106146353367276 0.964556287185141 1.91793364367345 2.80376193793111 1.82693466181217
0.0106941283287213 0.969350252202469 1.91236641560334 3.00133866993914 1.87884516622109
0.0150609102488889 0.852247571428238 2.12048960336738 2.8087382489415 1.87773484272677
0.0202922751923736 0.887080174440697 1.99496480339149 3.07243373317372 1.83471926045206
0.0208437711241408 0.994489945528952 2.07395761524595 3.19444567683019 1.91606073281635
0.00826570778994386 0.974632981911571 1.96640079285861 2.79817020896946 1.79979850614628
0.00736841721340939 0.953096036056058 2.01266636457284 3.17113349734122 1.70448571186011
0.879128655373919 0.683937943930394 2.58502813916445 3.07272777622639 1.75305643948918
0.00941795262987149 0.879136738097098 2.15260053725913 3.06567884169146 1.92412838030368
0.0387217358705155 0.972137404515524 1.80721814198837 2.81027665437236 1.62028712418204
0.0124018767097502 0.85878650927777 2.2099813611345 2.9968165308519 1.92698659312175
0.0234853937138809 0.982592646832368 1.8265112103361 2.91493783534418 1.85576579213246
0.0331241462763441 0.932461586063866 2.22742827266923 3.14184801519493 2.1021103263832
0.00808857584191636 0.969667323303232 1.969314563939 3.04962118162079 2.06426862599013
0.00837816126548688 0.906252427075203 2.05401879186307 2.87637516481149 1.83799922230904
0.0828879664859665 0.90929805996524 2.30795481169794 3.25959056090681 1.98391654809
0.0114886664923591 0.890184458818192 2.19930469068298 3.07254953861938 1.93362683392983
0.00870599412119813 0.980239881176697 1.99506735541529 3.18632468408638 1.91072619398618
0.0116798403155433 0.86057965861812 2.19464687526435 3.12165902738798 1.80302003361882
0.0247861542391488 0.980427546682404 1.82507146225125 2.83813379027488 1.73972684493391
0.00992334597739518 0.980620387879985 1.9168215979775 3.01331508059105 1.944452755408
0.00902240633910303 0.953756380584977 1.95253348819543 2.83526636398148 2.01556211561394
0.0247101202635805 0.939877189878466 1.8809196308027 2.81927169580946 1.81475014437045
0.0107934530905979 0.91351512667141 1.99643140605114 2.92407213076976 1.94310712060274
0.00941242660133595 0.93138763826762 2.12800684047872 3.16776716874776 1.92175405077451
0.0134417834164478 0.850624693631906 2.15245087654435 3.07096157947642 1.74300583290079
0.00916481065533395 0.934115154996496 1.97847513809199 2.84956084733565 1.85522007369373
0.00922966101875328 0.965477678973451 1.93731395727127 2.99551370126704 1.92461137948513
0.0724275559202735 0.817488693861956 2.39554490590428 3.14916704821675 2.14613304701805
0.00997189202716661 0.934072096038897 2.1313361150186 3.0279839875174 2.12476257916483
0.0355020587916137 0.983178762218569 2.1361558008843 3.11857299289133 2.18058580276001
0.0173723406726551 0.969985246635896 2.11620185731559 3.3030532932953 2.1582011026682
0.0307633721176424 0.979308581256967 1.81211405654905 2.89169093956821 1.7946185406199
0.0102517233201003 0.987681724079991 2.01106233013439 2.99947066379502 2.24686318155633
0.0136862196150376 0.975479423412987 1.87880436464193 2.89497131438487 1.94903551227773
0.0102030128958141 0.987544482356463 1.91138387392799 3.09638267539757 1.99362372846817
0.0135680245164346 0.951762586518526 2.13218405084206 3.08015860789097 2.18151333033251
0.0116075828392668 0.975292523465871 1.89701259560148 2.88456629448224 1.67757495425396
0.037465143835412 0.986926939881458 1.79131063318783 2.85892536369979 1.60895118944601
0.0600142371958304 0.775759371417193 2.37274370160336 3.22102121033929 1.83700472025817
0.0100639068062572 0.953121863429076 2.09795442607968 3.05009158213512 2.03239263420119
0.00727155310831428 0.948290669156279 2.02746150357096 3.03738074407378 2.12291852860451
0.0218915578844204 0.95913478751345 2.15508768037189 2.92794538626009 1.98304698690411
0.00995165158954564 0.899330337330874 2.17271876896058 3.15724161951126 2.04333329010782
0.00763647889549987 0.924953645806496 2.09673998111688 2.96156269212874 1.93568360937944
0.0100835787754671 0.95867489170918 2.08656403076487 2.97555075102 2.07627394200926
0.00780741568570343 0.962383707972763 2.0250681346776 3.0290912286459 1.87534060240078
0.116095940061677 0.756979924331162 2.23661979218183 2.9399916898725 1.67876697678298
0.0465381061316145 0.930324719640304 2.24892402988966 3.33887280882915 2.30963648075083
0.0172768579295177 0.97572633986732 2.1032218802688 3.00523007857288 2.24595969543026
0.00899958999514377 0.885304034850586 2.14725769291482 2.9425599936904 1.86739580821674
0.0196637678585631 0.837447756213376 2.27713881231976 3.14414220689394 2.01607169019873
0.0410066664224485 0.976989140858336 2.15735891110902 3.02934117084572 2.04219546790601
0.0130984745405031 0.84913882316953 2.17686717918756 3.11029509708965 2.03759332309183
0.00756624441355341 0.927731740375964 2.09065163953504 2.98362588543287 2.1481521660569
0.0417889409982409 0.92816165057237 2.24684737229758 3.25275245479984 2.18473257234515
0.013244791244819 0.854132226592325 2.21975296683369 3.13578398865073 1.86278318277622
0.016600899904881 0.911485591446005 1.95943198956225 2.96481286336183 1.83393804514625
0.0228369252212492 0.893411279185124 2.25900631828448 3.35488084919444 2.12357766043523
0.00888627089776238 0.890814143388149 2.15072833323943 3.09166110138631 1.81067888982561
0.00914928665444212 0.899256928070025 2.15817669789798 3.04081281676355 1.98456814901814
0.0168785159712912 0.947658241909613 2.15787915474304 3.12697494445387 2.16334686851128
0.00849834216418383 0.890631558798676 2.12151276679649 2.91038937129976 1.75825012329926
0.0632017749529149 0.873011151156443 1.95528960565189 2.77418737037401 1.54364369263564
0.0721883035066093 0.844062439252733 2.01343106179637 3.00608832601148 1.73362727603858
0.00769061189198814 0.957912289393024 1.98599892538527 2.89246799382375 1.83434871836408
0.00776562205285547 0.946454480844624 1.99115109834107 2.99226112178186 1.88001105279233
0.0435164245392889 0.993686913716789 2.12469724844092 3.11133668496151 2.01083443768834
0.0116491077740804 0.90910289330892 1.9970233433442 2.98440191443168 1.86208148170718
0.0090150791373584 0.946605087956667 1.96174225423036 2.81939797735008 1.71465503871496
0.00983110785913025 0.981928626800576 2.02214747820231 3.02642624390797 1.90312466325939
0.035725510673858 0.790999663439022 2.25777739148242 3.06222480229817 1.77378954862465
0.0124533718120018 0.996280642833467 2.01534590008134 3.02925117576315 2.1205980768488
0.00975898660058811 0.877504837896724 2.11661229579663 3.05821828186771 1.94883329511252
0.00719733180974966 0.940095865798924 2.04419526688141 3.10758151872361 1.82225908014178
0.0103016172690382 0.873149614629815 2.11890998390786 2.94122951916746 1.89143401772449
0.0118213998965099 0.921657590863279 1.97036982644845 3.07907695596476 1.83149132917084
0.0137530971924842 0.894959722153929 2.01095849082773 2.98229634072638 1.79046110034123
0.0187299331643761 0.824996701531744 2.23542482821313 3.09905143647147 1.75435748970404
0.0230588221731595 0.98798968196566 2.09737678366609 3.01840238290041 2.08587924548311
0.0257839531644404 0.987672496498063 1.81463664483043 2.71427487522661 1.83396440703457
0.0128835499116056 0.921145897083956 2.17814431925831 3.11611603177868 1.94759314811238
0.00725004565761468 0.945945713850324 2.03540366985542 2.82215225190577 1.7767276956684
0.0556351639991956 0.810487225917211 2.38007365499837 3.26093573189823 2.03522761142886
0.0321065326256547 0.892557862734325 2.28203339782137 3.27982615947368 2.14387976450708
0.0090645539153365 0.974330981244883 2.02957698778106 2.95240211593174 1.93863966105547
0.0185261882344669 0.865008012996663 2.05634382177106 2.97619539788774 1.69616929623368
0.0418544407811241 0.829071596819283 2.08594792643456 2.86826086962943 1.68877767626081
0.0146143870479298 0.891255514541922 2.01355863984346 3.04304236375968 1.69772151352366
0.0104518970544181 0.963738886067567 1.92073961303888 2.8266932983802 1.92527975000311
0.0117059890914948 0.886897085186761 2.20381369759607 2.96382981358952 1.9114539541479
0.0741197380771501 0.757755697367453 2.31751812239895 2.96060823423509 1.60999158866415
0.00810484459535374 0.973526435302967 1.98603946865518 2.87997762571791 1.89635965107531
0.0466443268042139 0.826385466999842 2.08537342692796 2.87297055267853 1.57745360279477
0.0556719071042855 0.912662279982509 1.88261365759751 2.83556231568869 1.76740054897126
0.00914431777321659 0.881445876331981 2.13342584465647 2.99678556158932 1.77073718749649
0.0101022800063329 0.993303926767913 1.91794160692793 2.97558665939572 2.08823385924829
0.00786396053599109 0.968131915083788 1.98568281317046 2.93837726983245 1.80409244977956
0.00723284989628874 0.926935287734862 2.05829829044626 3.00730871121965 2.12413806916314
0.0614145746852546 0.902970609673518 1.89595385637838 2.78163180062166 1.81530932704728
0.00996666458972721 0.99162169014433 1.98875104488643 3.04885409440108 2.07491953435913
0.0179353308793903 0.886317008702094 2.24810166125698 3.29261786231053 2.00669036218596
0.0326767346034097 0.798001395970935 2.22914103496705 2.98031419234335 1.67679243167255
0.00845230224412963 0.891452859680515 2.11540108733108 2.94769143115951 2.06069475961355
0.0545707150145156 0.835546390521898 2.36726446034669 3.20574682939084 1.94512520534784
0.0141870374481765 0.915436700862356 2.19476178617562 3.11416028652672 2.0891610891939
0.0384712221896183 0.899628427265097 1.9271001060235 2.86638601010537 1.75063070569187
0.00746607227940311 0.916127005080518 2.08975862119298 2.99029614399732 1.8008309916394
1.00889772416947 0.900297663660804 2.41032312248392 3.16841004839949 2.3015294428113
0.0213230937734722 0.963023150511761 2.14567289409556 3.15371815873478 1.93797111398934
0.00867660824628392 0.964391838637513 1.94959513145059 2.83278217007959 1.8123151474628
0.0189229598978406 0.893650475300866 1.98593601516602 2.98395942338784 1.80356975048538
0.0122057174554902 0.981612222490669 2.0553002463149 3.00379627426923 1.99532061286523
0.0181705183345055 0.947855127820022 2.16305604420852 3.14769391186366 2.18797216236411
0.0129530651054001 0.952904233048212 1.91064641160311 2.83258725030357 1.80242797265516
0.0683779396660169 0.801071675967205 2.39757004911676 3.39608307798129 1.82444740251901
0.00743671989661085 0.940743155153888 2.06450331121669 2.88067839790913 1.857286756002
0.0397138636599653 0.787464390243373 2.31992345587548 3.24884164903994 1.79766978880951
0.0119658847636962 0.911874482369443 2.18303564288139 3.35009983444086 2.13133009863404
0.00796651980289522 0.902497117015881 2.11604435123915 3.06425850036743 2.04848005678867
0.00720798127220716 0.929366434152707 2.05868904423623 3.02830417802888 2.16391241365371
0.0168126995200462 0.896301479461344 1.98974192065492 2.75439074859563 1.6388601462368
0.00773334500296477 0.947864378076099 1.99073311940228 2.98775211247554 1.84589911542858
0.00817800738144329 0.903706597467286 2.06892809715911 2.94830785491211 1.93487989354196
0.00817937654542776 0.96713624534092 1.96357900643673 2.90607541611891 2.03836789675188
0.0120966259672495 0.872537730096187 2.21318581162237 3.02607460418411 2.00287245819472
0.0139371977005897 0.918797045065169 1.96006505568733 2.83586069613992 1.56843031520217
0.0315750177211832 0.827466929962689 2.32954064543757 2.99855793715133 1.90679621021398
0.0267235070493021 0.847375037210243 2.07116077529147 2.82017253295733 1.93125881510633
0.0111957047604235 0.869292631162751 2.1125148136691 2.93911695245452 1.8251786124032
0.0153301280274476 0.913040228779426 1.96291840039022 2.84396198901039 1.7807020189631
0.00848008649354527 0.949722557400469 1.96791260858804 2.98348814567238 1.74020412606665
0.0108870139427887 0.991141133043508 1.89945569607875 2.83628281712204 1.90121843826684
0.00816844791433055 0.9045275938921 2.12871271718039 2.91276904120302 2.03574966923499
0.022635810492441 0.971678051792445 1.8415626949409 2.99657253104538 1.73076976862737
0.00790525477774977 0.96183906794912 2.03197080457513 2.89611221510864 2.05289679237896
0.0159486570863027 0.965222580270553 2.1193059953895 3.22134281516388 2.27718317539216
0.0102537675936092 0.997411652361988 1.92140335632187 2.8367905109682 2.11923780529733
0.00798685064286377 0.939060505146081 1.99444673387015 3.06566137928735 1.84896646082624
0.0217424682141478 0.943879200778198 1.88301741258478 2.87906208543924 1.905383105132
0.0072394560442917 0.943403151346647 2.04276854767904 3.083026368107 1.94136227954557
0.0143827674067211 0.964453758875904 2.11202757829095 3.04703929456962 2.13949177700633
0.0104760510226755 0.949038595646033 2.11091476673951 3.15912656750084 2.08620786973832
0.012246545662624 0.876447982113672 2.07202586999601 2.92990136545972 1.77067470053202
0.00754540719130019 0.958112020062693 1.99664485126348 2.84810745726305 1.89975519132069
0.0111985100687457 0.939154382759368 1.9455759892431 2.8663645352603 1.90696615400543
0.0110688858606641 0.938919615557333 1.94720496854753 2.7860169525282 1.80641764815421
0.0670723845471361 0.79266425488794 2.39650189433153 3.25338383821269 1.85606384685328
0.0132949787126877 0.930673578801082 2.16686884142943 3.02625593199908 2.07234772475085
0.0255755615480751 0.937013911666819 1.88337861030826 2.89653732875996 1.95781547058622
0.0401117796640358 0.942846477179182 2.22051891876097 3.17617395006449 2.09420428683977
0.0100675043017902 0.883934460594808 2.18026172895798 3.1721963939758 1.8874202667768
0.0136388085295924 0.910800839117346 2.19721474049239 3.00938260689155 2.039237190223
0.0078664553163732 0.942641412615241 2.07764952495675 2.97970430298745 1.90590813704619
0.00783438790379427 0.917547952640428 2.11112295195842 2.95180865924019 1.89292683407048
0.0110388299734056 0.930355235791849 1.96179960658185 2.86745741128584 1.83905448889004
0.00885918505860115 0.891241324723217 2.15004622131089 3.02489840982031 1.95043589849247
0.0109173082300118 0.911217946105635 2.17365695747216 3.14979754770627 1.96317592726848
0.0196171760308175 0.821962491622892 2.22638216908916 2.90233105388568 1.92467908083261
0.0106401240802697 0.866704102678897 2.17183544619802 3.07161055069262 1.98188276988669
0.013698490558613 0.968066584848107 2.09979512217814 3.10830203906053 2.11491268306746
0.00829665879534605 0.894245956162237 2.10897409159659 3.02607828751474 1.93206708090867
0.0102031643941726 0.897888909960231 2.17752087373743 3.19532032251523 2.04007191871014
0.00902733521873398 0.884824791213084 2.14757276184332 3.03779462685355 1.83839350121487
0.00719598304927033 0.930927059734733 2.05525656005336 3.09721972771169 1.88549962916627
0.0211871439028129 0.858657630325077 2.06084950056489 2.82481769212762 1.65517817377137
0.00947296589942728 0.992126497229316 1.96074115399746 2.80661729228887 1.93173184491499
0.0354629694224371 0.791216495340382 2.30003466634713 3.15272179627575 1.93231620218295
0.0273048826190189 0.913734077662036 2.24453862260785 2.9398091958866 2.00278761250575
0.0184756362698705 0.851125288469958 2.09641125786288 2.94576925788648 1.71906404818391
0.0330840745258962 0.793742534226253 2.28159421048504 3.07974775470728 1.75121481635716
0.046789202276129 0.970218785283318 2.17803584833023 3.0401783846779 2.16727968355333
0.00896638094507815 0.967368240938484 2.04753676740703 3.05258212794934 1.91963610468691
0.0395748254994694 0.898166426019409 1.92840497990999 2.61290600173299 1.7227503699611
0.1277157490538 0.737683604687023 2.4067532652843 3.05822506017713 1.83034819267425
0.0143269987645994 0.989821930641421 2.05159756011336 2.88746453286987 2.13828554114432
0.00876051311593173 0.98065343387774 1.9957396057006 2.85625558378388 1.7884006042393
0.00837432293880899 0.961858781296569 2.04807710632165 3.11964471045056 1.99037948065082
0.00953663568583176 0.914881997912123 2.15194708434075 3.00840337943002 1.89715495374027
0.00868537862927867 0.934366187368076 2.11130595772729 3.01072886248283 1.94184307875786
0.0104146325480669 0.956950533577882 1.9287931479898 2.92264482492679 1.73806719473645
0.0140475975804991 0.872063711790716 2.23409487285189 3.01513434379163 1.97997632591751
0.0327007401912439 0.794658943741016 2.26046688771439 3.07793038880906 1.65280867284816
0.00870437718449076 0.971418339674758 2.02936690573916 3.06146431662521 1.83866209070462
0.0101615378335193 0.891574121550239 2.0569665339261 3.02100115750589 1.87749980975138
0.00865610540881569 0.96431108067934 2.04872891753632 3.23123319941215 1.89550102111977
0.0270537892955037 0.922575234805288 1.90461362333295 2.76992801668244 1.58362253162773
0.0113787535933669 0.9123369115163 1.99283806330487 2.60948595324186 1.86387162662113
0.00918700475264548 0.968687299421959 1.93586989910006 2.92540751150071 1.98749133831714
0.00722595454612231 0.9299479020749 2.06423035675957 2.865186361545 1.79480711538369
0.0114844521696406 0.942079424966072 1.93833571870904 2.89542417645872 1.80244387650671
0.0168554906153915 0.832446744394107 2.23284003033063 2.94955770165996 1.76415591398945
0.00900030087644212 0.986454365221969 1.972931394968 2.92342458463909 2.0002917232303
0.00870557133402519 0.910809896396682 2.03378261130152 2.94234095526414 1.82457580242132
0.0103322422804999 0.929726857007566 2.14243390525185 3.10885299749495 1.99741134365055
0.0130543468527121 0.887590194642485 2.03399127735123 2.83172740669772 1.73620546324257
0.0117554802496847 0.981171082679256 1.89114376180364 2.7339250644324 1.89241637944603
0.0109229485116771 0.996926008363741 1.90145078740187 2.86377027317208 1.9298074913466
0.0100874649766297 0.996228158561861 1.96825244355847 3.09258865064168 1.90449344513456
0.0132053084467463 0.857408729411085 2.22306642889825 3.07382327867785 1.82839844681181
0.0108296470734107 0.96017681530609 2.09219537838768 2.95408327732438 1.85371883767401
0.011642521048686 0.863518239345826 2.12793857899114 2.79083064964708 1.97187817343544
0.0105384277591681 0.907127575307859 2.01309971848976 3.07572266013786 1.77413328041221
0.0239365272862609 0.819612142145938 2.17668360330185 3.08860551358001 1.68923038480346
0.0301735898858259 0.798427437952725 2.27564107731512 2.96023353987927 1.83253425768214
0.0173027471775083 0.832837171462809 2.24518776004229 3.25692622582345 1.74030975572743
0.0117724650504179 0.981918211117976 1.89048971037527 2.91902308857174 1.64919718764128
0.0262777241929099 0.835125164971626 2.10823636786189 2.9195352834774 1.79696217459231
0.0126942217532952 0.855071216872538 2.14554535133967 3.05587467359688 1.84529447090743
0.0236010342515011 0.859693943620448 2.04876711351604 2.77521865899813 1.81270980829053
0.0566272556258443 0.806210260261588 2.12903246888432 2.8218268831939 1.7494449883149
0.0270123762484203 0.965635115743819 1.83742678693939 2.89037665394302 1.68898967660955
0.0124223039847011 0.908191660876191 2.19130311289582 3.21809665711006 1.92186383693675
0.00887957525864576 0.90978066594633 2.14560447488025 2.86365765424278 1.9248962289212
0.0223628658134319 0.839109920329314 2.11268181388553 3.01371227017751 1.76824807725626
0.016515254397698 0.842002987100738 2.2519730071874 3.19734560675166 1.92036695648663
0.0389869518194227 0.953419466308525 2.20031978876375 3.1880016294005 2.06423945094741
0.00845692244766251 0.891473974473726 2.12396333851318 2.98961488869225 1.87257351807674
0.0102370166575384 0.879947282377453 2.18288918634091 3.25119784220891 1.83932566301395
0.00788362935492204 0.902434209656132 2.10346383529896 3.03970819209156 1.78218334886246
0.0100063611129088 0.87201454744513 2.156828180647 3.08983919567787 1.9380657206335
0.00761265677512107 0.952421707987966 1.99191755124965 2.82044749369158 1.99445673185635
0.154650373301704 0.803690244381697 2.07191098242769 2.81928714744782 1.66466067452512
0.00837057733878342 0.949314400742146 1.97085283623545 2.92528987148537 1.81066103313959
0.00768889229256454 0.907692112253314 2.08625547004395 2.99516633032917 1.80086167369134
0.0251347207998707 0.808119411088905 2.2622636856289 2.99556058509121 1.62230957778351
0.0161691215036549 0.834159982929108 2.21810728884887 3.08885700379215 1.8053025866547
0.0926156789024626 0.751439020604209 2.38862893482513 3.16019248982473 1.90522123326538
0.00750913435544063 0.958263754096845 2.00174126382172 3.06770425858324 2.06242890195228
0.0106971636768804 0.871429400918785 2.11526527866067 2.96614312320162 1.98219005244121
0.0142300370149702 0.888387959503676 2.02292874223572 3.03087040955692 2.00723288680919
0.0140297428097767 0.954776725435746 1.90074363185346 2.91018199805337 1.73093357054421
0.0129944614933802 0.928777959179988 1.94819417285811 2.76274883109175 1.76235350376531
0.0116085161620487 0.864982513271915 2.20134142772486 3.16609103312609 1.92748966512771
0.0169886835232462 0.89275530080275 1.99664574995396 2.91209844148157 1.93876743603237
0.00908998973363605 0.982951668382471 1.99892636383097 2.91495794398079 1.93999759887071
0.010065914124252 0.995324534806743 1.92317224651554 2.75414844004807 1.96222639612766
0.0107367322850357 0.940686728145724 2.12898773111149 2.99552071387474 1.9242758960334
0.260788451374554 0.712605856265721 2.36592238217073 3.19232873931782 1.80210251327323
0.0117442243718968 0.858629297772961 2.15410348322983 2.97728355182406 2.00182503849058
0.0201478540650639 0.905214466077996 2.23587888706103 3.15324919955143 2.17743076318546
0.00937726237118843 0.934912572856737 1.97389463527503 2.96677234119744 1.84060694811935
0.0301739676439711 0.988193505117171 1.80347614495682 2.71301674774435 1.86863014781195
0.0133664894977628 0.945846271251352 2.14179157999772 3.17587794922397 2.0542018894587
0.0237176183506155 0.829189258617522 2.29862810046549 3.13626139107156 1.91516157535113
0.0338393052470879 0.885918873467139 1.96268470843533 2.66080808167341 1.77142514702438
0.0165348283168669 0.844407075110922 2.25446918870816 3.09329269611534 1.94213180999331
0.0241201911343803 0.873992993050268 2.01187243609364 2.89036477541903 1.86209549599055
0.01030901101456 0.995016384822823 1.98286459409808 3.01341407586013 2.05467359620669
0.0162584015221704 0.837931152961682 2.24139377329467 3.17128518065281 1.8789043125213
0.00997884704454433 0.974198449109776 1.91855188427856 2.91189642378294 1.76415171173494
0.0526378348233226 0.813695202367873 2.37508370697112 3.07690628080227 1.91003167745487
0.00866557471995248 0.981785704294784 1.9587808134109 2.96396546005415 1.86018436494694
0.00893634420309816 0.985618557881594 1.95379052719558 3.01969566866587 2.10992879205854
0.0175343486455526 0.841365168925031 2.26201072012683 3.04950118293051 1.7778173206108
0.0445332117691056 0.810491257054377 2.13598648673474 2.91130423599703 1.76317604784898
0.0680871765814511 0.852266629682263 2.36662477017448 3.19329800911062 1.88577837363964
0.00953149625146483 0.92363465993192 2.14095262581515 3.02513215736095 2.08113475025352
0.00762724543055103 0.921308510251498 2.09970104334054 3.12946396440187 1.87951955882389
0.0118366229288871 0.861228315003373 2.20087868342814 2.93797160036402 1.9834596150903
0.0119661573877395 0.865262232978322 2.11366176410584 2.93495509799051 1.82773803879516
0.0341176796915499 0.832849778265197 2.09140177383258 2.9365878268103 1.78418342600234
0.00938433533557481 0.966867979743338 2.05694309879936 3.14826507589422 1.95717934812233
0.0270734974393105 0.806781339971909 2.28816492284142 3.26318104051851 1.84844878575102
0.01427642466878 0.852679894875705 2.23452129671105 2.95048279363822 1.97176544062916
0.0163306174300069 0.935823078439753 2.17578235062532 2.88539542242279 1.9981783325848
0.0225661863267463 0.833003298386388 2.29377280357119 3.1446008030229 1.81295692015005
0.0075311104630536 0.957340226370355 1.99716827861311 2.84901523980751 1.87461738298733
0.0385091425788119 0.804171524075121 2.17277000137318 2.96108452223776 1.79196201237777
