0.00949921784976533 0.931037575389135 2.12808399254818 3.10373669693451 1.97637845002225
0.0116689214405313 0.891939047745092 2.03911467086041 2.92001577811818 1.99260935101602
0.750557515444543 0.746357632743335 2.14179954050424 2.69206753119792 1.62356156866306
0.021230480607937 0.892754410758762 2.26684907572703 3.21348484380281 2.11933965846772
0.013198013517943 0.847955402241439 2.18574543888657 2.94337374296168 2.0213268825625
0.0093910896743845 0.919114661149987 2.14495071370809 3.04401523233403 2.0163421634996
0.00892711010735676 0.932998376135877 2.11405818873502 3.10036847509857 2.11909115419145
0.0219184889765491 0.886252254348092 2.27694957740555 3.27290743142335 2.04203295755654
0.0082277160980422 0.963446258224045 2.00695051952912 3.00448189338247 2.02610767920612
0.0113130974124386 0.911755355455566 1.99670939448755 2.79423209770571 1.77185473523493
0.0182753727669862 0.873054737715052 2.27368327289733 3.17923430045291 1.97861627635691
0.0104736082259336 0.93230875368288 1.96660380196178 2.97841680778999 1.94002045868122
0.0106084924245238 0.952718969119358 1.93411092246971 2.98419894555379 1.8046728622856
0.0158026201182641 0.991637277995751 1.85019058016349 2.71549490810521 1.96373859445948
0.0136394122145353 0.846591039821791 2.17761969494922 3.06944607966077 1.78359266050471
0.490410386216915 0.973603118455232 2.28668872593002 3.2392857042266 2.19809102436824
0.00759531349299644 0.941513640029124 2.04046545220251 2.98605892158526 1.76025595811268
0.00799885918922687 0.938154268361998 2.07865176978144 2.98518267908844 1.87276973387319
0.0142770677773782 0.842732758725047 2.22431725357287 3.07891560122249 1.90397400849529
0.00963296049711194 0.888788491991614 2.08144820828623 3.01181143098546 1.79771337528555
0.00917855055823053 0.885821864268525 2.10859890038335 3.19374386729163 1.7754813613371
0.00760625908150142 0.942360804091507 2.03899151293581 2.94593961968841 1.94978368395053
0.00788344573589649 0.931491502186776 2.08659640987138 3.0936721984329 1.9988264297787
0.0164208765807159 0.834103431564284 2.19354953094621 2.90960575717334 1.85134699191374
0.0416027014797902 0.783227270276218 2.31239169827937 3.2777896609855 1.79610431154952
0.0118051935469822 0.858005849456018 2.20019765417022 3.08636857231875 2.01722344646774
0.0188965598265022 0.827105507304498 2.2696957702944 3.17248265088203 1.68663147759282
0.0651982239854817 0.766461271448685 2.29213470941326 3.0315268093691 1.75708915548694
0.00857667517989103 0.969760585256531 1.99957251006057 2.95556478028915 1.79128836962374
0.0454325486428996 0.865994061935351 2.34982500096345 3.1428022493878 1.95809148045875
0.00994146818681457 0.986881871703061 1.97522446463372 2.95718946475621 1.95814068382392
0.112883599974122 0.990599241926526 2.18569826319553 3.3563139757323 2.07599959730582
0.00903786142856582 0.890280139657848 2.15697030714518 3.03034827422771 1.89587448180259
0.0171688653890993 0.993519000657814 1.83993877371076 2.71917377177693 1.80572055632431
0.0524469677317008 0.77552638384159 2.3507942116227 3.07620340248837 1.6627651542485
0.00806207829750675 0.926930023227825 2.10115837559404 2.98976551531894 1.74363962716692
0.126795319699557 0.740472483973187 2.37890192680559 3.12879778553718 1.63656784107261
0.00870613234791516 0.942901310539477 1.9791920608628 2.93861567178635 1.76270553761986
0.00790849220546735 0.945482701798076 2.05725028189618 2.85229742207872 2.00626951374109
0.0619440993219988 0.79854438311781 2.14697832878848 2.77947642307259 1.95082641312653
0.0165699276540923 0.833841858127354 2.24935938712089 3.02556979814762 1.94044433994879
0.0139860779835807 0.955077155819646 1.8993130887396 3.012907011291 1.84149340364484
0.00807308581004873 0.937402643961675 2.00508676747221 3.04595684467638 1.82545150209169
0.0204420878986387 0.921509556514181 2.22326134093224 2.99652410190019 2.09951892674799
0.0104926060856015 0.881321638554679 2.19493876093662 3.29619697629269 2.03181380392094
0.0314595814715779 0.838644616231343 2.08195034764337 2.89732303105307 1.70147069934096
0.0410786368898614 0.827429709297281 2.09194389327521 2.96772410921528 1.90440565384844
0.0171433702417306 0.8356025576273 2.17064610501633 2.8911641125306 1.92309155602054
0.0210205992437707 0.883424551809929 1.99971155686247 2.98153504601844 1.76571553333868
0.0100920662199188 0.92757150519958 1.98005507648726 2.97508332815734 1.82821305282255
0.0307755580258047 0.812888076250079 2.17020753158722 2.93017953027026 1.78951976493104
0.0862031505766118 0.904661953588017 1.86914172588845 2.88372337757687 1.80586552661985
0.0462455047446163 0.78486234648664 2.24014514469657 3.04386331578302 1.86490660133486
0.00875062498477612 0.949463830739795 1.96994593647105 2.92157650543898 2.0875473134625
0.0125964700494047 0.851690723557218 2.17884328308542 2.94110202272688 1.86938604241064
0.0133121927186494 0.899744923898767 2.21541129814285 3.03392058316865 1.98705870612633
0.00857512958042199 0.970341089943083 1.97761091095229 2.97276193835448 1.97405169976611
0.0573872835690556 0.787182110790572 2.19655061289334 2.97495704462272 1.7328005507043
0.0100225718313004 0.933746004627931 1.97009469468392 2.8302767490296 1.85298110416496
0.0100408439622946 0.873331646447274 2.1370427073227 3.05511260961052 2.03003583627056
0.017261896562216 0.924352583353003 2.20499400845094 3.11043221930878 1.97117491207828
0.00808934328121236 0.955224595189237 2.03651651373569 3.20838378126727 1.96097456127046
0.0148836515713479 0.889041720881184 2.01788533034302 2.89076527096277 1.65276296599537
0.0256412827239321 0.90813559998292 2.26044189325585 3.21227506639155 2.13296503495571
0.017563026264263 0.861008974016486 2.07433789789412 2.8317440532756 1.71902765713502
0.013434846862203 0.998462879708709 1.87092014331254 2.9689618794053 1.65362559263393
0.0144190691293468 0.955466706415908 1.89579058262183 2.82702720513245 1.74173833729939
0.0196502287926696 0.880020877067349 2.27426535365004 3.06862655937448 1.88530241598907
0.0095767641139882 0.983311707950549 1.97906824163876 2.84385950604349 1.92373291945942
0.019128276382508 0.822775832729916 2.24848588239093 3.01118742756766 1.81757830982733
0.00943621686811487 0.944551522951537 1.96230594123668 2.89718488429046 1.89767493867244
0.0246386013907692 0.874097650969293 2.0090644735082 2.91535041111399 1.73370029417122
0.0237452269655825 0.886914229424243 1.98217879328213 3.00934914763952 1.89289047358874
0.0102868586186502 0.903444866435793 2.17836776731369 3.18609360821512 1.80767840045578
0.0199644835509721 0.908537454357093 2.24116415543273 3.03105685074556 2.03096356647854
0.0432152474883105 0.801938263913861 2.17094721193818 2.86753544213785 1.69118402580046
0.00765987284780818 0.922373653961963 2.08491050015058 2.90349644864202 1.98296522567158
0.0473251731193014 0.806027863596684 2.14663475266811 3.07378062273778 1.82228446405395
0.0157243691669838 0.986400553003799 1.85405894125455 2.92376837404631 1.63365605550229
0.015515897300783 0.915178851576583 2.21004841578577 3.11920401220795 2.17098327148014
0.0130057142579648 0.900554233017297 2.2118976228022 3.03732115023627 2.03658245683806
0.00828271933293924 0.950295177225478 2.06013544928175 3.02382577834726 2.04672615832545
0.0085162622392796 0.893036912743471 2.1169876610561 3.05344361355432 2.07876592205077
0.0100962617022142 0.933118548286261 1.97014369605115 3.01579334486715 2.00236376596404
0.0255295275360288 0.813230319288635 2.19987779285485 2.96735703615252 1.67241670876819
0.0292168558682667 0.985915040534326 1.80057748894701 2.8645235166852 1.72792807746143
0.017957339842561 0.96264201499585 2.13394446387211 3.10674252150413 2.07913821889068
0.0207247124481373 0.989723122896315 1.8243919277741 3.03522772658594 1.71280530743094
0.00858038424795136 0.96662319314644 2.01726649233697 3.00142053683739 2.01795937452966
0.00984742703318633 0.954893307044033 1.94237028324624 2.80471475673185 1.76894081948469
0.0106984122910099 0.867048396669318 2.18453143756783 3.10894816133679 2.10974657371533
0.0169306585943887 0.915123440486167 2.21788406468536 3.25198644595059 2.0494660938234
0.0131081225206553 0.945187380900678 2.14160347772718 3.02588936448283 1.92244290131291
0.0116041063251957 0.858027457517541 2.18103072389455 3.14193958491675 1.98500741613952
0.0100033520082228 0.880839708153025 2.18327575793534 3.11995615006633 1.91607168504846
0.01068381362427 0.906211186342148 2.18090485064633 2.92350165889268 1.79394341450307
0.0118383040073255 0.874282533104354 2.21860641414509 3.13642734554265 1.90281307772608
0.024628269757909 0.915245901614603 1.92060916580785 2.83702767775488 1.69334029292156
0.00887831904855283 0.891067462206957 2.09828287766158 2.98177433207505 1.98812501403266
0.00786316078389269 0.937188537834466 2.01399655253896 2.84347751664551 1.75075772196502
0.00976179732195263 0.926561941683726 1.98669761623327 2.89510084891503 1.80005203085615
0.0101229554397448 0.986047485558935 1.92766665194671 2.96146375523708 2.11337731833045
0.0076477155773918 0.945350528091929 2.02970187363809 2.99215810536893 1.99942923235244
0.055057233457311 0.79638609366171 2.39564103444983 3.06609868975918 2.0450056919807
0.0481000146510933 0.942979500320659 1.8295635110551 2.88158555359564 1.69090848833875
0.00782888267731133 0.919406436437711 2.09974856779726 2.98538790289623 2.01739818748612
0.0133423176768156 0.992059367331037 2.02326936081442 3.15213732473942 1.96077393785979
0.00805263261611011 0.903245793850322 2.10443877574028 3.08281049790953 1.92366120219348
0.00890101890076671 0.926604471902499 2.12433813660559 3.01468259402901 1.93866230699582
0.00789138453649588 0.908429563971488 2.10065241533146 3.07031169845324 1.79770868537889
0.0363373478875435 0.95247043710474 1.83075875237593 2.6965410568526 1.58273254321393
0.00830042261477893 0.918823359672436 2.1200935621238 2.96194163554613 1.9870896654226
0.0371626161196831 0.989316608509492 1.78005189182514 2.83958044694103 1.85969322405771
0.00908040431563099 0.895642974339873 2.07368655934801 2.98321405162923 2.00618743329462
0.00996087640221669 0.897345947031306 2.04912695537423 2.97282986573558 1.85182598486888
0.00774920935565775 0.92299940571266 2.04682296931828 2.98467623355573 1.78865366761419
0.00811540456645631 0.943563207635208 2.07106269329021 2.88197048709599 1.79370804448104
0.00789087901561722 0.918704481503462 2.10382366790383 3.06795582731943 2.08486495456984
0.00931707255215382 0.974712138367007 2.01337254870621 3.09558417865066 1.9317734510312
0.0107121446705454 0.889491233896608 2.05841035520949 2.86754395731769 1.9951271181573
0.0111059889337948 0.995576169332023 1.96899581009532 3.10070375017543 2.13857823333749
0.086728921440924 0.882659645543353 1.91361196182188 2.74130212461189 1.73984970485689
0.0405998008259113 0.819630571339821 2.37067603248397 3.35565348922706 1.94719598280737
0.00859930408830276 0.892169361640494 2.13317165695938 3.12840292503275 1.83876924454893
0.00910941610260137 0.921412207513189 2.13643135370407 3.07711769339337 1.90587102957268
0.0111477228971553 0.958952701303328 1.91997769356334 2.75023129069186 1.92499323390699
0.0091048854502596 0.950113344571679 2.0822899187004 2.84210414669671 1.92701437162916
0.217547358958756 0.841359544895153 1.96088327669731 2.74092746844638 1.66724722179568
0.0491844671083447 0.971838954239211 2.18371539383077 3.17258138897049 2.07366484289305
0.0182177626021365 0.938450781813002 1.90123853602159 2.76314821039301 1.74210929994075
0.00886458704213675 0.888986170078552 2.10981223522246 2.94745702869878 1.94650379207871
0.0134057243870438 0.854031743789306 2.13985302930418 3.05560274195059 1.82993177060062
0.0221359871556408 0.940891919356741 2.19533198915155 3.05692187050769 2.15008554900024
0.0168670977837339 0.985496634326596 1.84740246354266 2.76044032489509 2.05249649985874
0.0613105240903723 0.851271897066802 2.382152907358 3.21108947670888 2.20300180403779
0.00901624875161029 0.97404384945297 2.00410502154852 3.0486840269562 1.95780715569962
0.0187851641288959 0.835731633564436 2.28351722291557 3.10641180280109 1.91358529949232
0.025495763466805 0.87049503770792 2.01509489391521 2.57131762933974 1.71088824721832
0.0120795753762316 0.863783996840945 2.21960707923216 3.02180689689341 2.26645729480738
0.143837416977152 0.992825776202811 1.69885726661737 2.7376737529752 1.56914734509011
0.032965423825787 0.877783517889223 1.97948821413886 2.74147964023406 1.60200387303171
0.0301941604396787 0.947281918798733 1.85063714948898 2.90358967036178 1.78236430159653
0.0353735989594657 0.842533802094599 2.35132314994285 3.03584229785086 1.9511867190488
0.0504372800606169 0.843370219387066 2.3762860339883 3.19836239146631 1.97897242559535
0.0133197790824773 0.925590658417062 1.95147831277136 2.87838603650973 1.9094024226014
0.0105234835454786 0.890030361498534 2.19284874962448 3.22578105314945 2.00773807163954
0.0094710877592126 0.918405583523768 2.00749141215809 2.89098284223863 1.85152917827768
0.00821910258572836 0.899159483116008 2.11314521560771 2.93756534337967 1.84336335823565
0.0113291963961125 0.990044160218829 2.00158718093813 3.04905181562286 2.0571806707791
0.271369006209845 0.963094258786088 1.71309040119391 2.77387294536204 1.53380945821254
0.15545868730595 0.815423793572141 2.46174840314763 3.0919345809583 2.04309876532204
0.0215180118670229 0.852003720249229 2.07887997015709 3.18364217245358 1.8601300315682
0.0472165110793912 0.821504739872784 2.38300878428275 3.02748799961919 1.95856543606731
0.0124184087012657 0.968356678626216 2.08308523769173 3.02175735011826 2.05759182077914
0.149405999450424 0.734799492628872 2.36948103282112 3.16720542229242 1.47944645916632
0.00873424835845033 0.890906234297133 2.10781969522477 2.91034199358264 2.01362163371496
0.0912161872353887 0.808126086698481 2.08891253217234 3.0237544929545 1.59307252578624
0.0124929168341503 0.962650960190565 1.90179509080338 2.73705037814325 1.93894002957898
0.00860554945661931 0.971241759150938 1.98086674977593 2.8934768410074 2.00655689339286
0.0104996843835795 0.926617048310639 1.97648256299016 2.8909512983969 1.86451927411443
0.0213375846467825 0.840560233742123 2.30371731735832 3.20700835804909 1.9122714316119
0.0183275143619341 0.887378934021068 2.00211895750257 2.9242452299992 1.81786167285931
0.0205798901477465 0.84950729818827 2.09101916716288 3.06243097074273 1.7906527561356
0.00955748516439216 0.957990538490514 1.94409942355568 2.81453601017791 1.99531950023659
0.0134210103479903 0.846299191949243 2.20442721720679 3.03986581846813 1.94505647268212
0.0111875025382264 0.907420659620817 2.18567286342143 3.16903017752096 2.03787963020249
0.00766948221343244 0.942573966027276 2.04878945336949 2.97393675178941 2.05218049230724
0.0433995648603342 0.916972697709813 1.88166215772681 2.85946945222012 1.73289786818998
0.0670435081869643 0.94262542385243 1.81217550500559 2.61692062169882 1.81691065226381
0.0130270783775948 0.853796563726327 2.14862319114892 3.00969576808558 1.95742140555554
0.0142480916569415 0.944700696082475 1.91260544304843 2.83380209055481 2.02139255591842
0.0591532003237828 0.806994734732224 2.12369868579337 2.87597542690516 1.74185661967396
0.0143270002065342 0.86761566003169 2.24932819315968 3.0900790581933 1.86897611156391
0.0117977306289611 0.987558535392937 1.89211857415343 2.93436622260968 1.87066223347336
0.0601185493515864 0.865978480630943 1.9693428072682 2.83403735568995 1.84712850039053
0.0101358181633758 0.89166166579505 2.06185378460901 2.96140117519742 1.94942800914458
0.00920765574509079 0.974211249505371 1.9466373270213 2.91326261196573 1.9771200313094
0.0115186366658105 0.93142899078588 2.15332642753137 2.92318428721469 2.07434267382217
0.00829058705037346 0.902917777579447 2.07889153920898 3.04078671456153 1.86274970360096
0.0111636377659121 0.862090749916 2.16119457236142 2.93177986067904 1.77528919758147
0.0217188503661573 0.83078690966281 2.30292461879654 3.09236714160534 1.95845746307345
0.0135265347748378 0.94427206157999 1.91831899889741 3.00947348438513 1.85916716804442
0.0142642746506199 0.877882985353885 2.24353231663728 3.15524633622161 2.01898728328564
0.0147472972768224 0.931352370552899 1.93141639934248 2.78428483903063 1.89364518781162
0.0104090703045908 0.868316015534991 2.15725230665166 2.8049844460683 1.90610637123219
0.00792670029006178 0.948726104903356 1.99931043044831 2.90373094807972 1.82900611312772
0.0118534187089088 0.949731523881097 2.12113810586354 3.1689034846444 1.94458184137991
0.0108896715509664 0.969673805107956 2.06177148687646 2.97104464240198 1.91521896472212
0.00929846947723008 0.903661685957797 2.1606428162487 2.96316639878742 1.89295767324546
0.0187927246619324 0.907481175177772 1.95620740417809 2.9707258521727 1.93567990568899
0.00790064463970392 0.918651207509402 2.1043852832348 3.0741418752106 1.87195506017866
0.0134553507683722 0.998701888951434 2.00074710191458 2.98947443566867 1.97417664953302
0.0197390359968901 0.939735943907148 2.18876008768268 3.19231742702368 2.20845270172862
0.052817054572205 0.940214737858681 1.82901042174407 2.84407569328858 1.68940526033721
0.0229764299796921 0.826395334206138 2.30816613151651 3.2096140123646 1.78835159500808
0.00775159351707611 0.928322951628187 2.03478372626565 2.98501320171585 1.79001184216039
0.0856784740071647 0.957328046259386 2.24419353352319 3.07538986888757 2.12606830135912
0.0175008906096559 0.837268422732355 2.27195659735027 3.26553698218359 2.04740151792877
0.0078739426134491 0.94745412152382 2.00303870976976 3.01943178910127 1.8308063064608
0.0121509316228276 0.96913216518977 2.07837489837945 3.00768436293402 2.04686572846151
0.0116236058127132 0.99647216672055 1.97908414474741 2.99873748736128 2.0596944995368
0.00763618383011141 0.930282483104178 2.07402160633627 2.98339460217321 1.94373480673256
0.691451720885175 0.733109393326954 2.56389901468476 3.36668705952563 2.00816475741199
0.101225199115528 0.750647243935965 2.30887662744819 2.94352962889505 1.56236120998757
0.00863752470425958 0.9033129372462 2.06325310913653 3.04246802278733 1.73279259486758
0.0102396960619818 0.877284293513829 2.18753880580231 3.02128337408911 1.91994175154614
0.0238140586269239 0.833810568891818 2.31624928946297 3.31460868911264 1.91947311525046
0.0217092056906828 0.887243880361152 1.98835285425351 2.85154059756758 1.80688996052717
0.0354415031916905 0.830901769113068 2.35652389333217 3.33542360498674 1.87125684660666
0.0126211715058586 0.986357580966286 2.03383372127161 2.89551181726147 2.03491555726787
0.0137647516779906 0.857060262655081 2.12157608848457 3.0038857214124 1.74573335116078
0.016277628296229 0.889463244343055 2.00805790199967 2.94675860008892 1.90960432469953
0.00917483414204516 0.88516374416029 2.15674340439044 3.09572807835478 1.96687571684086
0.018973555993982 0.894801500721059 1.98236102165947 2.87622148397312 1.57633436929448
0.0168895175850928 0.841814016442381 2.14492064452407 2.79701185352147 1.75523341840386
0.0145430846484931 0.862638374236858 2.25254390645793 3.04518401160029 1.89828290119497
0.0108959694213872 0.902683614297547 2.02190907255287 2.79620194690193 1.8502818694459
0.00889531295078035 0.957353027299422 2.05910805328712 2.92482338588531 2.14907861969321
0.0172346376171733 0.863617209945864 2.06892819288833 3.23726372671852 1.90285547105801
0.0345865456575023 0.820662622696975 2.35551735602106 3.18846285864541 2.01835150119937
0.0101158982888469 0.970026883765171 1.92471707769888 2.78868905169234 1.94953578875503
0.0145334716483152 0.886575903445718 2.02639363024609 3.02627787421247 1.54852956793178
0.00872777577511584 0.971410046399266 1.96665058856026 2.94248161564375 1.7776095964569
0.0346253189736183 0.930147545250727 1.87090216414916 2.80142483042509 1.69558804698481
0.0134828565778262 0.971989103311933 2.08342704506318 3.04015377406728 2.0500195094221
1.41542388559949 0.671469803636414 2.43869397593647 3.19019106989729 1.50685116272483
0.0768075131213479 0.951089195217402 2.25099212684454 3.15768327534682 1.96286692551099
0.0121498714429667 0.861696447328499 2.12959509665858 3.05096925518036 1.8626830835306
0.0358586395584375 0.9971765415198 2.10252745696628 3.11172161469351 2.10101270532311
0.020317663788231 0.841385310754281 2.29768582362586 3.20479007507823 1.92926282108304
0.0100963325437524 0.987025565006237 1.93072674412556 2.89477211124867 2.13096667831821
0.050782751826914 0.940960937539544 1.82991565819949 2.73462034152483 1.8329876410688
0.04906909807083 0.784523973355025 2.23104657122269 2.69924355437503 1.81715706861299
0.0221481246338013 0.838543314270189 2.30809319594876 3.14672964455947 1.96154869471752
0.027911403964823 0.802343684135151 2.28731662489484 3.14699560422985 2.02334033273766
0.0110869681879976 0.980330589462315 2.03257962049518 2.97765583878012 1.7376750373625
0.012688374316321 0.970311031634343 1.89188603789199 2.90511203328306 1.81860214103935
0.00950594972145646 0.92064150820618 2.14477417581224 3.00450934333276 1.87341539956361
0.00935755909405882 0.912194749820659 2.02310142258834 2.9709590696188 1.9005566114796
0.172367092118105 0.747761542641897 2.46784767274335 3.03980019775979 1.81529092320029
0.0216597385180492 0.945249704101265 1.87686451719035 2.84689596541024 1.72979570921785
0.00809536497342264 0.903809461207275 2.0890189760471 3.09478381649631 1.868928118195
0.0277494708913877 0.825428843456738 2.13599478236942 2.89507817060058 1.96225461724022
0.0361443721170891 0.978596543635084 2.14927946873185 2.9639255645103 2.07241485001621
0.00822775097860483 0.903987946573253 2.07830064407805 2.93763840800762 1.8769146018281
0.00812736853665851 0.901302345035778 2.10697714708934 2.88554503295373 1.70332834297742
0.0532033989433327 0.802003666233116 2.14919356094785 2.93026910516245 1.81795682288282
0.00803797355667025 0.908009189471303 2.11576974544209 2.96066583833925 1.86480073365286
0.0615938656014259 0.967860966370525 2.20510883677003 3.23440285928424 2.20240875600785
0.0820599919578927 0.919343790768571 1.84341065285761 2.68586166236484 1.8096244927605
0.0130670388710038 0.995274964128002 2.00866964002136 3.12520837980611 2.10224861781334
0.0084235512972665 0.922423087164963 2.11911385491841 3.13862865670744 1.71318113319267
0.00923475609303461 0.940649238068679 1.97153901494646 3.11224784787924 1.83818352744185
0.142885592790473 0.83025041866799 2.44654819730529 3.27650677459153 1.99240042339516
0.00762849347497344 0.934547343942762 2.06561493914701 3.03264799952021 2.17300703414865
0.0835970956940893 0.89926437211675 2.34257677286671 3.2449175815785 2.03251090377105
0.0111013940528061 0.974748849764583 1.90639951066018 2.93491227414338 1.95000701285747
0.00878629256961549 0.961637876518576 1.95926879981487 2.79905370940136 1.74998042663103
0.00915784074420157 0.959362172923938 2.05987487596404 3.0778856997663 1.96017752223494
0.00950845733445391 0.88921196023841 2.17205622136586 2.98023250588758 1.94220736111856
0.00785282125568175 0.924076881500559 2.03840491063555 2.91071906131955 1.80512885796911
0.0206882277204133 0.97405881023842 1.84042337128451 2.86291190550541 1.8870795607229
0.0527414773253068 0.823626940413623 2.39073028277203 3.12447422499416 1.96428168852567
0.012560749933031 0.855599359176112 2.21872664923515 3.20329620654688 1.9216555948501
0.00805069053216702 0.941203229582566 2.00068444219907 3.03477324681294 1.92088087599139
0.00803187705834456 0.919665894540529 2.04059461042219 3.08039212314161 1.92454295303479
0.00816205151814084 0.936814033208152 2.08727709197391 3.05291351433421 1.95025354331831
0.00818073184050461 0.958132406215121 1.98418367568223 2.8113585393006 2.05846491990881
0.00811350551459883 0.938132377717928 2.08296077494648 3.02370030102591 1.98077805665174
0.00757389222033642 0.939989353058356 2.04057760497144 3.01994078907357 1.84649201399349
0.04934105600781 0.904553884845074 1.89845993761595 2.79490095294392 1.66707484630649
0.0221108062743852 0.91942426498586 1.92032641286229 2.86634079162661 1.75289000885456
0.00761269958273205 0.924431036605688 2.07846726869126 2.95671536230202 1.8371689467482
0.0111059878014011 0.880541096671892 2.07888347064846 3.01125592465619 1.83841589293527
0.0476139146288697 0.780753436465055 2.35010744771009 3.28067442301391 1.86139819845878
0.00872310455534895 0.900102298862937 2.07044897410219 2.97058708611511 1.88075345476673
0.0642689248461051 0.847390911594638 2.38834458395331 3.22592583865317 1.93771115418478
0.0766793354246623 0.84233366407979 2.40295561951188 3.19824952281691 1.92641264159407
0.0200297293991919 0.995447313127622 2.06009132200928 2.78288175365363 2.07879439857857
0.00798696184391677 0.906699645028575 2.11002674898279 2.90272518177154 2.0288835880075
0.0281601410119558 0.811438815350286 2.19018329617854 3.05666162221038 1.79585846823905
0.0109141557009692 0.942727807559098 2.12560085509616 3.05297099956781 1.90137521500584
0.0883003691326891 0.973608358427249 1.74956956229455 2.81075485116392 1.55248465642654
0.0132480239473277 0.86716236700552 2.23800264648151 3.08700916566801 2.0340584169196
0.0177383969581114 0.831087020411056 2.18729292481307 2.98130736284707 1.7115475844318
0.0487681857739278 0.83612528368957 2.05497697181063 2.84477174343988 1.66507433845946
0.0108163296953757 0.928434186551101 1.96936123564282 2.95607684289981 1.86078441076816
0.0116984888919963 0.965902776840724 2.08184075243889 3.06138118598309 1.96386722916477
0.00791763346653408 0.953519040110475 2.03091694768426 3.05668211658864 1.85141070792586
0.00921970441286061 0.97804763311706 1.99274534755898 2.95829625842224 1.88411311580169
0.012962115413843 0.902933251967996 2.20870642259737 3.08173583098666 1.80156156832351
0.0235814127632392 0.96448543333698 1.84230133856693 2.82624259638789 1.79947845436814
0.160273698998228 0.749765965143607 2.46301849896509 3.14770129136526 1.99865070250057
0.0174007451515586 0.962075353688306 1.86977427012387 2.70381546962088 1.83205423187739
0.0453944159905573 0.988766459991514 1.76764160524876 2.90319790520573 1.66426562507209
0.00948135535836825 0.980662730162331 1.94406085479213 2.84038574443821 1.89426007133848
0.00775236580484577 0.945193052156303 2.04807901395724 3.01813247947704 1.87624322855504
0.0208802676659425 0.884156131077273 1.9985598229134 2.88980480653559 1.65666912019376
0.0352070246430907 0.852795084982175 2.34423359125811 3.15322589572875 1.98610356109068
0.0086183380858297 0.969380550627075 2.00562407428582 3.11932046268555 2.03398441346607
