0.0144749987063303 0.879740422258115 2.10988627473294 2.94393178650485 1.88141251968756
0.080815628669081 0.8461363774273 1.91644892773645 2.64679249017633 1.57536692236604
0.811874953490196 0.665432992260141 2.79094074733925 3.43742811410677 1.85061939422643
0.0233088335230829 0.807642904326369 2.21798917191254 2.97166953641158 1.84555245471303
0.0170477817302755 0.955912867373221 1.93217439067533 2.77179020913107 1.9293907637333
0.209032653468491 0.816390141649042 1.90991345556416 2.7328488683913 1.34344760488229
0.0160499383247265 0.860142313404583 2.20801793520442 2.99028684760955 1.81973580534548
0.0198316310389232 0.927585881420313 2.17654539803429 3.20168013417766 2.10213354141278
0.0234299777670547 0.806492931467184 2.2936542138278 3.07178634538844 1.8796925609216
0.0385357746526097 0.993980405178159 1.75903007379302 2.79122204500989 1.71227537108638
0.358710384107533 0.996722594014258 2.29145094922682 3.24902371961299 2.08064920458744
0.0154951847459141 0.864303836411775 2.12580686172763 2.92780570639395 1.95240390279607
0.0532752648733511 0.779245701773948 2.14672377821111 2.97674544060187 1.78572050979545
0.0340324383032041 0.902823889748767 1.88612658465297 2.89916094799021 1.69892961117966
5.58547531059108 0.916388175570546 1.53558147946028 2.27375796415715 1.63357103885152
0.0140698947663014 0.922157652259001 2.08297373461886 3.29020204826677 1.94740784670332
0.0244454974261697 0.98135438463402 1.83724141933129 2.65593963438721 1.70544135552372
0.0145797703900911 0.890589594139771 2.06848659947905 2.96054404028576 1.75191376122795
0.0175138000161096 0.886157993939775 2.22142090208742 3.16234188423994 1.81288443509887
0.0154015420738466 0.874013555476229 2.091282229434 2.84636986950414 1.74732551317069
0.0360110285754227 0.804289839807958 2.40720803481177 3.35004775226883 1.92261351908452
0.0513384851080212 0.861690494661571 1.92434100355731 2.86071060029247 1.46863557851257
0.0160385527203525 0.888018573330123 2.19625588816174 3.04931228091054 1.98948899457073
0.0318976006261513 0.941166921474979 1.83372791533025 2.76743859607191 1.64493873430695
0.0155977940229347 0.957074828215812 2.00793985865486 2.90764924888293 1.99828832968116
4.02779017030898 0.63680516319861 2.92778496835815 3.65822582902188 1.81437342629685
0.025302949355275 0.802775221508285 2.20973309081254 2.9847539850921 1.81119028834266
0.0185936585911505 0.874922928249938 2.24730147562394 3.06117865543528 2.03164841649032
0.0291803710359461 0.815910918400231 2.36832897465802 3.17800032796826 1.76718445495683
0.0295090307002683 0.78482351362023 2.26398362107244 3.03947680246521 1.77495966923364
0.0317231079953063 0.853668607009218 2.35724454151767 3.255879013525 1.81372631164336
0.0156197039706279 0.906920041209944 2.00785121279238 2.81273304089482 2.05575173169893
0.0236394707559571 0.938534304295005 1.8779783329189 2.86767211549639 1.74760464586966
0.151388179551668 0.894498086778477 1.77002780920676 2.53119001577033 1.55942710684389
0.0544218908098192 0.865690579576143 2.4031232431326 3.35017712877274 2.07187693456936
0.0198704930028711 0.895624922324054 2.23419894209734 3.26919339507596 1.93128106456897
0.0295748089828342 0.810467213589217 2.13389897831016 2.81583875095898 1.65701107543479
0.124064173265635 0.779768048796576 2.57234645884298 3.23326823822819 1.98923605093492
0.0255462275990398 0.980037491445689 2.08543952763642 3.09050323920699 2.00116433405012
0.0144216582739693 0.877545287763913 2.13488033121773 3.00609008228195 1.83022411919915
0.0839780828693296 0.737945583843383 2.24127570777073 2.87140610845863 1.80821606831165
0.034329946429657 0.776670180347433 2.25197964640112 3.07346045662726 1.84419196184302
0.0179373694026686 0.862866050502602 2.24803577311772 2.99489182643348 2.03451480522802
0.0274048760966733 0.792852053874468 2.23908881236127 3.14634608392985 1.76615087442407
0.0156747110180731 0.914910937788475 1.99359270391918 2.85156924315508 1.68802066840722
0.076919469670968 0.908388172346252 1.79761473995375 2.69531571946176 1.4057382313422
0.0183741310244538 0.854589220497369 2.25780739996762 3.08822419820412 1.97878077309664
0.0201474238560648 0.911604497282685 2.21039400441421 3.14213778737401 1.93079391946978
1.07205961874712 0.675060833464675 2.81813091326525 3.61373790060293 1.9372324954902
0.0336076451444675 0.785559753901557 2.3839859993924 3.07833991636133 2.00752289683333
0.180958203963158 0.679563332293925 2.5703914844632 3.24552585266171 1.61748107401563
0.0144129259413739 0.937911514679558 2.02213446415347 3.14447644994881 2.02863725619718
0.415767648842114 0.8939835313065 2.50649494413877 3.45147727703073 2.07507048919095
0.0249109916134501 0.842500449145144 2.329954689123 3.23619060424604 2.01561668584834
0.0180074009461075 0.922733564697565 1.94756399619126 2.6609090163086 1.77718409868524
0.0256440238314427 0.950368237426081 2.16732211294418 3.04047431032956 2.0345928114946
0.0183866728253457 0.837634014771907 2.24947058612212 3.08948977401253 1.97262390144649
0.01551636101399 0.864570042762453 2.12358928402682 2.94170969740649 2.03518783322325
0.020278622441852 0.867671465831846 2.27232400507389 3.21295901240909 2.18385044213448
0.020127038064244 0.826992241985918 2.17206169281273 2.9539053957377 1.69109116730923
0.0622437723308747 0.759815884397244 2.49164598425746 3.17364203556028 1.91028666239248
0.0387234414857364 0.957262732914306 1.79084731060148 2.88228533567144 1.4968487633846
0.0213275008938227 0.906073628008458 2.22968017513816 3.10542639706812 1.99297598709368
0.0242962042402329 0.853091278946877 2.03805390098074 2.85657940540129 1.71685782623919
0.048569466233431 0.92092307651968 1.8181309402644 2.77930581749424 1.57014822844398
0.0149407944285663 0.868273664965371 2.16269658676314 3.0796570721006 1.94095384060119
0.0269344671336834 0.964324706339713 2.13952825831065 3.18010782796534 2.01312503021501
0.0181360841349931 0.972858965905604 1.91731262871433 2.8807760347346 1.83335553742868
0.0162405862174317 0.851807882453783 2.19873609127245 3.27225978596083 1.69415733640369
0.0744125087370354 0.829780339636821 2.47719570258351 3.21121968813844 1.99917393997854
3.51954838176156 0.859607198849874 2.6726099671313 3.47191612437001 2.42031540961079
0.0558449784908119 0.875808242221812 1.88657762988187 2.72666664934876 1.6941021330128
0.0279615051247228 0.850491853796382 2.02274437722357 2.95741561020229 1.63923560883486
0.0151194153487814 0.919859965724521 2.12648762562271 2.92208592743265 1.81152203169154
0.0202324366847626 0.819886181609788 2.2449855626547 3.08245331015473 1.7552992527928
0.0149608581591898 0.871254993907244 2.11944359223416 2.99253300606811 2.13831093469084
0.0186129654494267 0.875787276199975 2.24665510513041 3.24286536259476 2.01877202349863
0.0150737173580937 0.874100179622246 2.18065845520441 3.00896685712009 1.96878018941295
0.0238614263207864 0.994455671524426 1.84517612079216 2.86340495623892 1.84615905364419
0.0551809161228924 0.756515582148556 2.46609885123213 3.14914088442034 2.00180506615603
0.0149172082244652 0.915016046713432 2.13151860928783 2.94977851540914 2.1119236225951
0.0177541433903432 0.868757033508072 2.24168858942823 3.10796473172576 1.96430593914796
0.016771112482401 0.860661405268348 2.22767980825256 2.9664347259848 1.97670846309634
0.0145268740818041 0.898395760355995 2.14769921792023 3.11931753853738 1.89997886033009
0.0308387724221914 0.782750678727771 2.25592805467993 3.11536211941312 2.0920377565924
0.0528003598310952 0.857223707892707 1.93135750326337 2.78926071726763 1.52568815162016
0.0595025858628055 0.756891392880881 2.21698469653949 2.76980782410013 1.46505371195122
0.0488526897808689 0.901686885574369 2.33796283661125 3.20156874243005 2.13719215315586
0.0188855114291454 0.905997927106272 2.20823835031004 3.21589100404815 1.93636529855053
0.0195448254921576 0.987832192408209 1.97273932427072 2.93896535706089 2.07645619217289
0.0564193131693076 0.811885317320886 2.03709990728896 2.89285276437142 1.55263439335335
0.0403830612846736 0.899302183975853 1.87368967435726 2.82223001943386 1.70843985712651
0.0246907567620679 0.896325139279625 1.93884710321672 2.73899809015894 1.75257828122668
0.0152947421883361 0.88774097350145 2.18086607578299 3.132649320333 1.94902643227275
0.0204460108786917 0.881873041146062 1.9982363368825 3.0066395834836 1.83821823855364
0.0153129612046584 0.86333747630121 2.17739514207866 3.2168261332688 1.84355565659518
0.0183090476549041 0.913152737563245 2.18954722240656 3.08068463384061 2.13409062057288
0.100318897513067 0.743278746016931 2.19289314310267 3.10346399650127 1.4933671509435
0.0189966084502317 0.841215762613245 2.26671063457769 3.0620237545356 1.89242840693135
0.0141105522721065 0.915080459569929 2.03773081729427 3.06468496078811 2.03138413620241
0.0179239482413721 0.915887501980103 2.18004408650602 3.08326245333144 2.03655255218233
0.0147541664707194 0.94262965496896 2.00179120576974 3.07296992402966 1.82646043260417
0.0193542845849614 0.889826574331571 2.2376323137391 3.02146556020749 1.92732692346023
0.0303497438485499 0.994176412073448 2.0699229172045 3.01750975412123 2.04517786639092
0.0151331835791791 0.943029116345577 2.06161391644891 3.27766620792416 1.87063505362244
0.0361616207791096 0.820126642246359 2.40240761392976 3.20855459138081 1.94173836994091
0.140289688239133 0.941156371815291 1.69889244756134 2.7050201919726 1.60089495103846
2.33135069724354 0.576159419814605 2.72062050740348 3.33866479190717 1.64199220639311
0.191227818132499 0.920619168382061 2.41137076789731 3.48312341233021 2.15313292360322
0.0160144631295097 0.962254091263407 1.98265285187667 2.80303659009578 1.84846929897454
0.0175235699000005 0.860261869036327 2.08829103425618 3.04674828498659 1.85949221546542
0.0159080251078227 0.958593369146649 1.96913905893091 2.86435890768065 1.93914567924227
0.0254730631082773 0.933939820794589 1.87300184379454 2.95673807940062 2.00738665695365
0.0142287307184178 0.933935821590079 2.04093736887596 3.03159939085962 1.94041080336824
0.0251080366794295 0.924333562448568 1.8888381231309 2.80890045201539 1.69139333124
0.0227621271900589 0.816283869952068 2.17726130281127 2.92901509261324 1.9003800711214
0.0748195263173926 0.887281342767869 2.3998174409662 3.25596489073701 1.94447071699702
0.0171669507539602 0.934889413661541 2.12948827820897 3.24813618460523 2.03405820269812
0.0220173685132068 0.821579596805529 2.1636440591581 3.13702435864173 1.76697835700107
0.0313124258320122 0.877608290380784 2.32668672409914 3.26499220842039 2.02685483032598
0.0180273449764028 0.964204804016591 2.05618476072646 3.06122510837662 1.94676099493055
0.0199728612741551 0.992037063103816 1.92352982971441 2.80879945151269 1.941086374401
0.102177016596108 0.704017603610999 2.48457825401236 3.18009112826046 1.81999063968904
0.0169042486271322 0.846261117458253 2.16256263251933 2.93847739728084 1.77681316696272
0.015007148108218 0.896767608037459 2.04110986278201 3.07257721877745 2.00885456790663
0.0237970102508342 0.896551998346533 2.26216436609171 3.17088057398776 2.05407042514554
0.021814043851689 0.92961511670439 1.90250243920548 2.80227906387913 1.89969615684302
0.0359000793785916 0.816784414553558 2.08039184589764 2.90147622628922 1.64965666674287
0.705436442424215 0.923631331739906 2.48237025644062 3.57984352431635 2.08163680257707
0.0253597007758417 0.990873158018607 2.04710309297625 3.19000561433008 2.0238384232103
0.0144803548714043 0.900563782078124 2.048267004823 2.90115151795358 1.97003858227637
0.652025167493106 0.713858176481254 2.11310825025768 2.74007374697834 1.62228734607677
0.175584586983093 0.932256489371796 1.69646558527205 2.66949975029926 1.54849561243603
0.0150940736014929 0.949496811984429 2.02637088333328 3.01199796722696 1.86568079735312
0.0327991159703511 0.968682303687462 1.79899171858968 2.72996578948135 1.82233919194067
0.0163134097487311 0.963705828968944 2.00842208611518 2.9247615845656 1.92746403007514
0.0409516640817655 0.868832838762728 2.36967440085811 3.20967857900429 2.15814516833622
0.0140938337482097 0.929450208052093 2.0373825809543 2.96716382663412 1.85196329086149
0.0145510911675135 0.876446837267992 2.12132150726994 2.91786137930291 1.66237043813061
0.01431901787428 0.898409043016706 2.14010280905101 3.0827241160835 1.99486732818763
0.0246986769123496 0.865428487011115 2.30892013768487 3.23269774390812 2.01918469253571
0.0404561214889198 0.987977194729218 2.13051872108363 3.1183385380937 2.18461429716458
0.0555768349852817 0.919495792124094 1.80762766987779 2.87099512733265 1.81610933695324
0.0353641947213658 0.917426851158589 2.27681449500576 3.20334362132821 2.21096765508274
0.0352856821875229 0.772614941646388 2.26950708830606 3.14578844759238 1.68874445917045
0.0196919367797815 0.952602471443159 1.89573579272369 2.83242389932931 1.81218117133
0.0138249163566325 0.918374241134041 2.06478219928474 3.12402911236914 1.93618757208225
0.0275883382251036 0.845189696685326 2.03864888818839 2.86423685677067 1.5072762209464
0.0454103262636925 0.970335058873517 1.75870936290776 2.82747311640414 1.81918327084558
0.0162014802259018 0.946296394433181 2.08105598438611 2.89453406684805 2.11724466115342
0.0150469014619009 0.939353318810007 2.07188255440127 2.90212647226924 1.94838550773271
0.0218443788415291 0.822133825857442 2.29912890203936 3.13373752267575 1.97182909871936
0.113343545479929 0.769141626975457 2.5697854201635 3.28043994169418 2.11663202854754
0.0269455947126381 0.792174894776238 2.25628040355175 3.19477796034147 1.61510546930444
0.0622434125569092 0.990247836634874 2.17237951323103 3.11700969825081 2.09729683207684
0.0540940660712478 0.875299946189875 2.38902950659056 3.36514846631641 2.17946792195446
0.0217973462110498 0.84554851933115 2.07945901788391 2.89707877913338 1.81538385320052
0.0194529409934665 0.828585458097982 2.18043237269132 3.14771538514096 1.97866712751283
0.0181305504393843 0.914495811995295 1.95861789086727 2.83985886068263 1.69550296321559
0.0140139943970352 0.892487150183032 2.12664649092951 2.83805156219155 2.010530720777
0.0230216141769804 0.934173655442454 1.88772820187095 2.99548110404984 1.69608969062581
0.0164173985222052 0.891706219567872 2.02391528838898 2.74119819814276 1.87835106737798
0.0470182820428517 0.920711330418916 1.82165324319668 2.92135338567517 1.66795990496698
0.0754718431261347 0.964456016983332 2.25316988296547 3.2034237768644 2.10243149125784
0.0202967177867921 0.866472092021436 2.03597921043182 3.01827598658776 1.73914627397065
0.0225464740202345 0.808297281932826 2.27088300867185 3.22368246779339 1.848256710965
0.0185536751092439 0.958291064521003 1.90634912887246 2.99146206368346 1.75593943766602
0.0236316132936415 0.838337889584137 2.08499357461327 2.75855471291445 1.82046404686124
0.0177041061489518 0.927445934565117 2.15388329463048 3.11051857878256 1.98804293682375
0.0246763025501866 0.805125954332975 2.31623858831431 3.17499099218713 2.03819594175422
0.0139136530609772 0.893933954600084 2.11460336633011 3.16833431438713 1.76000610396578
0.0194256108047764 0.8510423451559 2.0889802294113 2.97115258134562 1.85302666330714
0.0193395725290244 0.957852994496848 1.89629434188853 2.79732023558432 1.72582738934817
0.263398322719457 0.858477295562516 2.53636629208974 3.38139121601021 2.17717468955315
0.039147257896804 0.925478812281648 1.8329742214896 2.83955467847525 1.74755750320154
0.0146429121151846 0.879140133076006 2.10220010550192 3.01416287462582 1.85075210549089
0.314849790743013 0.695332511682482 2.2453822192215 2.96593778797541 1.61664792860383
0.0247325891186768 0.95126568436235 1.85621249221277 2.72583682052956 1.87896868117605
0.0140717729986916 0.905218741217588 2.12005973551116 3.13719540855987 1.84197180154533
0.0150875694569906 0.941671019742938 2.06502665157119 2.92016082138429 1.88626435445999
0.0252539029618237 0.813020281736971 2.16004060652573 2.83881402531138 1.78207348900805
0.0441546206893804 0.946380470759696 2.24266480686621 3.30531414470034 2.05762476127206
0.0226568275476635 0.847094087751215 2.30956326802937 3.00237192112916 1.84283540568115
0.014898393581414 0.921256435384994 2.11773810395403 3.19442565168266 1.92899631563545
0.105765790238174 0.816158213258021 1.96441095969119 2.77566085464474 1.57587792310993
0.021740007995112 0.812971662075557 2.22305256786458 2.82859322190861 1.87260215865647
0.0144926449712395 0.939217467252626 2.04079055751261 2.94575876761083 2.00292224048269
0.0166348652168727 0.967850414560991 1.99419863833873 2.7133449131307 1.87828173817714
0.0142892223454152 0.933709753488381 2.05366747596835 2.89266974925478 2.04179439297863
0.0309094537863157 0.913570767105607 1.87888283262416 2.71002644176839 1.7298436749274
0.0196080859756216 0.990325191490107 1.94007996731966 3.02844506795652 1.96962042767499
0.0180656995800205 0.903809213590897 1.97766962114819 2.88842056176364 1.68435590525596
0.0270388509913595 0.933309559719694 1.86561590822821 2.625492426824 1.63409946797444
0.047431327822901 0.938750441843548 2.26596549362761 3.03481925923563 2.203208161904
0.0188079895509688 0.980637179106042 1.91356450410663 2.84532413050856 1.99418164435159
0.242428109531049 0.946311404011565 1.65371569493123 2.54663894065656 1.25864101217518
0.687888310063048 0.638299804045172 2.41375381964462 3.0847200867119 1.57572166815786
0.0160386162196882 0.858801797203685 2.20619561880778 3.02516602735148 1.82700441254168
0.0867224691392416 0.837015763810489 1.93118208088022 2.73561791639081 1.5906326604016
24.5917850151785 0.541461247674554 2.49019687644327 2.98660733409805 1.36334628803664
0.0223600275888343 0.863924844610392 2.29403797796043 3.14613987418777 1.97605186163677
0.0171868415124833 0.887742677863018 2.21501869071536 3.08197386084275 1.8923173833369
0.0178411231528566 0.919714440794316 1.95393573597754 2.88104069109593 1.90819856030339
0.0147065729237286 0.917093732089211 2.01298483025969 2.78509525286324 1.90380422490494
0.016611107108905 0.847251224005708 2.17412846330095 2.97639336781899 1.96172754774031
0.062567905248245 0.921305603008941 1.79394924964353 2.55881263757298 1.66069638051405
0.101845079088843 0.844134544365238 1.90129227671913 2.89920529944575 1.65632510458216
0.0151867255510681 0.86467227495632 2.14375862691329 3.15853722752032 1.81517424348459
0.0329776193223698 0.775094304252191 2.28711370234161 3.05429408776806 1.80342547358111
0.020405807082991 0.940672137515775 1.90013376223382 2.84459077745426 1.76641798917733
0.0330416223582342 0.946906920522955 1.82201286569447 2.95090216474089 1.63335902888903
0.0158120027813138 0.865774501763679 2.20363832599786 3.19924185894364 1.95139216805577
0.0157682716110781 0.940486072579461 2.08900227110629 3.06939608453317 1.85663150892012
0.0142134678615477 0.911101548061173 2.11651051505421 2.84311293238823 1.91765237169966
0.0378016235803432 0.776668225285789 2.22180368823741 2.90708748719984 1.75330379081321
0.166876556911969 0.680975387189967 2.43465528926841 3.1787700441631 1.53633505219912
0.0217165640375098 0.811943673550849 2.23942665852504 3.07698957754745 1.98315346123016
0.0217152163807065 0.822402613682564 2.16461048079985 2.96051263391825 1.8640417248615
0.0344605452647473 0.918816764593683 2.27132184174364 3.16090723788414 2.19829466483672
0.0168218306462517 0.970384979588764 1.97242852876113 3.13833335852477 1.95330107454227
0.01398841366831 0.893746629531085 2.1246083935555 3.03053999443002 1.89477315076816
0.0143194616007913 0.883970348329293 2.14657610324901 2.90720928000287 1.75574690476263
0.0217524015790134 0.92491751441047 1.90964299820366 2.74926983932566 1.72945918641872
0.0436730928339738 0.841712846161054 1.98765289596388 2.7243584267757 1.64105269113274
0.0152544053035353 0.901487605012002 2.02553359131414 2.83691167281509 1.90476465778255
0.152946821000414 0.723880957102689 2.21510499549729 2.89822195661964 1.72989486647999
0.0161586674902696 0.957388260154429 1.95589644682855 2.91159447829676 1.87765707258692
0.0154039929385171 0.954133459579717 2.01703916055829 2.95471742719323 1.99285580556171
0.0182378973899449 0.939184572396729 2.13336142982055 3.10920615620002 1.97808071082797
0.0227606577618858 0.892701913793019 2.26127676422399 3.36059696653524 1.873986332816
0.0176470213944772 0.977224804166946 1.95783977324759 3.29608473229842 2.10985636248109
0.0264702684131825 0.804638034009606 2.34042259482551 3.03802269644822 1.8477881433033
0.015702956385929 0.954532498822714 1.97009992050891 2.9322946451233 2.00495157005195
0.0156087003368838 0.957655910722821 1.99538383304807 2.99547989541073 1.76148954595505
0.0158335626739953 0.876994154936452 2.07109663421669 2.95634791267801 1.70546938582975
0.0329805040991921 0.799683912223449 2.15240314392356 3.11402382956769 1.81599894015482
0.014255175916047 0.886642158787129 2.14364797825297 2.9954279939587 1.83602862329838
0.0173214048121933 0.88123006633079 2.0341326028211 2.99639563269542 1.83424211485497
0.0151607010171038 0.947875640213758 1.98590870900959 2.93855267396666 1.96937801029227
0.285017512327209 0.764468652644898 2.65873269852223 3.42224133433978 1.92256640007977
0.0608281237216181 0.938618139945236 1.77003007668473 2.75035155236078 1.62634241830431
0.0269419960272344 0.960922222295779 2.14845290091901 3.28269361806521 2.02634075879421
0.164786404496028 0.914398680446421 1.72953268137405 2.47023899347662 1.66782366460789
0.0143502578213149 0.930916099701836 2.07072853300897 2.99958660410473 1.93741586992609
0.0142697108709955 0.88974246973031 2.14458548283866 3.15851949273077 2.0885952155253
0.0209119197784897 0.877702413833141 2.26738671230925 3.05437117526925 1.8721247264526
0.0209326156640173 0.857381855168866 2.28720035512182 3.34630622966693 1.99168169517076
0.0144756051973509 0.878850555211353 2.15208777461281 3.08903682849997 1.98308608085728
0.0209701119788225 0.981599319107503 1.87339151865545 2.98306881206335 1.75103138718649
0.0145753112529305 0.934943824434874 2.00447992838698 2.92151220536149 1.81436399347505
0.0235186207275545 0.809125086977184 2.20327748249002 2.93749238828434 1.82815399091227
0.0157636435145249 0.932653368404966 1.96987446377912 2.78260343931477 1.8614079881176
0.0217513846919643 0.954625281198322 2.12955101410793 3.12724531723612 2.14340054501091
0.0861196570098049 0.888951344159298 2.40872983926026 3.3936358640644 2.00733997251002
0.0141123504563578 0.919568384629143 2.09289545019602 2.83314428686762 1.78294081707099
0.0257892424530796 0.870757752041109 1.9857226400547 2.83129807498287 1.7686784390928
0.0179612440464714 0.957448804216045 1.91552635804868 2.90391718917956 1.6284774392226
0.0326514436709343 0.988826534341546 1.78511051242871 2.79655353216216 1.64586945157409
0.0631233395270289 0.974220435477611 2.2142118702705 3.08860309702349 2.11682385740166
0.027036608090758 0.877377687346614 1.9644771700987 3.01187719625735 1.72348870900692
0.121470918810701 0.758546559959052 2.11639165268005 2.90455200507542 1.52341882093381
0.0538356425046315 0.744681145006366 2.30778668171788 3.04069842309504 1.74104017707687
0.0233166625036344 0.804677831754698 2.24959820127788 2.9458648203253 1.63162966371813
0.0139669631824821 0.896645756254384 2.08257512454144 2.92785371052887 1.96087254616566
0.0158557354759758 0.956592740048937 2.02987223126349 2.91429402376313 2.0783749699684
0.0167461435356604 0.95029020543764 2.07979015405597 2.98364451186421 1.97210811323842
0.0239255247256035 0.948106772927917 1.86479162373206 2.89025341124695 1.69559520776859
0.0221290463904169 0.85799274792186 2.04151048722256 2.85743871962711 1.70851207195368
0.0975973501516158 0.941376774124052 1.72603980455225 2.66815295153798 1.64520328647423
0.0156415724993471 0.957057391443112 1.98191840781684 2.94226224976119 1.91256287284512
0.0144066936475506 0.928319460932182 2.08246857453242 3.07600245404514 1.97777611999708
0.0870655503329299 0.767753784392733 2.54007098837849 3.26729454807301 1.94417463923091
0.020196477678991 0.989347824009528 1.89826518244174 2.83389018647176 1.88735176222813
0.0367456433035153 0.784757529385656 2.40529555414247 3.2798330319808 1.97798557880803
0.0348122974653404 0.996482766744677 2.08440775298034 3.12800616199419 2.07665528089996
0.0747710830588467 0.796090842388184 2.05135634721886 2.76402893156751 1.64071311411737
0.0448999639241499 0.776216386803284 2.18643575701494 3.00628450269931 1.53501538839571
0.0140507158888181 0.897026648940531 2.1282903681702 2.96781671094953 1.79534361398081
0.0173106199956534 0.964994265760317 1.92948489268452 2.92318918124455 1.81313119859451
0.0292007687034289 0.816496047647213 2.36841468013746 3.13709808547543 1.89079625832514
0.0525358772605553 0.888183015332124 2.36683445978985 3.34393491698665 2.17822986396369
0.0138324304976138 0.918759220635019 2.06684921096381 2.8358841034835 1.79349548029487
0.0191592691537815 0.83355873196116 2.26254662069331 3.10476333459258 1.87374073431791
0.0467228797876873 0.968989658259154 2.19677825066118 3.16671219711724 2.17414389336844
0.0683049069016898 0.950499041612759 1.743022179459 2.63012759552153 1.69002344062333
0.0261743333158866 0.793540607572047 2.29216196143214 2.85223552946217 1.83467417653273
0.0321056857407614 0.81414250566723 2.10627604332291 2.97770597889953 1.90232515582006
0.0539227250199098 0.739601420378019 2.36478941668618 3.00801495167066 1.87290818794456
0.014624686652423 0.91455736179165 2.12426819883804 2.96297156302785 1.76582657387132
0.0175457742341274 0.903959288043192 2.19648189380288 3.01593244299136 2.00308021800044
0.174336238720927 0.680388291661585 2.42342099062975 3.11328326844475 1.57294900462746
0.0289602805135825 0.870128577073416 2.32636422673003 3.0940236157392 1.98214757225504
0.0202996452754669 0.923106847261067 2.18992918294663 3.12553675179441 2.09962951187048
0.0363587346160588 0.805085361838079 2.11578202016062 3.01793211024571 1.90565929327267
0.0142307726128443 0.929987551821158 2.06640366985319 2.96834998223715 1.92274543633898
0.0257319370787356 0.798232499119062 2.23233275429329 2.96621932339667 1.77645246344376
0.0359257991513939 0.948231139835094 2.21610449596179 3.26911308923045 1.98509423835508
0.02578404390249 0.988068190912653 2.06059732157491 3.10369654643716 2.05460645628555
0.0166352162302072 0.849921616550057 2.15176953097763 3.03931217896737 1.7458643858788
0.0392610218572629 0.862458728086346 1.95103036593348 2.71523828904077 1.7053056071544
