0.00844939981208435 0.911575565235851 2.13410312360137 3.16725072522256 1.86856526443401
0.00751228431270773 0.914605271508943 2.08363431846747 3.03666281954501 1.87565949174328
0.0133762744234566 0.96794329057328 2.08884116707688 2.95989416263777 1.97747618584551
0.0147738282350907 0.879522283825587 2.2429824189503 2.91523553143487 1.997818700238
0.0172348972427034 0.869496425545968 2.05071174524985 2.87171326840747 1.88279892533002
0.0398694342742682 0.7974525547501 2.18825331841254 3.00295542551448 1.76967411062356
0.0110657547236044 0.998849619894392 1.95615893956618 2.7987018791496 1.92811598594013
0.0100467318379303 0.992111377719364 1.95273593183029 2.89529660220398 1.85315627560202
0.008367149927277 0.945620918824573 1.97913338595871 2.79402214064825 1.7707282962539
0.0136274719790984 0.844064337807022 2.23348201270516 3.08564262272229 1.92671410550669
0.00775450814300582 0.912350808528772 2.1081920897294 3.01154837602207 1.78232570120781
0.0126451507495749 0.944812524008489 2.13359974256002 3.04385002204789 2.00642501719386
0.0282692888724305 0.93783557496992 2.20899861730353 3.29366539193076 2.22399074905581
0.00753015170591285 0.914744978530655 2.08887743751843 2.9520177533117 2.03535810130534
0.00905101513137129 0.976091314423816 1.94471463367101 3.21214874185505 1.80632402702698
0.0398088580470566 0.85869285624441 2.01342417158366 2.94895785113613 1.5818542800313
0.00768059112075315 0.907551589876825 2.09302883046375 2.88658169053871 1.84098673548424
0.0332114619101142 0.93417223582657 2.22538814831652 3.16936585969769 2.04633671533125
0.0404615168045089 0.934201492646222 1.86108381142568 2.72013506151685 1.72952041752535
0.0654843099083252 0.894449215371843 1.90986362074296 2.91426769227502 1.65452606378067
0.0140337428486983 0.999067785640799 1.86157661320228 2.90830071026081 2.01308646952879
0.0181329675348737 0.895753021217435 1.98518415958863 3.00504309141981 1.96431387955002
0.0902019910947069 0.744713986671708 2.36389354384758 3.00192101281365 1.77248261377214
0.0221567801631613 0.848029566054525 2.30531450837737 3.1949543377144 1.94709813846014
0.00791492488644262 0.91288449764397 2.115666876179 3.08194882116759 2.0802950139097
0.0259816329268507 0.801638156967892 2.3000804724165 3.01897731148596 1.92987707838369
0.0206451761224812 0.82914815059146 2.30075340119142 3.0707309393132 1.88551829153932
0.0319220784148722 0.876213051295339 1.98764031229929 2.86466244017684 1.65001830036662
0.141357750439887 0.989982221225099 2.18878806124359 3.14389871982342 2.30162161096161
0.0107994205676204 0.861695424929676 2.19094590358082 2.88511319977883 2.00466249926342
0.199531699968842 0.990943702825401 2.20205301569306 3.12384312852292 2.06741724916942
0.0132678608169923 0.896422671721511 2.21440797800649 3.17211672637315 1.95348220681731
0.0113631786460882 0.887889849650173 2.20511904352102 3.08137939698967 1.90413223942819
0.0084626524732493 0.970335869069661 1.96617475845601 2.99865412641633 1.8007843534403
0.00884955822172502 0.914402676013364 2.13990426881226 3.09138039281394 1.86012624563209
0.0110101415065904 0.905042983091429 2.01284844824702 3.07575518960026 1.56961806164505
0.0088686756159388 0.892067777205036 2.08242339290683 3.03304095769918 1.83528243740952
0.00956920350362042 0.8888118248464 2.07494006740224 3.01873152742354 1.79267727153434
0.0114232488460217 0.909921325611409 2.18130574046777 3.03175132314608 2.01163392247172
0.0306508261978974 0.793157864331779 2.2581507878253 2.95791818175375 1.87744601186872
0.097557038709875 0.744038097321288 2.40335879392155 3.16443216136063 1.80960722137191
0.0118231835479688 0.894791798569281 2.02780168295563 2.90801215335356 1.79950669327727
0.0216273740463589 0.972466266655312 2.1204646362482 2.97815271264571 2.18401271918369
0.00750801017696176 0.944683332755523 2.01645526764476 2.91767448843744 2.02374342099781
0.00812372845833329 0.896819233603057 2.09940636883695 3.04320448371458 1.84455716006931
0.0407413292793716 0.988546392245259 2.12622408307499 3.25043014623953 2.33241634237609
0.0512182485577577 0.849450529896244 2.36469927993372 3.098243441851 1.97689097406373
0.0131757084882177 0.953008867157738 1.90931641611661 2.92727302642285 1.64180743995053
0.0106959384796727 0.997456656117346 1.94788620862838 3.1147677285067 1.81595050069095
0.00809031593488292 0.940467367802116 1.99340212754898 2.90379248412208 1.86557423370477
0.00912688455581226 0.936148930613798 2.11060460164686 3.10744555542877 1.80094798940775
0.00829913762203548 0.891956980573566 2.11511347770357 2.83031731048074 1.87421743460178
0.0105172889163797 0.871683195062051 2.11252886425777 2.99123420812638 1.86048754445207
0.0257132813059849 0.910725191742065 2.24769924494531 3.1827174583376 1.88334875695106
0.245627776521756 0.757975537060242 2.5099137472901 3.23143902262657 1.84348900774715
0.0915535378649355 0.9335887079394 1.82134528242363 2.7690848532062 1.73213273099901
0.944745752382042 0.707556485812476 2.58596516334702 3.39864249036644 1.8231517826629
0.0680248429711134 0.787710743745757 2.41869227456722 3.15451271551622 1.9398827410736
0.0140670036523529 0.940791255530124 2.15151858899431 3.04186225966674 1.96483508981583
0.00865730280507261 0.972726398763283 2.00108571637303 2.90456929452442 2.0027994447967
0.0114526789658011 0.966404594886316 2.0750225003168 3.06660314018252 1.99693046844547
0.00948601215582005 0.873812047818181 2.14523405313576 3.05161152858471 1.76359638387593
0.0138957367255939 0.931840113646401 1.93746515319781 2.84657216871282 1.85803110369562
0.00740350141866293 0.925138507203403 2.07294987464608 3.07132391367992 1.89770941906356
0.0224106416045721 0.831679177762047 2.31162807199665 3.42244767999035 1.86264341567127
0.0142074400506591 0.843103892373114 2.24375648204121 3.15483153595495 1.86963601580335
0.00995823954046462 0.988250788543782 1.92700785849716 2.88862734366413 1.80324610722938
0.0075993468175853 0.912805269278341 2.07244904208431 2.89710054981292 1.79324869263086
0.0571055321304042 0.907489087005049 2.29838892223185 3.2622823419002 2.17053784493366
0.010860882462572 0.932400498591922 2.14054343224887 3.13554916347407 2.26593658912077
0.00749168956515479 0.931796706872026 2.07154782656905 2.98949047577961 1.98170308592084
0.0195309201353454 0.826294841400802 2.17331333078087 2.88850285955496 1.91568510440293
0.0108723970912442 0.88145400848106 2.0737976243969 2.8911286368143 1.90300372463506
0.022598997315722 0.827235288195681 2.14753662985206 2.8688896188876 1.78396158616387
0.0160086116966619 0.904078131284282 1.97788184271266 2.96370796614776 1.73051819328159
0.073767438184194 0.753990708570226 2.3204135211251 2.9511418807581 1.53434609458654
0.00959375798539308 0.966493086136077 2.04895432052642 3.13656625485189 2.07963492327923
0.0297408805920213 0.953643111373844 1.8474679752706 2.98686396547808 1.73469238189337
0.0222080282690418 0.908288152521261 2.24137251466106 3.34476168976268 1.83099577445447
0.0205195496523512 0.81752133964807 2.28592602177366 3.17821064046283 1.68757404630924
0.00752594276839081 0.937208574606562 2.06300795710095 2.93982039193698 2.05012337917068
0.0141683756894632 0.914932424576035 2.19590437228983 3.18679815271336 2.051202115851
0.076601816239145 0.756419543379499 2.401958508246 3.05219727199493 1.81614143595113
0.0218625902971845 0.891369132512839 1.98038467520957 2.95500929709921 1.78644843957054
0.0205359047301156 0.881194693092532 2.00749824732262 2.87054505163308 1.80334384838957
0.0200218775210567 0.89133408890958 1.98697534888323 2.99218807120668 1.77331783401183
0.0077213715136286 0.931036054006847 2.02065377570907 3.04108003252572 1.87420888278436
0.0147891449421565 0.970750321622726 2.09216142597788 3.20481460634292 2.15399020445169
0.121911097352236 0.838909178248562 2.4205900489179 3.10183774070652 2.03946655179809
0.00878613471365136 0.885373406141729 2.14959314562229 3.23169179145515 2.09868671235906
0.00974011264329543 0.969134268194062 1.92860213525207 2.8377547088125 2.08792779306674
0.00774630161020905 0.948772694518741 2.04591723887402 2.99337302414743 1.92242760613389
0.0620716239460802 0.946092438739712 1.81883019299622 2.61807467936904 1.66746803254242
0.0117590739819958 0.913992630044474 1.9866233064371 2.88246390859943 1.97062099298366
0.00749253605224369 0.926968890736769 2.0403003802581 3.01305792473521 2.10377367071596
0.0153375072619365 0.954062400713818 2.13285216823966 3.10399707585318 2.11635543205471
0.0150703466602487 0.841147045256169 2.25507073577776 3.2154035989598 1.89545009224041
0.0105599585024724 0.993243353528137 1.91539372098613 2.98377443955545 1.8393237094885
0.0631151889083359 0.822440880893751 2.0737759969477 2.98037388235337 1.56860117766626
0.0153178629045026 0.975231740502755 2.08460186754848 3.01599126792417 2.14201983193785
0.0210559280219159 0.924708146901616 2.21201930890958 3.23884468517319 2.26301815244767
0.00902216186421693 0.98052821545928 1.97480527640064 2.78360459740268 2.01160418346705
0.74546409437287 0.764132121182738 2.09585499060173 2.89536543323779 1.49797040778237
0.334252769572339 0.771972841573754 2.11302839839943 2.93302554203053 1.63491787927156
0.00861190257738068 0.912864803471333 2.13664145330846 3.09600318880817 1.9523869060616
0.0129173383928365 0.974707747934131 2.06814963084215 3.13785536740113 2.01568288922904
0.0162765118275214 0.960477599756355 2.12434199400173 3.04794627158138 2.15404444252763
0.057897309593578 0.786994551805155 2.40441624039138 3.23576962928142 1.91335876542037
0.00959163702990076 0.873132642852653 2.16472436073383 3.00766501593161 1.80411838864464
0.122167378643849 0.765158726116122 2.19665037557558 3.06256030762855 1.59029449182136
0.00960788090108445 0.963086267622492 2.05849053963506 2.86580107478921 1.92244373372829
0.178606682961798 0.816894199103132 2.4591742177809 3.28006839023009 2.0537062174986
0.0340344828168512 0.852481640225274 2.33599561149744 3.08849465016262 2.12615305486867
0.0332212436944442 0.942998662799663 1.85757297788195 2.83729347618883 1.83735842306494
0.0124459250683781 0.878143980691989 2.22444293543081 3.03326714019937 1.88740811176276
0.00854309682033255 0.973804282109247 1.97267430650304 2.96622683198904 1.77738329951978
0.00986512096916273 0.873397624699357 2.18015531447783 3.07313199371524 1.73023095434336
0.0158158207741519 0.852267827423697 2.26671079797273 3.10983881984586 1.88246945016872
0.018628775443683 0.876820271601482 2.02562124438941 2.97670869815179 1.81847112856219
0.0107294744155039 0.97822279511981 1.9074399599817 2.7199331591429 1.861857796531
0.0121353304931014 0.95019979424485 2.11844147528141 2.9977913816977 2.0417480375312
2.34202379560311 0.715089530141602 2.17691071306141 3.11429603623137 1.47030293408474
0.0203225825350067 0.936231266879449 1.90014457165623 2.95475670816442 1.85734321337227
0.00874989728456414 0.917007391930515 2.13449352927216 3.10140883877085 1.92186305832267
0.0106256654602263 0.863399600606266 2.1886563009927 3.05376169189566 1.77485348731017
0.0713355487517306 0.979438432470344 2.17849247641858 3.24372513462554 2.07203536955856
0.00818589567923713 0.895522602771746 2.12719691955191 2.98946854098908 2.03589731460075
0.00863365695026048 0.962478125421345 2.03871733746225 3.10671781702911 1.98159012569026
0.0144333730135582 0.886727102754724 2.02546222483533 2.7495095311704 1.76067506337308
0.00824366343048679 0.895493899379202 2.13191263014346 3.01785548796824 1.95161827883449
0.0189773722609295 0.996813627601148 2.047610509585 2.97054786428998 2.16530534246831
0.00932645494937399 0.888777046450429 2.08060570307007 2.92484629712456 1.74559102352218
0.174600842399182 0.867173014637626 1.92092540487263 2.68667067620779 1.67896276854213
0.0154469378662512 0.964143413427649 2.11161180221095 3.01270039004251 2.1258257004345
0.00804477176611692 0.900531186214925 2.12407784181051 2.98343446681121 2.11008971556143
0.0165236583114193 0.968350589418475 1.86898734796542 2.71075086150221 1.96307017130363
0.0130567258761588 0.856348888557017 2.12501718841027 3.10017459046312 1.84271670239579
0.00830306803758634 0.917262959289147 2.12371422157057 3.03770932763375 2.00181474152315
0.0583796154313606 0.965062341372818 2.19821658279053 3.17126643070192 2.00138081603693
0.00940878489960307 0.874557115304983 2.15110038792396 3.00897959160838 1.91964672182784
0.00771155499398189 0.955158379503925 2.01741803765378 2.83622481649466 1.95036759029989
0.0340905840324617 0.794020114273619 2.2261250573209 2.8860480684139 1.95797179365873
0.0173181742195599 0.854955641363397 2.08992926552541 2.88935687230888 1.74605088026258
0.0145093998235516 0.85786068521698 2.1030142425412 2.95818496933442 2.06669773813578
0.0130835520228027 0.844090088078204 2.21371656331203 3.20329830064109 1.89689749147711
0.00761702869134791 0.918273541494848 2.05316716406676 2.95114667992732 1.87231799090377
0.00763340373392008 0.928783318552375 2.08461737359305 2.90446410922234 1.9285649646698
0.00759692480870718 0.93386031446295 2.02164570873056 2.9695269041642 1.79348248816987
0.0166658502045195 0.89922219008172 1.98465869517798 2.94275207265169 1.73065162941284
0.00993986140394791 0.909395035293948 2.16449132522701 2.98514159849432 2.08157731963596
0.0097381730048644 0.918654865394819 1.99991213199505 3.05971012577712 1.85738068831476
0.00848735565079669 0.928057578169075 2.00361966933012 2.74006892948932 1.73114917653963
0.0259927730185437 0.960417926943128 2.15984380435266 3.17420464700937 2.1571775694815
0.0336434645871009 0.99399830186691 2.10051222440128 3.05068524314295 2.10697190702806
0.0154320919664282 0.870088228560713 2.06030927874202 2.83934650826371 1.68384303571288
0.0117038842972783 0.902744550452103 2.01080472685634 2.85254698950166 1.85016700592275
0.00875112163168359 0.975604247504589 1.95904148415541 3.08889013421588 1.81126272783057
0.0122459375883656 0.85244735396096 2.15818943726896 3.12929187903984 1.79222171055189
0.0158795401867553 0.994050900838654 1.84859171498064 2.86164816588763 1.8493375587116
0.013347770698595 0.996828640157718 2.00675482255281 2.92491654068866 2.00842977105401
0.0137148703985504 0.839989460824079 2.20550483898227 2.8356549070967 1.72007853687373
0.0099659403936517 0.978067192903907 1.9206546991773 2.93411815327945 1.75789820382262
0.0075516522877312 0.935203713982901 2.06882007082195 2.97730236666567 1.9815939948619
0.0120942788718357 0.987000172541777 2.02467913703734 3.10474868276364 2.0138603741621
0.00994394884970893 0.991348441606449 1.94786750952613 2.91881453807453 1.90586083457364
0.0111261292558315 0.936544470374417 2.13582207785041 2.98237215063304 2.197700335505
0.0108400552113925 0.947495511173651 2.11138428369793 3.22703898179216 1.93836198084292
0.019464701711799 0.867639550085203 2.27960710763468 3.13230607915562 1.84633839725104
0.0161494855662372 0.842154591732209 2.26876328156213 3.12259967864229 1.84077849733697
0.00753805216431739 0.933727676798421 2.02510416638379 2.90922253723695 1.96688323173755
0.0114079947416306 0.865546303756078 2.11740749832559 2.86902433494396 1.80888921221464
0.0110427184653351 0.996683350728648 1.90701572219171 2.59906632970133 1.92211920877809
0.0149054413241495 0.881236063045575 2.24229114277579 3.17262343628179 1.83729066888471
0.0139690958602893 0.888125663849056 2.02542827216828 2.98014658614473 1.92316901163033
0.0154681083879406 0.881336526956314 2.03160138619839 3.05970889081082 1.84914311596419
0.0144732991960215 0.859475729624829 2.09827377637342 2.90139218604272 1.66259190775403
0.0107657569589236 0.966834435578762 2.06587681796403 2.99075999474972 2.00984821581911
0.0124228350968743 0.860789066524856 2.11793287158019 2.97760939184367 1.84116372178215
0.0234454787751361 0.809129840041185 2.29788380405647 3.07984076779821 1.81269934117885
0.0076325840783383 0.917706329473923 2.05375306847441 2.8948375856795 2.06353939280198
0.0132089405462321 0.868656586796432 2.23765565883476 3.05956266393595 1.90454604156604
0.0105505164120487 0.936810496225572 1.95709519882079 2.89988780874559 1.941349189255
0.0482456527246251 0.799386147893557 2.16123835913294 2.78697712386126 1.92220792807238
0.00880506909712807 0.974431136563075 1.95345373851038 2.94831763147685 1.89010874447394
0.0077852389410546 0.91640316671983 2.04919578932106 3.10816809321877 1.83838348111909
0.0184606574092334 0.996232478279928 1.8320715082648 2.68965627788152 1.8120362760224
0.0160997082167752 0.83784778676942 2.26526915607817 3.21712134951763 1.85565344764486
0.0158454000655628 0.832722581321348 2.19006346305772 3.12357060681919 1.6707042736944
0.0259078692811483 0.815639858725395 2.17272390745264 3.04986898004846 1.84776119351934
0.00828669484867292 0.893454154137461 2.13117333124857 3.02869077594893 1.93292781205223
0.0240237368403467 0.833011829377108 2.31911895981962 3.20542773478166 2.06675926572429
0.00911462047060523 0.979005988661628 1.94570681026424 3.01011898343499 2.1633458360443
0.0128896998255233 0.980568042483558 1.88104466973317 2.84014869283547 1.79057674312437
0.0198749557928654 0.858769209971122 2.06531524433053 2.97799442857269 1.84116501632739
0.00853645767878574 0.960428334329146 1.96090080892242 2.89078573459043 2.03973050081756
0.00793018793040423 0.900093375546332 2.1051096361427 2.88377660910435 1.97040554632664
0.0106576145717439 0.99623839924773 1.95691978593255 2.95179451338506 2.0369563872972
0.0106794229168552 0.864324547566549 2.14156797457411 3.23621935231785 1.96935580722551
0.0267041331171915 0.809273834257523 2.19491822159188 3.27455616232847 1.87663966451935
0.0130918239042392 0.920257485222997 1.96373289724883 2.78703738725412 1.83116097432094
0.0487448047115437 0.895554002967283 2.3073940288608 3.00502825906489 2.13689717710999
0.0108019095651478 0.870959347045938 2.2035670848012 3.16365692909661 2.04787969885211
0.0108294169406362 0.924289500304029 1.97583383845685 2.86814792018792 1.9064304653602
0.019630711393809 0.912943444527189 2.2255546210267 3.1488347024929 2.00701498729627
0.0257028197864932 0.895326675906444 1.96090224830494 2.96004385554917 1.68385046079138
0.0085962457184649 0.890127395723946 2.14638681925396 2.87741121794809 1.9663389394336
0.0477361099306106 0.771083539564926 2.34147511893149 3.22959391162773 1.96098673790151
0.0127181607993088 0.92619804400864 1.95554898969686 3.05610658332574 1.552838713202
0.0273927607649623 0.803261579627514 2.22004713206398 2.87388038120441 1.82702089132886
0.0174500271051525 0.823182488250598 2.23439543181628 2.9922759332646 1.85543407434033
0.125672458815281 0.97739421070638 1.73681158618361 2.80362892827378 1.72804579593527
0.00766928309030647 0.91317789104839 2.06490231623993 3.00466256687826 1.72713814850059
0.0111869772758061 0.861940402035968 2.20557285695532 3.22684461159344 2.04790533051527
0.00764466082118205 0.942118219652103 2.05845540453475 2.93792682276815 1.94432933289467
0.00980540547859589 0.983601851153575 1.99577207429671 2.95229825876907 2.0972018935987
0.044527902474747 0.946407478633166 1.83558145998319 2.87857361748824 1.66398623791253
0.0142045000938042 0.958460586500606 2.11649215099903 3.12487652390273 2.04678933365045
0.0342370012554979 0.976207352005428 1.80710333712228 2.65660334511742 1.68739228074687
0.0773824181122775 0.806350488804554 2.10371564468409 2.87816264927089 1.75809481264405
0.0261959709039299 0.97172793516617 1.83012951962981 2.94028368338463 1.77445220640716
0.0187708095495062 0.887386785336395 2.25640243736212 3.08214300338617 2.18748544118869
0.0177319000781496 0.918233828433032 2.20968272713901 3.17812639704289 1.97224024896516
0.0160148940085176 0.923223217025091 1.94072389138052 2.82864860923588 1.68366617777171
0.00745734858992967 0.924025913470915 2.04985945905761 2.77636594863058 1.75033676233224
0.0242941118762215 0.8749963112246 2.00899144352683 3.17237323662826 1.75212586670143
0.0090027401560242 0.974824684265793 1.94554825368828 2.97170178872675 1.80790579232271
0.0113380506671532 0.951734154570204 2.10771326934948 3.08890706443121 2.08238057780166
0.0429798095607978 0.775444492388157 2.30298139850978 3.18885887804045 1.84449208371935
0.0152786127160733 0.931172287268136 1.93047174378611 2.97590764873758 1.6889401568079
0.00900800987659478 0.894138440973371 2.16134038229512 2.87134127040267 1.91612876028562
0.00926654969474844 0.969635405003178 2.03289276460582 2.94734452143288 1.99757537966974
0.0104409325873175 0.920341531562813 1.98761020758854 2.92253064178669 1.91886765495884
0.0156737270817499 0.875963821107432 2.25213568811915 3.06191773792101 2.22612386818171
0.00879104466027845 0.902258575277102 2.15114660166326 3.04369826174981 2.0053730400896
0.00915639287481299 0.877863687297898 2.14222790859334 3.01531712073071 1.91604085515881
0.0138923234259888 0.842987462094914 2.17048750223146 3.14329299398944 1.78075220451346
0.00803534395071183 0.954670241152051 2.04191481399614 2.96535242676274 2.04518909394326
0.0122694372580577 0.853918081939986 2.14963756512538 3.00377385397113 1.8637756116586
0.010892814703244 0.999003606195865 1.94546298409915 2.90108267160732 2.16502480691308
0.0087588334189948 0.883803135223998 2.13930487005019 2.95218175066382 1.95566484579876
0.0226384582607876 0.817727566394462 2.30691869121223 3.13004158588039 1.80658657720697
0.0101621934184131 0.975635983676819 1.91771077955909 2.82888278001699 1.93954088609901
0.00739437164632438 0.936669880665102 2.03329450423501 3.0337911325583 1.90186324740266
0.00745529799366653 0.944513414550538 2.03338870213568 3.02474948957229 1.84439197387934
0.0295149381200999 0.84030324932339 2.08070060703951 2.92608806009287 1.73406900498993
0.0326529607723391 0.917521532581145 2.25215213588338 2.94013437838116 2.0404257283439
0.0150983055886923 0.847951965475543 2.25982157983781 3.22273961225762 1.92743402362091
0.0135344124759717 0.997346939530079 1.86688717696748 3.03008620510579 1.87644828124408
0.0113016043572675 0.89731451683161 2.19539362393673 3.04072614166261 2.04489292901368
0.00743447962735948 0.939444468701857 2.02617223713868 2.9787723910874 2.16719177009912
0.0121207804069081 0.863034691385477 2.11443402064643 2.83500019570351 1.83856748133117
0.017282217459611 0.85303686068237 2.27736671217773 3.13064896068432 1.84547472180234
0.0118458445963082 0.876531949851109 2.2186412159505 3.19061992690035 1.84776633555368
0.0131496822897451 0.973581854721569 1.88488758958482 2.82584176745792 1.99741274669738
0.138648917969057 0.86177191044021 2.40123009077374 3.27165671521331 2.02852614498316
0.0107845537473622 0.950923898521014 1.93348565048052 2.91967092197325 2.10414507430662
0.008515377487785 0.973212425485122 1.98581090414256 2.92480240085911 2.02749184724854
0.0319172782301387 0.805272187947632 2.34714839345238 3.09918964202415 2.16483807172069
0.00824099105998259 0.966060591229667 1.97371193615889 3.18179629764534 2.03424064975791
0.0237718167258039 0.807624316674489 2.22940317275513 2.96826928573989 1.68934285230567
0.0145933239631939 0.840498381240894 2.2462881421385 3.00823671174161 1.89860319813
0.00893064468319911 0.900381616378424 2.15587935693528 3.01845098549333 1.81137992364844
0.00794258938550674 0.919276995443388 2.03607386030078 2.93611464847073 1.86713840429395
0.00870271708485888 0.896139220275744 2.15206557867618 3.14694956592934 2.01896998195453
0.00906809105149451 0.884560712414201 2.1624105584261 2.97123837015613 1.92615871774722
0.00802428757459411 0.925903333063591 2.01956917903216 2.91296962830407 1.91334167194878
0.0146089699113966 0.918169996369606 2.19372001674493 3.11675851243023 2.00407289107471
0.00954729050229628 0.966130474571609 1.93413854872917 2.79791151121453 1.844328788985
0.0107036697711345 0.984023391607927 1.90617501548364 2.88850372670991 1.7446300236294
0.00939576630952954 0.984073311074831 1.94339099437327 2.87991457085476 1.89801509639453
0.00804699376309547 0.942796997557967 1.99161626901157 2.83583550977875 1.80688386576133
0.016041684041146 0.848551176659829 2.26897533451843 3.21732458313395 1.92060612528516
0.0715744682540956 0.764719090736094 2.40993160984893 3.14582919891351 1.85480479063882
0.0378957293067194 0.789566777507177 2.23010519833983 2.90744397980216 1.84465314727136
0.00808575479376232 0.941914489924831 2.07609625327654 3.26647046488135 1.99316939432455
0.010288312577053 0.868168676098856 2.13508724700674 3.03194244510586 1.87952509035008
0.00932381226312663 0.89527168404076 2.0613229373693 2.91520412947862 1.93912458551526
0.00997960071295745 0.938006741459459 2.11986169573841 3.02599164240901 1.94410699313353
0.018843296475565 0.845259785435685 2.28975266194623 3.09180309462978 2.02881715725195
0.0117931623538037 0.988436054012342 2.01612324384282 3.02942188591338 2.02555881417336
0.00852891836148313 0.91845034011037 2.12774903281981 3.16828085438705 1.83906464394345
0.00795834532067087 0.922102351822281 2.02936075019627 2.93276543530729 1.85701830643723
0.0755809255954706 0.774376975500221 2.20681946741145 3.0459153703103 1.81694484173941
0.0107193164922848 0.908377074679919 2.0088402987851 2.91647831556353 1.81821173183636
0.0114711412991893 0.881290670976842 2.21127116857947 3.08441414671683 1.93492665430967
0.00794984417188265 0.944419705633469 2.0660111509209 3.03601873965407 2.02003303144604
0.0218954716211663 0.896384711543293 2.25694399359663 3.16011483632783 1.93366823265338
0.0155748704822261 0.831612389204856 2.20684567086011 3.15982160246435 1.82005960606764
0.00757833765613897 0.933962272004348 2.07276173151788 2.92914851344671 1.93506258738566
0.0194028601685007 0.98538190107855 1.83679366128444 3.00435219034832 1.62976710780495
0.00799106747295663 0.962206900189904 1.98728641027493 2.7913265329277 1.89545152738508
0.00941480476738008 0.882109370310179 2.10153968055029 3.09264589154969 1.8736944218761
0.014512138884099 0.846424163077163 2.14369158497959 3.09708569861074 1.90159698147254
0.140882418020107 0.798581641451185 2.08851858156893 2.99010419044608 1.67738511701895
0.0802769042357344 0.785674200288953 2.43180006096158 3.2255977388059 1.90474662450014
0.321051041075446 0.872869201787135 2.4213206294914 3.27229224416142 2.07656320526756
0.0825752975926116 0.932855957336436 1.82740346093122 2.68591346475051 1.53006668703222
0.00830943152955493 0.896350996797445 2.13674784289546 3.19907246904397 1.92408532901916
0.0310209895776588 0.794255244979227 2.24567091269426 3.21186211528497 1.85959552564443
0.00740054961291707 0.940806580210114 2.03824507522497 2.940741727469 2.1006681012552
