0.0182741870547313 0.857580811008682 2.29286170603403 3.18063680331931 2.10183106240371
0.00902651710108801 0.92596669898673 1.9910139609668 2.82984457693647 1.78748903068041
0.00785409983944217 0.941604104135945 1.98928765451477 2.85378181309101 1.87207446257588
0.019657941151806 0.989940137156256 1.8246026395518 2.64223717614679 1.87026332755018
0.00724606156364827 0.937358502874768 2.06575101452018 2.75494515879759 1.84966634218403
0.0073486798164791 0.953033644043536 2.00903753164771 2.90846450827022 1.92486194030179
0.0314064969470094 0.788976956765028 2.2916788602592 3.06233338391209 1.65239487069107
0.00726857592094529 0.938057666744759 2.01755106016773 3.04055806117444 2.03735057394665
0.00736846964642369 0.953740744694729 2.00771954284063 2.86912439466911 1.84554652695148
0.144415504704184 0.943919356148952 1.77831290203381 2.77526500749928 1.69730176763788
0.148646065837969 0.748626777328325 2.24487650836745 3.06078743322532 1.56358866640246
0.019350276504936 0.830856933058174 2.30545882702612 2.96672707693534 1.84508472695183
0.0197970481957729 0.834317327294996 2.30939060154674 3.09727686075506 1.94343781898876
0.007444695679524 0.925669712727114 2.0301844777613 2.9960397479662 1.84892617161417
0.00771529823916147 0.89733394928012 2.10912036189491 2.87926922441119 1.71673814197199
0.0103520642552742 0.994851417884422 1.91192279990246 2.77103303868479 1.73189435730774
0.00849990804110195 0.890227447240427 2.09196792258062 2.88161974271675 2.04547922526437
0.0124326186215088 0.845663138333477 2.18837873293347 2.92561826217149 1.96096629117928
0.0550897291310749 0.9225045769399 1.86149533334848 2.52820458895336 1.74296873932157
0.0165090422897446 0.959605826012688 2.13280776421708 3.1711055298291 2.06778214463274
0.0123304208661008 0.914087457537092 2.19264744329397 3.0535445085916 2.23440417312201
0.00767007484850781 0.959596287018652 2.0210574877241 3.01634688181104 1.82580491135532
0.00760334195952701 0.917762949469256 2.04146341371876 3.00857447583481 1.81792751763852
0.00821506948626473 0.96006782247957 1.96011546983762 2.79506096104666 1.9817152550331
0.00928379673702601 0.897604568698223 2.17796188359143 3.12248240306747 2.14407164678933
0.00767101233997053 0.922400668514319 2.11105055627269 3.04734756306042 1.96446140283694
0.0179839856537357 0.887650541353022 2.26269783376516 3.14142832150659 2.02090994978947
0.00745600793387281 0.905743945863755 2.08805889166832 3.12371976200401 2.03028613360895
0.00751106882737522 0.949377013400054 1.99360381466747 2.9104475218703 1.83836973288545
0.00903693107371945 0.88402501766114 2.17890790036102 2.98134006739491 1.92139028825074
0.00742805356542504 0.924387091292659 2.09877432225329 2.91291528048975 1.91228492427254
0.0208653399993355 0.95160380926899 2.16824546296688 3.10255364518964 2.12771947230919
0.0103523397758245 0.920193970097439 1.98429806776434 2.7728566548682 1.81919371236309
0.011766508650634 0.974494686538074 2.06238397938022 2.87795678612903 2.06267191881427
0.0102747024417808 0.996985524331296 1.92742032595509 2.99554968680929 1.99645355094015
0.0143365264795812 0.970590640941452 2.09420613176986 3.18503821647764 1.98725906587109
0.0250803539207945 0.922864866139805 2.23482265473533 3.12070485256383 2.12502993685861
0.029258831359736 0.979131459102417 2.13060051987202 2.9653631189838 2.28493721485288
0.0122390567452637 0.854467820356226 2.14233037911762 2.88547358835422 1.90478485335212
0.0102898125128043 0.951771044052825 2.10262781150746 3.06090931540281 2.20244955792189
0.0170614234457164 0.853041897409581 2.28807569050612 3.11730569677785 1.93214329977364
0.0134113122309775 0.912963516849465 2.20253515808624 3.14914928607003 1.90560618496308
0.0214345325554931 0.942347911330205 2.18870950686746 3.12720852494834 1.92995228087324
0.0146568824925518 0.868542410358526 2.06849424100361 2.90704552629375 1.82931799998186
0.0128344505036144 0.949554329388022 2.13189675397387 3.24531379906304 2.09514299730815
0.0103732062902363 0.954748208458772 1.92702031416974 2.88090892004132 1.85546404231764
0.499976323548351 0.861980356238472 2.46296544860648 3.30137598761647 2.08513873838203
0.011679978160154 0.893327324006082 2.21422383982822 3.31411080357901 2.0782540686177
0.0405058332918728 0.858004274806379 2.01314963278517 2.90415517604507 1.76678603348261
0.00775085904885629 0.93463924562604 2.0029220156133 2.94729627487152 1.84410842744684
0.0077732764250098 0.895697676692588 2.11701035123284 3.08318028056266 1.86635068743055
0.152609236181655 0.996902630154828 1.69388868006213 2.66014913541344 1.77371928389216
0.00814867456895491 0.940031525665264 1.98379698849767 3.01813091724594 1.81259855632625
0.00784135981192516 0.920832479047748 2.11872579955262 2.99758889562077 1.96111557563452
0.0166333120571646 0.934703953889659 1.91321326656446 2.90164375452924 1.74085454075408
0.0416913729815213 0.947799942901742 1.83197454827147 2.62846315656888 1.83082246639243
0.00933514216591179 0.978485555319634 2.01185475294077 3.0250415154701 2.01959694458777
0.00885460963745721 0.951490330761426 1.95349823244049 2.81059372834057 1.83700645058986
0.0071286684633955 0.934631752146357 2.03262277510811 2.99634933271933 2.02780059180634
0.0427174598417611 0.81418625487149 2.38923193806199 3.19347920080916 1.94409528192985
0.00955603997375063 0.938086932352084 2.12201831686572 3.17430120299928 1.96852643411646
0.076366586201541 0.99517696203743 1.7307684973309 2.6899658253607 1.64330212585203
0.00739889512073691 0.911463837609704 2.06924730767389 2.9204716707538 2.12185640431113
0.0100266898569185 0.935474613453155 2.1333150351019 3.21537831182262 2.01630371085628
0.00995007999823598 0.973397746960977 1.91419228728306 3.11975979556747 1.87814351601907
0.0348866084201432 0.804940465739335 2.1773763996988 3.01094299390352 1.72673113658543
0.00754354988813701 0.956099624837717 1.9909003756225 2.74755902476317 1.83535582591997
0.00895016110373611 0.919773939347578 2.14489328520549 3.10866794350492 1.98168101288033
0.0648209069849984 0.762266357867991 2.40067373073786 3.22218372245252 1.62614296888478
0.00911020760577598 0.893618758738811 2.06475011655508 2.91771907087756 1.90243187129836
0.0191233746578577 0.976504044227886 1.84110465202241 2.89851519528177 1.82314948699781
0.00817382193351517 0.888068472562308 2.12178840659178 2.90357371689364 2.07652714462447
0.00871861448694724 0.892510293318359 2.07737927081463 2.8301475265382 1.92302539909863
0.00726015678780081 0.949757176740603 2.01707508634072 2.96400795505993 1.83873146822093
0.0112911222790871 0.920289023191916 1.97438062664835 2.89163913804515 1.84412534682294
0.00726534531689684 0.947687634543981 2.01160215166662 2.96344860181688 2.02829334518092
0.0143039875109007 0.87921073072611 2.25085227139859 2.91516232920015 2.08379131748433
0.0142595465108047 0.855664196740366 2.26472548718106 2.98797479612039 1.92454230832393
0.00786213257123505 0.961126446988841 1.97337598828631 2.79518117043307 1.87650842848525
0.0140486329404604 0.931553881959428 2.17568721835062 3.07662031804071 1.81908735733587
0.0143078872164479 0.898006244747486 2.22968678976331 3.31488456506299 1.95485298289629
0.042129277984639 0.80701753506924 2.38957768237566 3.1882951729941 1.93201131187211
0.0204570254415515 0.878149494437962 2.01315138195379 2.99892508224546 1.77475058602889
0.027745426724563 0.908204357617265 1.92722187721403 2.94305563406465 1.78286955725028
0.00841889090293451 0.967026672794578 2.02721579947651 3.05128129116178 2.04023317880784
0.0166031768159187 0.910169243410194 1.95937224548408 2.93875591269307 1.67429211989746
0.0112045943336059 0.878370023903117 2.22168104150069 3.14560807951612 2.03992378302442
0.00869334273574357 0.966151481486937 1.94364364721069 3.0390274170169 1.95797613190991
0.00925401333769089 0.941220801614967 1.96120007340092 2.97499525942858 1.89076519042783
0.0156687042233925 0.920662439924465 1.9434442713799 2.96566320355488 1.82894483460835
0.0119071451210504 0.89237879477431 2.02964100740197 2.78127052295714 1.82439431702932
0.0504917680765054 0.955636553620579 2.21483045876156 3.25491538794585 1.92577300747183
0.00963390052079166 0.974507923293745 1.91922306629023 2.94103570812623 2.04710540568905
0.00946110928765418 0.985430618580922 1.92629276372927 3.00246428169211 1.93403811675119
0.0120451577369227 0.889147215939308 2.2222391510892 3.1531426217136 1.95767805503977
0.0149592681992259 0.991831322092232 2.04047794206389 2.94378340216841 1.94782635044966
0.0635804209424672 0.787211966668574 2.4255787475656 3.24277044639657 1.99003869732361
0.0104983938841548 0.983449958939325 1.90095084119967 2.96514356054157 1.78518435790875
0.0111754205853131 0.936342973580526 2.14429876258775 3.06245214949307 2.08361671255134
0.0457588863794479 0.909138773383772 1.89648420514185 2.63913211821835 1.7886316261295
0.0331134230287007 0.853120025015625 2.34511018737468 3.33312894565289 2.20612189815037
0.0201054838844653 0.81254866688356 2.26700431747557 2.96880511178553 1.86331367624765
0.0146389141148995 0.94390893552235 1.90826559765718 2.93739089396309 1.4937414085358
0.0213301605314339 0.815395704814622 2.20792445834102 3.08187998211824 2.01120759628786
0.0187281417442979 0.889853246268137 1.99316237151403 2.87070899844311 1.8362444786752
0.0153304640648678 0.953441711630402 1.88971031623829 2.66093060031575 1.87348506307274
0.0469231274477082 0.79518800995996 2.39887373770062 3.19513923508394 1.80434684199849
0.00789513280521053 0.957670367786184 1.97234231344772 2.97392274243315 1.88459722238934
0.00740650520382149 0.905923465660979 2.10083532003044 2.71258868844592 1.88902965796377
0.0077064876929666 0.962229872371213 2.01037907450756 2.97073326652776 1.79233574954579
0.0131140125013191 0.842143207282495 2.18983361197274 2.95007805425449 1.63624461176369
0.0167898915818582 0.964042426664372 2.12418471299721 3.21842000915226 2.08573725059653
0.157305079234385 0.904217448311054 2.35861518270619 3.30786144163317 2.28331113115754
0.0177076285276909 0.875514860503507 2.0315747625184 2.76571773750732 1.72765994615407
0.00725292178457686 0.930025890827924 2.03109730327457 2.80259878106185 1.93923714811707
0.0203877060539021 0.988280430074783 2.08034530536798 3.1120151253206 2.16768557182344
0.057401451042257 0.763555719595603 2.31250212236358 3.05324627577434 1.58576887132687
0.00776515131639432 0.896105747455806 2.1217939785302 3.26454980131502 1.976474366427
0.0185704340702166 0.92151700393966 1.92868940842256 2.80917200717762 1.77110638011962
0.0490014682790679 0.805185254231886 2.40279305069303 3.3661510900088 1.90464180723863
0.00856189037818606 0.903290515253881 2.05016044885117 2.83705794170411 1.84681220296925
0.0442028630648809 0.869152532749979 2.34633449457278 3.3202184544948 1.90846963902921
0.0125695423145685 0.869607812364967 2.08438775233862 2.97927510093966 1.72273132207478
0.0191178256356712 0.879708761006159 2.01490385738417 2.86501856272552 1.81680456735673
0.00967631427117116 0.968449276242242 1.92213576491689 2.77820706470164 1.63956994715921
0.00989742892400607 0.8823817761797 2.08297297266952 2.82473697323679 1.8309214670675
0.016702116655492 0.853891060529833 2.28529147465013 3.16027261100053 1.76089153450521
0.00869678557290702 0.980584405920805 1.95970788328253 2.93546178191825 1.72547237829735
0.0201903365823772 0.89972702716926 2.25586146245875 3.25048427955802 1.89824469992513
0.452263676423265 0.751253094290262 2.15648633664933 3.04949215453414 1.4671727990993
0.0107225329549003 0.893119545757553 2.04063864839729 2.82671099083634 1.79968758842287
0.00902696368516919 0.979661990775527 1.93515937126125 2.9368030302566 2.02244406067394
0.00911035279687763 0.984703286032114 1.94211474102377 2.96129364925238 1.86227109030181
0.0189973517127382 0.981216988822772 1.83629607437406 2.80456830487259 1.90414652496335
0.00829554232526112 0.974833620049376 1.97284950063625 2.7616167592144 1.7134181539457
0.0116462127894751 0.942528521300817 2.13657432855111 3.04603052552802 2.20676808866591
0.0415649575150876 0.85651473114779 2.01507978854769 2.82387091855469 1.77121813851281
0.0147942645783579 0.852068513457335 2.27035466062597 3.16837675737741 1.96696462794649
0.188630186513159 0.739882283955246 2.49901965528755 3.25530163047392 1.91958660009468
0.142246960521645 0.884490056817559 2.38364397908995 3.18386609656193 2.08150099411284
0.0424271703172465 0.791014689191818 2.38574846552211 3.11752838473686 2.00534081595246
0.0199188126482736 0.912310388049482 2.2361378093105 3.13978940629131 1.96961930707072
0.0167292742449608 0.829692579826003 2.18786207374974 3.02746711679535 1.86756095432781
0.0246322541653411 0.801946593751904 2.29834535890802 2.93324972244864 1.81539161042588
0.00841837058181459 0.895244602053009 2.07734599075014 2.96984327939221 2.03499101796895
0.0157275871258292 0.980477039773685 1.85360234009592 2.9292876775147 1.81583439809817
0.0174238398470075 0.924240945666983 2.20648815526666 3.21455815970103 1.93294769678013
0.0128172242147756 0.85931521087159 2.11475225974192 2.91111448176531 1.71732637106341
0.179115272701308 0.859462753903752 1.93428181089962 2.78676176916157 1.61559039177813
0.00711533383446374 0.941846445427987 2.03488059158483 2.97037904481132 1.81908561778389
0.0159858132699882 0.855208162393704 2.09745228873241 3.0350045484885 1.73509040862196
0.00928247998385313 0.877514092530463 2.18361318410493 3.00282771157771 1.963090028703
0.00910022123550036 0.886925657627286 2.08557576980304 2.93534319962368 1.84569929513644
0.00867959996529951 0.941498313944057 2.1008037113649 3.09292259726041 1.89870502018296
0.011694325647868 0.856922819389637 2.14241232324703 3.0223351839057 1.87665285001271
0.0137635929735106 0.844929067493726 2.15828231434435 3.02578676781261 1.82203633755005
0.0108000237677208 0.88614831783407 2.05797466914919 3.01992552717334 1.53480142354601
0.0116694790199517 0.961470610182953 2.09496530184777 2.96835579081785 1.92875350413573
0.031402541933122 0.788913768113532 2.29350548186403 3.02017197481807 1.79950941242598
0.0171389750782386 0.867802791680148 2.05429288863529 2.92738389381439 1.63696088090453
0.00788410773439374 0.896500801955412 2.09594393976153 3.10328497443621 1.84975592906816
0.00980678727476815 0.897295945483748 2.18700642629087 2.97439535593338 1.78211215063337
0.0156009456446926 0.890244370241226 2.00759340351868 2.81495121695376 1.72691495873351
0.0104574930365683 0.863983648360549 2.14085333263638 3.18531678877531 1.95569661462282
0.0151691698633504 0.950684193967962 1.89471291534213 2.76973299049106 1.88801681883186
0.0405206223731926 0.7828974075009 2.36650474051647 3.24573896880079 1.87897724403406
0.00809610018831104 0.88959990946825 2.13794975472784 2.93877603489279 1.7797799525205
0.00942378489910269 0.881224363480472 2.09705806392865 2.97963830025516 2.06552003304231
0.0109951060911348 0.972189061068689 2.06000024803721 3.15800581818126 2.13276993722287
0.013014220779787 0.947294792604493 1.91347038713663 2.87404733258716 1.68063885765504
0.0156027113882434 0.918906957854931 1.9471461163283 2.79032971081267 1.68754098626876
0.0155488348046068 0.845346213068032 2.13408452841976 2.90688498800186 1.85476586223523
0.0327117816732427 0.961084199370555 2.17847391859838 3.08136781343284 2.1703035736541
0.128791783256665 0.797050792726468 2.0988400016056 2.86767600230963 1.64395963063147
0.00849206443965332 0.95601761249488 2.06260342141517 2.99740529800196 2.03413661949206
0.0167942765916413 0.850416658683462 2.10644161143122 2.99899840254567 1.87370879821745
0.00772087888042605 0.963852424780349 1.99165325325342 2.97375471590675 1.96100751044328
0.0081061705681158 0.942871631364961 2.08532972368769 3.01945686428925 2.11250754747742
0.0072186840653102 0.942078111868001 2.05153940004257 2.93312652729584 1.76635755594132
0.0818320452020571 0.882776606370811 1.92026914278945 2.83993202874858 1.75648819168777
0.0097501674097706 0.989196626251561 1.97594043444564 2.83413913899093 2.01648483831053
0.00839566901579265 0.926773206764479 2.1231439858116 3.06589404057859 1.9719652631171
0.00710469039046237 0.937809354196543 2.03218975423687 3.05823012750794 1.92140433937868
0.0241315244807187 0.827557145869767 2.33283272280944 3.13603011447651 1.9321437419775
0.00836622552647699 0.895850956661847 2.15737102204585 2.93050317040308 1.71914451060488
0.0176527474757725 0.968338100680689 1.85757588392777 2.85630277938438 1.8396781968941
0.0142098963237129 0.992403546303286 1.85461895807109 2.82931211047159 1.89586693489687
0.0144836073475685 0.900915444701052 1.99032231327024 2.83875771739878 1.68809099216668
0.00920090444802106 0.901825297968756 2.04098894016384 2.88163066277546 1.67213822693728
0.00942639266281557 0.908746632175248 2.02071251951832 3.06350032458588 1.95572649592705
0.0139082442020913 0.839586104620047 2.1839384007837 3.04727553888364 1.92739585887739
0.0105175615718675 0.866916590870644 2.21093593959115 3.09502534636487 2.05526518594562
0.00986412731236242 0.952905976477923 1.93585830976094 2.96002011811097 2.00201238421062
0.00935307113921523 0.958343824580512 2.07355746740538 3.00852829355144 2.0889823442907
0.0090538355267107 0.899091446826343 2.05078703309597 2.90234001629456 1.78281223968533
0.0153720351836122 0.936643596105059 2.17405504773023 3.175376443615 2.17698059246977
0.0272060141582907 0.808009306725309 2.19847015744517 2.94181346797494 1.93284829998748
0.0127273240071707 0.949899012855649 1.9116644927228 2.9213864947588 1.98939716428949
0.0173683924691586 0.824272048079679 2.21009051107883 2.97524172297919 2.04853002461921
0.0231281092750226 0.84354048994786 2.09314752877811 2.95519677667115 1.74844739732336
0.00707664132293246 0.925419886150906 2.07086961920925 2.98963459669934 1.78897277402968
0.0258202222395391 0.982762549319845 1.81126029284317 2.90810779643188 1.60316436487954
0.0205768064494075 0.920746172232617 1.92276346997493 2.80280686081647 1.77679186303378
0.151677759806151 0.842026627958268 1.98001591500561 2.6275098308411 1.62325506484369
0.0099206360996462 0.991215692365736 1.97085547693163 3.09308128301851 2.06521384261212
0.0142573318277159 0.961491052171134 1.88479222760469 2.8719390869737 1.90518716389354
0.0124851193248352 0.902680991600868 2.21018498592615 3.17722541515039 2.11569250750356
0.0331666271301967 0.809560687536398 2.36624060012001 3.18293729827205 1.78594076866257
0.115067929188833 0.867461729709126 2.39719694240761 3.28713093883937 2.22889788806261
0.0268970842298565 0.957182124397591 1.8431713414984 2.58838824556671 1.71210965345456
0.0263872290707609 0.802088245345571 2.32372879677794 3.20535752409023 1.81817656682527
0.00923936593568423 0.97023612042682 1.92908617533755 2.88468350587404 1.81547975962711
0.0105785593099369 0.997498836068547 1.9107199983844 2.90554227896794 1.9300314095192
0.00897747347259068 0.960575180064482 2.06083652396205 2.8697267764703 2.02471978547711
0.0295730257243092 0.800002370194712 2.22271981555878 3.08198395044924 1.92218014096905
0.00993664398599692 0.992987313132129 1.92497217669433 3.02040201370786 1.91575663912632
0.00966504181656421 0.977345596057071 1.91767377001672 2.98981201075171 1.88297202509503
0.0185141192498027 0.855627571923458 2.29539680903189 3.09020469418442 1.96061121271904
0.0180032283905054 0.834940550416802 2.15070972000805 2.91969459886915 1.76676134947863
0.110789134830976 0.778909996766655 2.16157408863672 3.1367771965114 1.67428354170429
0.024200144892893 0.802352290863933 2.2694294595841 2.988035191412 1.76561776359309
0.0145126505984845 0.989363965362624 2.04447480055264 3.02083295381945 1.84304705467199
0.0451508313129972 0.84487598178425 2.37313484823469 3.30908870782795 1.85097673637337
0.0125020919034596 0.998182551690025 1.87078067926416 2.9174507949586 1.80178053975768
0.00997851302286352 0.865021147448188 2.15550465870537 3.0586066756469 1.97620837028226
0.00807143570197782 0.918152815184419 2.12887388332141 2.9620671928777 2.03935456580038
0.0221674587711775 0.87390805065626 2.01696770401246 2.90793549194124 1.57754296599665
0.00892996703511949 0.952802424437837 2.07989174133202 3.1524025991992 2.03578719184953
0.00899904908391552 0.923653404975508 2.13960037164469 3.05717413984155 2.10792941729022
0.00756858043748129 0.948081468176913 1.99183307046299 2.92572550326602 1.93481000269789
0.029947844836332 0.945560698697701 1.85481805513376 2.8572184911197 1.68026763941473
0.0171601661947869 0.985202957643952 1.8409676781124 2.80685638346811 1.77876938340562
0.0147694277111507 0.849719816338807 2.27009063997672 3.19314690850172 1.94315759722547
0.0896693138769201 0.869535822871861 2.38296500481989 3.0732191748109 2.08324670515703
0.00950896839792706 0.891711297359825 2.06238537947727 2.89664392219921 1.89419490144606
0.00898110150360967 0.983577550286833 1.94718746383679 2.97601615135353 1.8197585004522
0.0269896688443924 0.958399657293927 1.84111556943606 2.9269516141497 1.71024961535739
0.00992173721414124 0.960441985296152 1.92598018875623 2.99335794725519 1.87160786125213
0.0299006332272133 0.952710152184832 1.84342043852418 2.8924111871494 2.01633413165007
0.0357824241108621 0.977376585015705 1.79664433683297 2.666910222108 1.5884578017368
0.0113521372594419 0.922611476552369 2.17048876138711 2.91876858637351 1.90087294738082
0.0187829129762411 0.818367165706128 2.22623544131751 3.15904924071357 2.06163648043437
0.0853789226341887 0.929541613034747 2.2901013648473 3.30460014753756 2.35409170896385
0.0167989583136274 0.88199375623124 2.26340577482676 3.13929654889894 1.98900751981558
0.010915725353903 0.858060612219181 2.15854728906252 2.8964212185184 1.88044281985941
0.0118872167569464 0.986454508706354 1.8804273859106 2.99504549027501 1.9995208290752
0.00938639935944518 0.871263030920691 2.14583659397849 3.11010733846289 2.08494271860775
0.0407310809133361 0.923969184222914 2.26219720775051 3.26324762085523 2.21559159628899
0.0097148277566375 0.88100269238256 2.0911046143375 2.98825360267987 1.90232410838427
0.0112164713713409 0.881867880917942 2.06449942020076 2.95463261458188 1.85542282211242
0.00931991081279091 0.895343817267376 2.18056631189309 3.05281465184318 2.01938088610392
0.0526480945882152 0.973832121926919 1.77924573315744 2.84240298054728 1.74258343841446
0.0111126545382374 0.949769953684179 2.11626351946067 3.16091138041597 2.08136597447734
0.00824323086323062 0.973890736918314 1.97228743072744 3.08922436015735 1.98149271501391
0.0220770903098141 0.917059045910969 2.2358842983601 3.1563684953686 1.92528962176156
0.0080299443464301 0.920778400913297 2.12407537150905 2.98657441002111 1.96887095160616
0.00740147774043963 0.946955479081726 2.04986705422431 2.9412406043689 2.02136449790569
0.0111444988224674 0.854538259997288 2.17483783306601 2.98887774257029 1.84675565396649
0.0129724317772199 0.96189019110148 1.89324117909114 2.91133434176906 1.80434723817949
0.00908565113723151 0.964246569196896 2.05276577935495 2.9516603652914 1.72236448190359
0.00830777345648062 0.935012183285273 2.10634391237487 3.08255483680499 1.91131541662102
0.00945894958997778 0.925110199659472 1.98609185735227 2.97079503496902 1.84376654983967
0.0074245002828661 0.937621251342813 2.01012646981324 3.09113743778283 2.03664971967861
0.00802369465465711 0.922189167495198 2.01864304609674 2.94886053936272 1.91877030973912
0.00854147304997794 0.91090411179266 2.03164187274876 2.87482466710093 1.86538260224377
0.0078594975110332 0.956923410183499 1.97406473704677 3.1213738276071 1.83860499604954
0.0162879794655888 0.855449539217744 2.2817280115375 3.17417018904633 1.96078032821828
0.00706228808364923 0.936290688083724 2.04389947015014 2.86907502398997 1.84822552140429
1.13133082920495 0.877927798099384 1.82763644964944 2.71210370734756 1.63455919629017
0.0237107832339231 0.840705580048687 2.32747858825594 3.24984253367733 1.8711994202571
0.020262878265745 0.99113437316225 1.82093427871949 2.77376019934677 1.88152974857502
0.0124924302146065 0.998398850939152 1.87094932944833 2.76938986377 1.8239561759133
0.511104067190449 0.690804160632582 2.41909761609279 3.07466476208702 1.71720807842419
0.00719285001673647 0.945508882598585 2.01999227307229 2.99700826089615 1.88918762325686
0.0128243313122797 0.86292225697052 2.24793843717939 3.2629499033208 2.02822237266286
0.0111676860896235 0.972504679610285 1.89824899439176 2.92038346035373 1.95542419420922
0.00855129345727415 0.975970563216279 1.9515050487209 2.90321365241387 1.81730634749472
0.0134290173831623 0.929599740845851 1.94007822728758 2.91133015763179 1.62947314820126
0.0211586042043356 0.967560241147252 1.84469487571107 2.65762737332326 1.85494921884863
0.00760508082391324 0.918225894746645 2.04029124533534 3.0965214984922 1.8725185797989
0.0280040852545755 0.806591875133334 2.34314049560196 3.11326918208362 1.96657492143338
0.00890270783683599 0.980605939208314 1.94195785969065 2.77779629806801 1.85362666392234
0.0255713026283981 0.991747766672144 2.08929496919326 3.11055623770967 2.1311073998223
0.873702238111485 0.676262748011753 2.51176324669008 3.14727985834842 1.69997935175548
0.0211708869533882 0.87044297075787 2.02900173250416 2.97175427029464 1.68245865014604
0.0226280702837779 0.849607007700247 2.31817457974705 3.11412194000519 1.85592982316603
0.00729939968519229 0.909877987570441 2.09177808549072 3.02814825317438 1.76788318044415
0.00886856128738159 0.883948328170765 2.17348362433846 3.22183206145261 1.92464287678563
0.0214455824256822 0.864115169058271 2.30219707701529 3.30598556996869 1.94602357296602
0.00723851906490328 0.924587032695259 2.0884144763181 2.97999771474819 2.03552984865774
0.0364735663430068 0.870803931879823 1.98990495135048 2.90702583509121 1.6163382789987
0.0108241615991806 0.89598697130031 2.20201234194835 3.22258035595472 2.03928707660313
0.0116178954806667 0.870504774264181 2.09320374293137 2.88752168184117 1.87589455467146
0.00788365767844862 0.924638870983646 2.11423635184902 3.00196331785745 1.9667611354828
0.0252631155997529 0.995778173825876 2.07755474599607 3.04299774894977 1.91492885626507
0.0143717645407699 0.993625634893935 2.03029001290312 2.80305415049768 2.07131424046736
0.00977678217861072 0.867178029744513 2.18440557471009 3.15320186903359 1.96761167216808
0.00809139986419635 0.88957132399784 2.13710061093127 3.04846822270987 1.87477986539023
0.0196397778489926 0.820089250759813 2.29708572347936 3.12485775887468 1.87957711591687
0.00844059993375034 0.887389744947455 2.15835431775633 3.05236088479526 1.87119263270067
