0.0524143503758908 0.71313471248543 2.3318532959503 3.00783229820467 1.79889048065523
0.121289264966743 0.724204952115257 1.98431673055271 2.75451825170707 1.41173100178122
0.0519474772694082 0.747195595440462 2.15619219911049 2.8819630257605 1.73635896673397
0.0430204733168215 0.821113856404964 2.02977538394348 2.74346456640818 1.48807264476575
0.063209745593691 0.681281345527971 2.36141929852244 3.04545628928854 1.8010902861957
0.0527131121779089 0.87617465517931 1.85356845439341 2.6228102205254 1.62303574440911
0.0476780117067171 0.9612389705525 1.82926578819833 2.78729855403216 1.65212174131336
0.0613191775670446 0.979212687489935 2.11084840142223 3.17176027162712 2.06258683276853
0.117702387764053 0.690681103103525 2.08189213863252 2.81233601838392 1.32900361070207
0.113573330654327 0.964093155287141 2.31782805798898 3.13892175734235 2.31309627284771
0.114313837118443 0.95015502462164 1.58798863249835 2.63605628319678 1.50561001878485
0.0850545479534159 0.908277095142838 2.38213552994881 3.35856614676106 2.09253013137567
0.105951518111535 0.632547341702137 2.32135395241922 3.01614333061321 1.50092753962249
0.0397715219700748 0.921191032558859 2.07873325654596 2.88635928375006 1.94792900294215
0.0727834229816956 0.87015499180817 2.41813579791031 3.19105626855434 2.10609094630541
0.0509961403012527 0.849897800353596 1.90707503014987 2.71636634368937 1.53046215889143
0.114548185642484 0.61395673922345 2.38500771516778 2.92490238667597 1.32012120505738
0.201419150762058 0.544415353829488 2.58252441769216 3.102877984257 1.51019893846968
0.42347788458943 0.989428706132468 2.4723593107111 3.37852761796388 2.37850016092573
0.0366067634755229 0.876027527703536 2.13151511332175 3.03843309818879 1.70831582628528
0.0618986095615988 0.844735863801103 2.41887339785091 3.23237561111619 2.0533491277105
0.054425045404641 0.830193401819745 2.40301753304288 3.30712903155403 1.84208826175307
0.0377265196470665 0.843830563127866 2.05967857254518 2.91932735152895 1.66164405694553
0.352285281998451 0.496736607424699 2.7164887527472 3.08377556270221 1.43072320030874
0.335236913776353 0.701464776989773 1.87627472653606 2.55936817935933 1.33853575145869
0.0431934271018584 0.757596793169154 2.27717255454152 3.09022724732493 1.82235478524576
0.0615896905629201 0.683151256425034 2.40398364486618 3.21272851613012 1.82806428844691
0.0961014097089118 0.75003490136591 2.62323686459617 3.26562793146803 1.91844186382978
0.402887097828888 0.720562280232311 1.80816908224058 2.75284505027999 1.2290756528871
0.0405157965290466 0.811148345156999 2.0888161852052 2.86310929648592 1.70761455786574
0.105618094166783 0.711925064192777 2.04561729196331 2.70349889195417 1.43863519232989
0.0467885585495043 0.736960001785368 2.32073621197268 3.19209104954882 1.69005209660663
0.0796221206009186 0.854362506173926 2.46368056481285 3.36434130941874 2.24014912862876
0.306604562563803 0.582956651486023 2.22703450879038 2.70099196137779 1.32835227502679
0.0449981545177225 0.779921136233967 2.11991650488816 2.76591671882956 1.5487501838095
0.0446670351982559 0.751380731344548 2.33208883660306 3.04486077373554 1.76516523397315
0.0482770070833679 0.745867060320075 2.39904289115294 3.41646658587847 1.7707683018423
0.0369006967539662 0.837023723646121 2.10089638864736 2.85428659036438 1.65467778588962
0.0782547600200691 0.672651555489549 2.26517295219406 3.00425405367212 1.35727372948765
0.037882040307944 0.81129679801294 2.15477593178039 2.92222743485446 1.58049328155091
0.042981093732778 0.788425234302394 2.11962602607932 2.94928475839174 1.64229503137619
0.405080788788169 0.612133224430819 2.08390201145306 2.82883240889881 1.31406610559206
0.0653602618093276 0.809964811052924 1.91694438506293 2.79340444554175 1.62881886484192
0.0605516323381023 0.817397514537882 2.44939524101338 3.19771023305333 2.07868563007726
0.0501261252850096 0.744127532354076 2.18690867513823 2.95081894867254 1.41370402907544
0.0489197139711205 0.86659487246655 2.31431601169208 3.26592619753621 1.99073234442622
0.0612674188948424 0.697610170620442 2.2759750170739 3.0381109908235 1.62237914678988
0.0948663677376261 0.933052139202696 2.35311510659727 3.27988889490931 2.19559752826955
0.0451252118326982 0.969165037703668 1.93924530807784 2.91457208180044 1.92836702180257
0.0694473984780244 0.667538180470054 2.37337342211579 2.94478949248826 1.50855906801596
1.14021266595187 0.979730463814131 1.25959400049565 2.10179847549966 1.24065968562308
0.0572040639196463 0.71122645303928 2.25142846683125 2.9529129119818 1.52937117396751
0.115684571764299 0.771711770818494 1.88029192278549 2.47442486756518 1.68004663610293
0.0567219613223938 0.995105338394986 1.76311100042532 2.59783714850284 1.88174923311607
0.150681915091896 0.740513627150622 2.71564886476328 3.41252311410701 1.93516087427608
0.0449407562875168 0.770040063817221 2.36914829401213 3.0158787671223 1.9134708447453
0.127387036593224 0.850990568949756 2.55819134703727 3.38738441970825 2.1680443329243
0.0446230409537611 0.752324178724809 2.24714214072367 3.07222695281637 1.66732638410618
0.0501443699024881 0.741440137415969 2.1977459536484 2.96685795495198 1.75190821890803
0.154470937275101 0.589276990966285 2.38728538647033 2.87636049741352 1.36495236511886
0.0630459458748426 0.680111419660076 2.43432323534407 3.04277251625309 1.5668575820227
0.588195769283011 0.854290280495152 1.50559423784284 2.44877298099297 1.32386841203394
0.040602461529395 0.780954384887766 2.28484678664168 3.1381371743142 1.96304676807246
0.0458472144911965 0.939284239309568 2.11620722319188 2.86132025887367 1.94296493546193
0.193731363267132 0.666987765517031 2.05013582922415 2.67313993240475 1.59824350714748
0.108908957001183 0.725999645547832 2.66573293526788 3.29534448600595 1.88027018243653
0.101781448722742 0.724864439255847 2.01870913964844 2.83688791021994 1.31455413335472
0.0404395513465165 0.919952564229383 2.09925300932527 3.03980446273713 1.91173105176007
0.117842940947277 0.655830593896078 2.69925366887323 3.45279113443065 1.81820815347977
0.036009977542321 0.848571186921151 2.12689210679336 2.93181361457682 1.73695058094519
0.049498954903611 0.814867913676212 1.9872537726252 2.80504813032166 1.73296717401987
0.0534198927061596 0.930147183628264 1.78636029871311 2.66362759270377 1.68898586098696
0.0469392102710172 0.739367733699966 2.35555062706214 2.99051743796824 1.77979511131568
0.191201406313172 0.722575518734142 1.90860510595481 2.67090349709359 1.44964693495549
0.0887508239619253 0.682207437766705 2.6262179943168 3.22429804439742 1.80723393087246
0.0611178146041223 0.999609219440827 2.02942460193304 3.0521943911341 1.97779423405744
0.183195428490275 0.611617140584845 2.23815093930699 2.82575997520971 1.40146766138406
0.0481671525822196 0.734467438914849 2.26918761710915 2.94906565513633 1.81572174022354
0.0810623690204278 0.790247248427792 1.90959818405048 2.96890239498295 1.4950441507654
0.0646860845807185 0.883085885136229 2.36684875552553 3.14048388272526 1.95184213232659
0.101166148241528 0.85628650109673 1.73892908270683 2.47773370074706 1.57399268243667
0.150679505226894 0.985607122372769 2.31889811154565 3.3202868661211 2.26633242602231
0.129123859041457 0.770829677069885 2.66121148443829 3.39623099356086 1.94692166809533
0.253879978748014 0.827343273025209 2.69643245120071 3.53533013044821 2.19801944394008
0.101242032241547 0.654927672473136 2.2410016149508 2.83724211493889 1.27831688217475
0.0637641671565812 0.901968155456613 1.76576373932183 2.54953259203175 1.63788626137448
0.0393587030836759 0.928416731361714 2.02230499035744 3.00286378766848 1.87136786388412
0.041867343791841 0.911346417734465 1.90346189520036 2.86306819752668 1.57571267621278
0.0615382843935533 0.683290555717986 2.40233450742772 3.03020471398056 1.59876337455757
0.293130175415746 0.511956119011673 2.71037629759196 3.20833905505774 1.31135242023191
0.134426949319415 0.847492286452106 1.70613458405315 2.54465871175027 1.47659132815467
0.0525862651244683 0.909331359091972 2.2536404236313 3.06407919894194 2.05376523083655
0.0612167894198178 0.957828458940507 1.72485612260678 2.61015531154544 1.71514509850755
0.052156813306389 0.997717525019301 1.90909896099859 2.88256757506415 1.95745534107456
0.0657612575457512 0.935974777145188 1.72027392907947 2.70326814852803 1.52425413622442
0.0415754507420184 0.821603791716707 2.04600187743241 2.79888543601364 1.55186091953536
0.0539903903038622 0.952756895787957 1.76975574344698 2.64581590841502 1.87208403793624
0.0812500145757435 0.647137044686656 2.53335123260972 3.07828686618438 1.53374989160589
0.115194942635355 0.674898445056727 2.6957417410519 3.44938487324233 1.76008504213742
0.101522663349193 0.82809393360831 1.78861319186606 2.61941582262655 1.49740929379465
0.0607665096631173 0.83597429108678 1.88316134961146 2.49199532275082 1.45072466604721
0.0640388379003827 0.713033208077595 2.18675342457516 2.79899391511955 1.51197984292361
0.0758201968924964 0.99511847449869 2.12996279295952 3.01207128521564 2.1856551632817
0.0576675020250563 0.695075990699857 2.36219239165207 3.16602210490492 1.70938694288325
0.0589741210096268 0.928399276996147 2.24528983637623 3.38826901275907 2.12060865836422
0.049024925628741 0.986778502132227 1.91346244922255 2.90302133082879 1.94483049242461
0.0828146293244738 0.664881245319126 2.58934584584125 3.18037075222564 1.58757106228672
0.0547996735998694 0.70693130020076 2.41293785791193 3.16653193490114 1.79782978887779
0.0593607071161469 0.963024840015721 1.73272897274137 2.82032470268347 1.66507132169591
0.142697407146853 0.869675964221314 1.65966999354903 2.59382253617819 1.55524284237672
0.0768224134838257 0.762893831708432 1.98543286960716 2.60659814623981 1.65289253148321
0.0409500766702936 0.938883034569042 1.93402871240768 2.99326914796298 1.71775084633193
0.0360791361435004 0.864292399189396 2.13002393676853 3.04839226900748 1.58183537652431
0.0408151328227894 0.927630536170892 2.07806264676508 3.01498203671908 1.9232019179149
0.043535211129975 0.803551072723912 2.06796872537212 2.94228404363452 1.77223981426018
0.466093179105999 0.986573905088545 1.34849490909728 2.28832368884409 1.44098459442172
0.0960090155513318 0.972538578942593 1.60203876543018 2.59445649687187 1.47591336535809
0.0366600720399497 0.846431088659271 2.18478748115119 2.95498352516366 1.80810123769012
0.0553358451201113 0.81495255334238 2.42646338473107 3.30464167683517 2.12398395518497
0.13554820887603 0.58327838086783 2.51701481898058 3.09648381986698 1.47375624539402
0.0541820020171388 0.733430145266124 2.45747980427428 3.02809591283364 1.69299837989304
0.484322907753608 0.472721705226788 2.74379874782236 3.17351771412433 1.49504475949325
0.0733845867098657 0.886275966594086 2.39156937128185 3.15160358482089 2.1475740207648
0.0416599267337638 0.78947566782643 2.1377079037176 2.83500338216567 1.74583599939408
0.137348959682999 0.658623607039864 2.14497273024951 2.84197612975992 1.29888318142848
0.0845292807969434 0.753960046970849 1.98519532568508 2.58970214161776 1.53008853474952
0.0525874368953457 0.85942139512363 1.8810341698227 2.67926586987474 1.53797955745187
0.324158467432584 0.809165204935034 1.65350253806515 2.395129972178 1.429693856244
0.0389406953792391 0.804062622450227 2.26515088279333 2.93409760845736 1.84720293006987
0.0727363123386948 0.947604485117129 1.68457788714628 2.530053538555 1.74002475325359
0.0547592648743691 0.792900669464336 2.44503485487809 3.31822283099641 1.77972226582212
0.0365378185373392 0.890316164196661 2.05279019305922 3.04526634575179 1.72773945935549
0.0614539224130462 0.684470264798349 2.37322329665835 2.95239144917847 1.6702066021474
0.0462064996156178 0.967049485959789 1.86271804341824 2.84467824813455 2.1393947976698
0.0495634088176746 0.893262974328305 1.84942636352973 2.75097328944659 1.58189901990335
0.0834946219070517 0.755351848041636 1.9845508516246 2.65690893820336 1.40520536830407
0.189932110941718 0.933305031286828 1.52609116586461 2.42298750953077 1.37521267723688
0.0925286149425896 0.937427470049786 1.64152734157377 2.36731425961464 1.45881073745023
0.0735827940604772 0.826587214112911 2.48613865111615 3.25970940580966 2.08572188714381
0.0579099978180727 0.826703251852288 1.91403943610386 2.55313764790592 1.46452286838422
0.0770249784578745 0.97908762458976 1.6496879016288 2.77563743060502 1.62721143587839
0.0459143907425665 0.777795068291394 2.38281836536655 3.14540156269867 1.87242431776071
0.0738379013849623 0.786084917908728 2.53331712731253 3.169656088908 2.07768104612463
0.0430665076349161 0.827967087981855 2.31946710828382 3.1630342997435 1.78394459289296
0.114936815402278 0.632802116901821 2.28902096879721 2.79656380672381 1.44162954336075
23.5785251651773 0.455469576339715 2.05924125424168 2.60733510942422 1.12586905676114
0.371772126829365 0.596588053152395 2.14550844145209 2.79871000356077 1.2755148728587
0.0376086696406199 0.89363132163761 2.11707322617298 2.9262961026898 2.18996342758893
0.0708294536376358 0.763547170051383 2.54198887359147 3.31620032184335 1.82798546708154
0.122667283415472 0.732433470219248 1.96144494126554 2.78097669821492 1.4274809187858
0.146579454707077 0.815532189370561 2.63100718940512 3.57844423618535 2.37801599669775
0.0927152245837456 0.803950828392517 2.56352299174549 3.31268150601746 2.05910377997095
0.0842403711321956 0.970818495862001 1.63219918260004 2.70155803991762 1.54508549416199
0.0382399828165346 0.805840908747699 2.24057971139666 2.93238105700683 1.6791365587163
0.26149035556852 0.595479157604516 2.86440340336134 3.4886558366412 1.73494162904528
0.0386355497044074 0.894632074321328 2.14098893918474 3.02930890076819 2.08550855356586
0.0362910920268789 0.876587971607455 2.11291911305435 2.89494024540454 1.9896206767611
0.0368344341085501 0.8695711418734 2.03785253411736 2.99034021862904 1.75226147628112
0.0431929638745543 0.902939221306374 2.18970619427683 3.2350844527103 2.20033971737136
0.42489151982464 0.701759154503705 1.84420096279117 2.63607188999038 1.38210011494253
0.0548235138718932 0.872927108048105 1.84700289616752 2.55853940367493 1.46494936096275
0.0599103150961197 0.858298610773935 1.84667869767653 2.74119335881801 1.41230319754836
0.051405207587454 0.944700123731357 1.79151983829035 2.69077970724672 1.63347030518475
0.472736710204059 0.495141083624164 2.50747227069523 3.01943797666058 1.1778886506811
0.0487918194614706 0.76057724080841 2.4141310384402 3.15353710834066 1.92988077257799
0.321754356933038 0.738170593094325 2.8307099666817 3.71393613996875 2.11446521400084
0.0674718183368343 0.773552519767506 2.52171373822789 3.45373774641827 1.89781459814281
0.0898115519670266 0.752449291128992 2.60680911839769 3.34877606898336 2.010815075168
0.116433840934389 0.665874061842977 2.69808517171569 3.26969460660027 1.78241527443323
0.0566998719079491 0.751027711638815 2.47982552297944 3.03119415417838 1.94146585369916
0.201516428963689 0.543585703511612 2.64692856852092 3.0604885406654 1.22217308957103
0.0406386946095163 0.778359873304773 2.27594390563476 2.98605914499938 1.73669897091809
0.0414063680778691 0.874551459173464 2.23066448281788 3.1446851963776 1.95000464853145
0.2992696504058 0.616100777033618 2.89116300648852 3.49439656368437 1.6777664732893
0.0521506477409295 0.734869614046739 2.2013797547144 3.01766794600381 1.6568413909769
0.0691648570899418 0.99189235351707 1.67816451141805 2.67612124157551 1.72316118937633
0.14304523880795 0.675705181959689 2.08378804236056 2.7553420129649 1.24024733505374
0.0395559748778555 0.826917755478708 2.06305763836407 2.91865791904282 1.67538199408073
0.0482227760729666 0.845703087192061 1.93317217904012 2.75951833236524 1.63982513025421
0.037323557930624 0.905617797532455 2.03005635648384 2.86250936311626 1.78969227285573
0.0885146102759825 0.70211691261404 2.62677060954984 3.27601750234071 1.73129918886121
0.046743041608101 0.867732000395687 2.29591593860513 3.17282374018555 2.04748202770038
0.0580906590721643 0.818316224609804 1.93032286627355 2.87642899836307 1.4961373993663
0.0654872932420159 0.973780183208405 1.69774082409475 2.56050459676813 1.67444934431244
0.0452285868744321 0.745474653513038 2.29062135167004 2.88830636147777 1.66507245499383
0.178720217443644 0.955447704431841 1.50892003500111 2.57000320781378 1.34479887252011
0.0481661761803634 0.754155485384221 2.40470079853133 3.17462231245736 1.77867902045271
0.043740847024894 0.821625378229353 2.02084867575273 2.8924529826202 1.74197038154853
1.10840533155827 0.578385769280756 3.08718180434344 3.50232540722754 1.78003981243259
0.0464838437205204 0.783692414577522 2.3876819099781 3.25507266005451 1.78454253493909
0.0438779106762998 0.955533886225564 1.88878137768824 2.81037972807845 1.89855769620666
0.0812773609410431 0.982355777695214 2.1906982552682 3.16609336239213 2.16932804307667
0.0423988770578184 0.81793213364496 2.32158678552678 3.08881549099276 1.81139580775638
0.0522995940500609 0.822011713478627 2.40073130631064 3.13777579817453 2.14235574497566
0.090377684933171 0.976182335835687 1.61268741330747 2.67302776486207 1.59580510555089
0.0768287160131198 0.885772319806682 2.40293321350773 3.29544025071603 2.21822695936077
0.0366253706754513 0.832371668815864 2.18690288921491 3.05553991675107 1.74603503362412
0.0984690470117209 0.737704450931186 1.99245396894418 2.74219834400365 1.35605950695857
0.0627678211656296 0.814147148025162 2.4628462874311 3.34684082943047 2.17793208737677
0.0540013901507912 0.782436847122804 2.4483849450527 3.17187685754241 1.89348973525212
0.083470352051035 0.974164721242865 1.63225411386584 2.49253890189701 1.42974300450222
0.128462942497157 0.644267317215957 2.71817518103387 3.4931212866477 1.8290927008962
0.0427160156022174 0.786464401398904 2.13017608696144 2.96698278091881 1.75844796761729
0.0495628754189668 0.961905118152899 2.07747621718988 3.25920517565345 1.94518101813424
0.048586556822062 0.984889289264726 1.91891352462901 2.87394939621692 2.04831175371112
0.146004752531185 0.830041988367197 2.61100734072101 3.5585783844682 2.23457209627525
0.131132111954023 0.757870332377989 2.67637789035041 3.50195722942047 2.10686633686534
0.164132691445632 0.637196353284986 2.17432616148599 2.91320994389777 1.35963069415854
0.0412793788201551 0.945519367499592 1.9543715721085 2.95817075473512 1.78138053766357
0.0419146301897554 0.897377862935751 1.91363639321224 2.7920977937973 1.71299240197361
0.123436595987515 0.607126644369801 2.3875200878264 3.07799966921878 1.44840314376099
0.11340857775663 0.911585585229929 1.63516098925796 2.51338528596551 1.36713132436782
0.0785456890939836 0.791423042030686 1.91391807587303 2.57942563920201 1.37429269015451
0.088024776047941 0.640367741185683 2.37504336995837 3.27093926033309 1.5657847778119
0.162290631202935 0.981910976898429 2.34186555726509 3.24414257004943 2.27281405529991
0.397796207513723 0.695481383564376 1.86746695443979 2.43528369839712 1.36774987980128
0.0510735844430199 0.971623272589678 1.79676202100738 2.62289595269152 1.5749333480703
0.0937432038823025 0.94074980050566 2.33323615631507 3.27615028143629 2.28700169881536
0.0490817753352757 0.978899552052154 1.99037311171183 2.93882794387209 1.99093748356237
0.0706456337844718 0.662565671193771 2.4656849262842 3.15078826684222 1.72278546848355
0.13855768761839 0.641496635033826 2.20026243519447 2.97280548874015 1.54384739413256
0.0543676444725253 0.736348066081902 2.17336367945609 2.7686334383173 1.38941277463366
0.0534607892481798 0.991953985884754 1.79634192262364 2.74224771039995 1.72514885821468
0.067430029818295 0.69812770063788 2.53514236822312 3.24417226875416 1.84851053546925
0.0520410605350939 0.86199873535642 1.87988162296944 2.82188582188785 1.57844064733045
0.0945005472029824 0.752336114474403 1.96470623439764 2.64036811170698 1.49097180496565
0.0453071699229175 0.882741689887366 1.89592381498117 2.92393333011991 1.60052958877128
0.0651842764491241 0.70795102298761 2.19849646657751 2.90202564436787 1.61962894761804
0.0387364407967704 0.905120798830167 2.11160851890007 3.03826093389484 1.92963557299426
0.124090906108831 0.600647548722147 2.64274345870326 3.25592227965506 1.47748866417484
0.0842424124446561 0.923661480055472 2.34798350475309 3.24767249181717 2.23188184855853
1.87709763285 0.892187551990783 1.33211111870571 2.22767079470361 1.09872548816898
0.0611777013825749 0.836360201053759 1.88069571383258 2.69723995205071 1.50263136584733
0.0680063267795547 0.766983789663776 2.52877015311241 3.18179931722956 1.94546450237893
0.0704375161773214 0.817746961454401 2.48727544276067 3.22223930015396 2.02283158254538
0.0531824858777442 0.826631191385067 2.40044188635573 3.1264602377828 1.91819301583657
0.0511980163020464 0.761546529434854 2.43692162163452 3.27513655289044 1.96846190621653
0.141603374217833 0.668983534301872 2.10593630528922 2.70462121671525 1.39298722159972
0.0419933113017164 0.870302828174775 2.24573637470091 3.39392554118658 1.8682566120045
0.0620501577141089 0.981963874023684 2.10574957488713 3.12718794614823 1.92919839001399
0.0537201540746108 0.977841156116288 1.77446791340273 2.91274459049591 1.77567224401829
0.0792663416765084 0.816466555072588 1.85945106887212 2.65310811654163 1.28173333535474
0.048839612862912 0.755522890743434 2.15823034430072 2.95653132620034 1.68105432772589
0.0535701899647379 0.978677929509948 1.7765049550343 2.62888497717673 1.59759490086061
0.120562551137543 0.672725484866251 2.13075011134208 2.78802462862516 1.44698303728241
0.0711337891292048 0.790063246617418 1.93975284504749 2.63565931726839 1.5354842593914
0.059450989762803 0.700032377991502 2.28390687385478 3.10216613369968 1.61428877751191
0.0425661777815498 0.931004316257667 2.09899699738643 2.95519322276974 1.73585088201791
0.0449224068862632 0.949985600097338 1.86000849664281 2.97083276126998 1.80711452828152
0.181010752770848 0.893137796040418 1.58808659604579 2.36684505347851 1.44130002128408
0.0374531263033935 0.90770585917184 2.0297195332246 3.07894851583012 1.86759994427589
0.0805946430041087 0.868651616742622 1.76191108924617 2.58386529209858 1.59877271521147
3.80943996236481 0.474121759199946 2.20144074296391 2.5458796011537 1.11968903239535
0.0408308620634174 0.933542844869969 1.92610136969285 2.92685833955508 1.94872158194233
0.0750065215734341 0.988252392106583 1.65387527466457 2.55691199394154 1.64755858917447
0.0662751855942638 0.897615469160637 2.34526128627485 3.18979971490438 2.09185757653781
0.0593167143244335 0.825191424532225 1.91056762442571 2.73966010063607 1.81184740454324
0.726178123130254 0.581416838610399 2.0871681725507 2.72566012393176 1.30177967984401
0.0367713551426688 0.895924622267799 2.05408427164635 2.9466700729152 1.96808899114051
0.0362550894164188 0.868825063187524 2.0633927364851 3.01631109064097 1.77193227470706
0.074870633800191 0.980216203970756 2.17396859323801 3.11574672973373 2.10868645824144
0.0465092033968271 0.914315864422562 1.8504957740827 2.74050849249836 1.58759658534207
0.058547189108071 0.882476086453144 1.81452162478827 2.38394948027494 1.46404179820639
0.0393507440423201 0.928876286373551 2.01697366842914 2.79698216218562 1.80805669526482
0.0781239105727662 0.677035129345272 2.24691657298121 2.96868440355703 1.78852163339217
0.04944754020665 0.727433595455246 2.28782346040701 3.04329577841457 1.67792265639859
0.0414411510950026 0.893716888089982 1.92326560718872 2.81436889460462 1.69530372221467
0.0635830864120007 0.678168071834737 2.42566520392744 3.06991362966149 1.67829587090545
0.0549031912471699 0.743748868334426 2.14275994314443 2.88095205016502 1.65999393052252
0.0390671982817836 0.797277447522736 2.17259291448488 2.90894626324513 1.76935109587107
4.03032774854247 0.637610271222518 1.75025230595223 2.33942430596794 1.22714398581252
0.040380287622996 0.915421582752814 1.92594424604324 3.07105428180885 1.70654419048592
0.140544473183885 0.985426532058675 1.5191799688031 2.46122121312332 1.56153675535185
0.111028546373558 0.610922676888213 2.61225481811007 3.30296041246774 1.57281672998907
0.0901781461566585 0.797152119003568 2.56570797803252 3.23840620324975 1.93530581406487
0.0917006322658233 0.634730442328701 2.38537832890059 2.887350792489 1.60904138838372
0.0876610657145173 0.943148115706068 1.64661505518759 2.5940719498502 1.77265804493372
0.036385601475911 0.836328162272338 2.13231181644025 2.91797149782474 1.80248739810085
0.055786544134624 0.886343781671186 2.3201918781746 3.19779566132623 2.12935791074484
0.0394618223965959 0.929788041691932 1.97335583529918 2.99674017929784 1.63354268046854
0.0375426467695277 0.843799042056522 2.21508056504821 3.20974030517052 1.7317606903405
0.053562704800697 0.766190089381426 2.45408691153542 3.20029537678269 1.74316958182725
0.0390164552422932 0.9252576779178 2.02545876949676 2.96873317271322 2.02413433439672
0.0917535353942242 0.73266340109911 2.02118482074923 2.71171255158406 1.6546735516773
0.0498221055163212 0.958941707066381 1.80364073395698 2.83091249360075 1.75096579917187
0.143155887159248 0.855316138999383 1.6828766741317 2.47930553147966 1.38268256043153
0.0459372995166615 0.807474921123422 2.033111993509 2.90661699730348 1.5832822455398
0.0618347168296002 0.700371071867284 2.49443237578956 3.31160176442948 1.84255154138751
0.124065786605602 0.594252580447569 2.48229901351985 3.14299253555308 1.63477686365889
0.0395648292737149 0.912215733586453 1.94273879809413 3.01191346683496 1.77581088521033
0.0564084327338744 0.718333349087554 2.46592284679498 3.31524466247926 1.78301623805249
0.0685140892370068 0.967689841736888 1.68671513744105 2.630122183708 1.5359747585891
0.169118984703399 0.566664542151011 2.48939931266532 2.97342282499666 1.27572761754529
0.0825069805892867 0.688873353166717 2.18168098827251 3.05948940140154 1.5380165788215
0.11926564170865 0.809774785866219 2.6035890015313 3.47961879491212 2.33183352902997
0.0440333403365422 0.801578437761955 2.35275863151949 3.14942928601826 2.00126681429876
0.277407783667399 0.879720067191017 1.55141200213354 2.29160469956265 1.51744659121215
0.0372729643874466 0.851676943809722 2.19839669404341 2.92820758501396 1.87682307181987
0.114492080837443 0.844706939682959 1.73734205737141 2.55446877184591 1.60550704056891
0.0531972952510261 0.807036492205129 1.98087674797726 2.72151126583916 1.55404821112732
