0.0125571690247237 0.871645285963342 2.23005280228264 2.93177838211389 1.99525646665857
0.0119207265449214 0.967881102663541 2.0865849659349 3.06366219412808 2.16280258588627
0.0177050054353635 0.840224324123982 2.14267822549001 3.08928822311773 1.92553020547787
0.0175658409661496 0.829455292722697 2.21604483735649 3.04540346253875 1.82331551167553
0.129289569268055 0.867541113243799 2.41327795847768 3.40615342884229 1.81697525461326
0.0081053637376959 0.92689937943368 2.02749330337039 3.12165258584141 1.8503941539743
0.0326171352678179 0.814240607136538 2.15480108826489 2.85856999699258 1.8326377140165
0.0180900075443493 0.901080709520832 1.96973240518409 2.77174713190642 1.82168344160321
0.0206359148595966 0.828421070573998 2.28772088490127 3.07890131958716 1.95673858984216
0.01560521440973 0.950244377596719 2.15774803379006 3.20328245359289 1.96080861905306
0.00806621852437466 0.936313296331276 2.01363270285718 3.02360363159032 1.87057482508272
0.0118747927109509 0.886256554817475 2.21719788328248 2.96179392083942 1.87499069221544
0.0270508761723675 0.805574787646322 2.24705587526706 3.13971881226279 1.75844109825296
0.0191422641994556 0.83782739551294 2.28580665511985 3.11695412736876 1.92765967484462
0.0103767655391142 0.893563800624885 2.19116606110702 3.24551446068792 1.78602285471278
0.0111036819924799 0.989973436660329 1.91998760947123 2.93281387998587 1.99702404743069
0.00884206737783595 0.900927475557758 2.06705935208424 2.87356350318827 1.90505988961787
0.0110007454176221 0.864135960490909 2.16778416933819 3.06298195301891 1.89877190399368
0.034493778023203 0.884606705225551 1.95568228909818 2.87193353312537 1.89316350618524
0.00859511448962657 0.967491154434875 2.00180501646204 2.99021278175704 1.87987964401044
0.0156432745688022 0.998382974643703 1.85756420854886 2.87194497470328 1.91150082300679
0.0604167151030845 0.772772358682055 2.26566581390068 2.98008613380091 1.90084166022759
0.00827196535905001 0.907745519316678 2.12860871983644 2.97282631691578 2.02728548266954
0.0141488617550749 0.849696390502444 2.23803761343993 2.93581198047026 2.12256030955037
0.0441090671558511 0.792582047827274 2.2067172276488 3.03039235411629 1.81497858926789
0.0142907737809603 0.897297727237081 2.00079668346194 2.82544549035422 1.8561281332133
0.0220958878408505 0.877013323091919 2.00670060597152 2.87702073245611 1.700140200927
0.00820292231514732 0.947153756788927 2.06726185542463 3.08445317427315 2.0957196442586
0.0269858283630284 0.964051782058486 2.17455141392012 3.26425245776122 2.07874891114408
0.0372481973877552 0.809344269853536 2.35664613858359 3.19203233028273 2.09936415796702
0.0082260975344901 0.943326611008566 1.99896151744328 2.96236259885568 1.84766100112285
0.0154786383034246 0.98150900172336 1.86446539664087 2.70920543133884 1.81648982270699
0.0401453603396135 0.992737577577181 2.13546680134665 3.25257932268795 2.04695881311219
15.0734803164173 0.632413039954513 2.61710278353569 3.35681845241448 1.59554083092936
0.01137048734732 0.896882217466704 2.02975372280809 2.9556131624029 1.83867069742176
0.0118587252052304 0.998983198680694 1.96566538263649 2.93831213461805 1.82554657618212
0.0107767479783888 0.941695177743433 1.94991494937472 2.89371842199668 1.86181439967237
0.0142983200654207 0.988051440697847 2.0528970584233 3.03186367931726 2.18790692712417
0.0473021916710214 0.820579854754675 2.38356999736122 3.18894470639024 1.89661423220421
0.0108776859604061 0.865524287345544 2.1774787618554 2.89596592654763 1.9310156186092
0.0789269839259643 0.792099703261612 2.42373073889078 3.40464964844557 1.76039021874522
0.0079096803652366 0.950938681455068 2.03180530543897 3.02582924044273 1.95766179935156
0.0119260969088293 0.89851174926463 2.01931109414685 3.05594372278493 1.76284130450658
0.0149401921386543 0.843281750672898 2.23835035942705 3.04295015366618 1.91984611472806
0.0086456732420572 0.89512126986279 2.09765262852349 3.04489409483718 1.91600775598545
0.0308408189703631 0.808543485506585 2.18797823679119 2.93653811973911 2.01252646718308
0.00764451936442238 0.936698841467724 2.0507884901577 3.03906917998791 2.06276770266583
0.0366288866601235 0.812183921463929 2.35664919578659 2.97871299892386 1.83095594574247
0.0178773786933511 0.929909666102577 2.20771782352681 3.23339250191322 2.07052622436164
0.012531083795679 0.972828211505428 1.89642221160274 2.94928764339873 1.97473243708839
0.0200524826998801 0.846211415027118 2.10174250916571 2.83709732522558 1.76277849160095
0.00896875080948418 0.963819491733655 2.04406357508556 2.97249865278934 1.9209004031827
0.143291142789397 0.995631833857079 1.69225968480467 2.48383050608362 1.68977147563065
0.0157679554874746 0.894629058515782 1.99666782257585 3.0623755031906 1.84010432518244
0.0254950137787756 0.816564305014308 2.18333364730896 3.03277762797636 1.71287918742627
0.0118535156682538 0.858353371986005 2.1636341811587 3.0871605973044 1.83324630441602
0.010304848410807 0.902698917606058 2.0304337645874 2.89950188329522 1.89754204830495
0.034185343792446 0.814171307525474 2.149133693843 3.04235614231116 1.83077490809065
0.01150625988782 0.887957855275993 2.05119528877742 2.88047904171048 1.88025959544189
0.0086070067455138 0.949713011682468 2.07499862251566 3.03552774516248 1.90900890898524
0.00967448991381327 0.973121963319908 2.03179265206001 2.98343856597605 2.00857474442368
0.0105675284787547 0.88768407076393 2.19694991629035 3.1824287399818 2.13499435936733
0.024063072954229 0.929340396035747 2.23242128622021 3.01321195478154 1.9566349798727
0.0286068611690955 0.933082953203846 2.2385242513905 3.17995155774348 1.92884350062949
0.00795252629171496 0.918553143088554 2.05305295505737 2.89256399633474 1.87202778949432
0.0122303580832187 0.970210390498013 1.90157556728505 2.76147928130234 1.75595296135647
0.015663488986023 0.936365521928164 2.18465305808498 3.081933154254 1.87739238347274
0.0370195235429104 0.909932433885781 1.89922895900517 2.89069759950865 1.67243113340539
0.0144230995415687 0.981515311362012 2.0737847219301 3.02534759963616 2.2040497205865
0.0190107312710362 0.968096957584651 2.13700319267151 3.15719482385072 2.03042925360088
0.0213298763219368 0.961031345546866 2.16274847504722 3.08757793339761 1.99395575029749
0.0158819096396281 0.913289507748971 1.95667687676987 2.65061971088463 1.8661951448967
0.00823059181524465 0.905939106130948 2.07667746802412 3.22411875561989 1.81506944548404
0.0113344928079095 0.985990981799976 1.91044362010207 2.83408644070635 1.6530966806534
0.00864367155373547 0.893280726839136 2.10877642526468 2.85865620940565 1.97412583014271
0.0325246792572045 0.796178852409858 2.28600863303465 2.93028476418716 1.78645681982521
0.0109180984097535 0.906267835110411 2.18873044144512 3.03871299650542 2.12334226071739
0.00798034653290751 0.953208221051454 2.01458092576891 2.90316611500705 1.96826296751414
0.0637188693346552 0.880745661666674 1.9262177869335 2.6537718109269 1.74433503590233
0.0282343808546438 0.837506643594356 2.33470752926039 3.11874813194338 2.06009009875926
0.0134663153073205 0.85986056750966 2.11505981430649 3.05292449946561 1.81922735342014
0.0123560823251478 0.868499605158935 2.22648442786238 3.22331755473859 1.85951252325168
0.0107143814150053 0.992242553475563 1.95442292112976 2.8720026883464 1.85402139680644
0.0158260266960949 0.946934373500811 1.89975253813374 2.8960716692428 1.84264222683241
0.0967833727350303 0.890033603670091 2.37269547128831 3.24204651946589 2.14620627153151
0.00878232640225505 0.917578083758911 2.13822593515445 3.06027092770184 2.02166427003417
0.0245808884793937 0.818338613875974 2.30442040437169 3.09637374971883 2.0482631283537
0.00925087561438038 0.976153120872102 1.9982424364658 3.06012892224529 1.98256837868389
0.0190283390349367 0.827372186466509 2.26402039073539 3.18495241081426 1.91974738292206
0.0118258628502049 0.911971586581358 1.99059408479816 2.85790443456929 1.85676595596937
0.0209419643171041 0.818790954025167 2.24436683380702 2.75672210521992 1.86731504142471
0.0735834213019407 0.780473203273675 2.40885291041668 3.0129050490852 1.85544605650712
0.024180154010992 0.85876596157001 2.31314273390898 3.06308533469285 1.86966052596443
0.0138002407990753 0.862158528549236 2.24472896609015 3.02605097060912 1.87050217778653
0.0270581492372856 0.833679236343015 2.10768666545871 3.05990206213334 1.79024877227397
0.0925954463021071 0.761614184917205 2.2524289536155 2.96513688141777 1.72676413513956
0.00888311438801122 0.929174307797438 2.00074702097669 2.88668192629946 1.71639619334816
0.0170251198981961 0.956979215565494 2.15185888244451 3.2258527585806 2.20888830132348
0.00957754361504854 0.963616752424545 2.06138161117078 3.21544569089459 1.85936604326588
0.0132473986347329 0.921458175646985 1.95912452379825 2.88865616438021 1.88665509730826
0.0121010716626937 0.916771394443431 1.97817014646357 2.81157299484014 1.88958535231656
0.0103419351088079 0.870103618390829 2.15975510023945 2.95362682300073 1.85623002385787
0.0166037652383123 0.838220993097429 2.25670427371854 3.12886864656323 1.96255449570167
0.0227395636053753 0.886586308223348 2.28590961959625 3.14834752082549 2.17116541422088
0.145563097861347 0.902510424378494 2.37580022889305 3.14976607034956 2.12692604906354
0.136530834262079 0.745560203772944 2.41762790722001 3.03021446329905 1.83855469702024
0.0144961304340112 0.925796961765693 2.19506338458872 2.98015974924107 1.88360721303999
0.00843761587642344 0.960263637700252 2.03454509425007 3.15471024686135 2.06234630069033
0.0208237090844051 0.94472147054498 1.87932884852167 2.65748496700346 1.75961693349768
0.00879432698172175 0.956943140047051 1.96990306591181 3.06654744239921 1.87821414379925
0.0144324861247143 0.944716755627432 2.16107741232949 3.02470193965299 1.88677873785261
0.443795065517069 0.757571180339933 2.12956793083052 2.83856573220792 1.68671779034939
0.015439843797299 0.868406604983278 2.06579873377584 2.9395580735398 1.78819399250558
0.0148671970768205 0.928177698391564 1.93541602795369 2.84468170587977 1.671548434669
0.0122136317800288 0.858662609460891 2.21180951291167 3.00191235788386 1.79366425620819
0.00824957164625543 0.938086831829947 2.00425448550879 3.04845872741572 1.7909137839867
0.0151006680533643 0.844806207541581 2.15655776375939 2.81549990519092 1.81301914334754
0.0088247324987792 0.901590996412841 2.06557346559612 2.97808461279557 1.84034314268227
0.00884451079456611 0.938872660571782 2.10580464338499 3.06184876414059 1.94263322384715
0.0122815880285133 0.999813880090137 1.90847268306386 2.91463952573694 2.01462030185631
0.0330375496784176 0.874349841469388 1.98164275966686 2.77624390943244 1.72881409896293
0.00882023956218847 0.958751257635538 2.05596583477679 3.03884840761798 2.04794674716733
0.00925407586737684 0.933151362968787 2.12529231190754 3.09689872984339 1.95574844630412
0.0219617778820244 0.987990427719244 1.824333989795 2.89822644349845 1.77051895358442
0.0101181635520569 0.890572858790297 2.1875258128583 3.04595066216574 2.13158032826051
0.0483771066391328 0.821370666384009 2.09102979132166 3.08423909251073 1.62605390751966
0.0386475003704073 0.7996771434162 2.19322770489292 2.8538408718706 1.77358396761457
0.0150659192456991 0.993828436478827 2.04125405176561 2.94722131670223 2.0884283835438
0.0230895307424372 0.896052992432385 2.27669223416967 3.07178897213439 2.06828358507928
0.191321313137377 0.805673239519223 2.48091808596021 3.35256158742048 1.97258186634558
0.202374943775815 0.767173385601761 2.15055449233165 2.88203757694975 1.76159642628175
0.0208780743847264 0.831557499174685 2.15023586419295 2.93789816907713 1.77189021881108
0.00808773281238878 0.956588516777701 2.02054818254849 2.77085522985333 1.88055457049838
1.70823928128302 0.862808219183578 1.82279237072397 2.71687141168706 1.62105497591079
0.0123696847732574 0.94504273929925 2.14372364287303 2.99311077960357 2.05275474050687
0.00931171062583388 0.955816782225027 1.95718950138475 2.89778245436476 1.86971942132517
0.0137118197590036 0.84605597936412 2.19433570529821 2.89080533901646 1.93754427197518
0.0121261803761771 0.999876047337431 1.96944271199511 2.97442745932283 2.05468020378475
0.00808220138358942 0.913442924066072 2.06014631713697 2.87509650005041 1.85826422608513
0.00773467057660622 0.9354176388628 2.06977185263738 3.06006182574666 1.82704389477834
0.0294343459578157 0.801911618661313 2.24532600554443 3.13409276856891 1.70914235525374
0.00911477248158798 0.944917213622574 1.97242794795271 2.87886621790264 1.75025019546834
0.0240366107466217 0.907693345699824 1.93325222633589 3.02316820577251 1.69466531019074
0.0112178903687351 0.89082216426706 2.04735634285271 2.88862869153167 2.01247457917447
0.0276006599667132 0.881825626126044 1.97770290387204 2.99392518041537 1.75764270322284
0.00772057078179907 0.918548988061815 2.07879981939112 3.01193719081699 1.69478337551253
0.0159529679886468 0.865266453856775 2.07089135344286 3.13094117457528 1.56112802694671
0.0145853102241458 0.858731161751512 2.25305419550726 3.11979467827847 2.04042192534304
0.0188472850843852 0.836223392674738 2.28139878977784 3.20346396285078 1.88529363561581
0.00992967248388636 0.983079216509518 1.94857037545209 2.99873819974361 1.98770089114236
0.048995734971477 0.908429607028618 2.31109176091423 3.32518545398429 1.97259688946953
0.0257451479492551 0.874008888521465 2.30785245750511 3.26558519193572 1.96957515605013
0.01628163087788 0.903826516945528 2.23722125325324 3.08114920998846 1.9769856271591
0.0114776795779467 0.960250625283926 2.10077966340775 3.10106927760506 1.94406989083951
0.0282923658275272 0.80804143348014 2.20845230629558 3.16038386867778 1.95936030271178
0.0081499319135458 0.903166692610547 2.11356722761375 2.94358310640851 1.79789023719318
0.0171129715213657 0.836024664862528 2.17081541147347 2.89015966726846 1.8352704081057
0.00964676387575369 0.917293823308356 2.00846398533603 3.06144868495177 1.80183502331402
0.00818695629285675 0.903966412875416 2.08842423863777 3.0808161082927 1.75189505685088
0.0168844534588157 0.879972431558364 2.26463189206385 3.19438892127746 1.94325930102612
0.009378596050365 0.884319742113583 2.16294108108947 3.05748286243287 1.71893553862214
0.0133946671228177 0.912508121418819 2.20637139869769 3.04806334493061 2.02429800598172
0.0209126850542293 0.818948727863714 2.24826678860842 3.00028664627914 1.68076539360537
0.0111919539780695 0.990872607091983 1.91906904773432 2.93945627293497 1.85054996290452
0.165751256093254 0.985317301360426 1.69726879878012 2.60678115430571 1.52385872903292
0.0103493261092779 0.988892928887679 1.95320615115846 2.95667250915619 1.85743371969188
0.123486085770303 0.867162387396108 2.41140335312663 3.23450333022813 2.18044572210769
0.019560723415971 0.940255395129208 2.19715917117883 2.97024724707016 2.21758212879094
0.0306263301168427 0.912600728942572 1.90654396565347 2.6826221467577 1.83356894110008
0.644928022197978 0.696896677662251 2.36040907778457 3.09158669285267 1.65089823755449
0.00830577631091235 0.949201214858565 1.9910323856627 3.07282490990708 2.04424090455796
0.0113066095388106 0.86992608985433 2.20731845278931 3.10286973522777 1.88034808565147
0.00800010358591332 0.909896525946417 2.07795842672434 2.97479067834364 1.88242897606364
0.0114010748698494 0.959718735887627 1.92027147779259 2.81121122023282 1.83855312856434
1.83356797801713 0.700545754863501 2.22994068347566 2.94879305027354 1.63078718976846
0.0231170043565263 0.897124232793352 2.27551418325425 2.97795105377523 1.98657643025804
0.00832047600113519 0.944640121314042 2.07827935002961 3.0706147431919 1.86953927539915
0.0246057998553979 0.986998899075199 1.81511399741645 2.7960533443644 1.79818888272878
0.00974299797166745 0.911821367866738 2.01850253514162 2.88017059041346 1.75077488946826
0.00882238640352754 0.943558874401459 2.09547443101249 2.89838783993195 1.83678884375906
0.0141725041071904 0.846976647315023 2.23161308343116 3.05280825128507 1.94736950233793
0.0109432289386309 0.970453831507962 1.91809929112534 2.85215301600583 1.77564103442273
0.8358486585469 0.90662202489469 2.44061862190743 3.34310894280537 2.24607744939715
0.00845358163588906 0.898819192381226 2.13389161725131 2.92022174297091 1.80656775512862
0.0107940331612294 0.980020918502281 2.03269620770453 2.98381621760944 1.79463220531629
0.00888726684436379 0.908610798400718 2.04418436989192 3.05647024959791 1.77969914756577
0.00762706046794744 0.933764992605522 2.05532828908785 2.90586914434827 1.63271745415357
0.00909949749215983 0.96497494894195 1.95878248898009 2.97551654614124 1.96485325351138
0.0888906302792969 0.766947755700898 2.22990591845929 3.02188599773161 1.65697955601923
0.0145918910203451 0.927112856346397 2.19359866586507 3.20003389664772 2.07643778635892
0.0435551219501875 0.782867069457031 2.30145814384342 3.16424687856967 1.78610732828315
0.00915859823430278 0.961605114181031 2.05710898851326 2.94616178086195 1.93243703275142
0.015189699840008 0.97028597937878 1.87559953397503 2.76213145599765 1.69444586102824
0.00791645951266645 0.950642786375672 2.01660877895632 2.96285301593798 2.04179022520548
0.00823447984087918 0.944952067648104 2.07429731163901 2.92441629792933 1.90820739098099
0.0102154739232332 0.91437617605075 2.00542996094169 2.90834277314033 1.93419866000733
0.159150078468288 0.750652098822908 2.45349127460393 3.05417308038138 1.83778060194198
0.0285308388479048 0.802679771134086 2.27934420323928 3.16848461868676 1.88132547892208
0.00788139460437706 0.944739095037705 2.01568087492571 2.9456353404132 1.82799864965362
0.00999223621914976 0.894125740205994 2.058422515736 3.0451822660535 1.87528144703784
0.0100223570123555 0.929410848114767 1.97958297033288 3.07895182672396 1.74207427335539
0.0111447155659144 0.952614873311381 2.11462020239177 3.05192634878887 2.06698272568574
0.00902274769144236 0.889172255377273 2.1050193752393 3.00415291974657 1.74496395325054
0.0107842410595446 0.988690811323139 1.92743013963696 3.06686161457915 1.83700020541433
0.00996225663822433 0.907129496570568 2.17364407507976 2.99975218141279 2.22089542657336
0.0292374390269729 0.92462993164967 1.88756914178375 2.77109347601471 1.72567927702222
0.00803699495687928 0.944820366018469 2.00598501535871 2.87790331349043 1.87796650517271
0.093405436561547 0.97879086539 1.73570483132424 2.60824913964509 1.68547118078438
0.00807098866698944 0.922530239172514 2.03778472693671 2.95189308874374 1.8787801045717
0.00841803191415149 0.89971989646622 2.09065388932132 3.0481389054446 1.91133967465265
0.0139444820803982 0.934369489114266 2.17677291501938 3.07963919997081 1.99919470306727
0.0148089966965133 0.875308358617549 2.25281793095563 3.0838381462505 2.08316731588841
0.00857370095090386 0.940168342697843 2.09622246987345 3.12261166438599 1.80229456721277
0.00767458226542691 0.926877940544616 2.0781077537028 2.88630883122279 1.90972730038505
0.0295592767234839 0.80871178690789 2.19502233075749 3.01897405348667 1.81701103312764
0.0526391084607917 0.87944634252432 1.94008870066915 2.56307661832582 1.80320786953511
0.135315512074657 0.943032864869814 2.30818908575064 3.24264847197445 2.17424870780277
0.110570728296425 0.858459160385372 2.41454468697507 3.38191933925745 2.0575567613743
0.014008946614937 0.847312055939241 2.16599024531176 3.0968636850115 2.04246163817268
0.0107939806483568 0.867469357864052 2.14453422580694 3.05417016815845 1.78610384515239
0.0147603560981152 0.90385414995896 2.22750652064975 3.17172756374103 2.13257186166714
0.020733211964434 0.947047065170827 1.87620046706174 2.71116515240327 1.7798775067309
0.00840057961105162 0.898556124212596 2.09821224712894 3.0935898449836 1.9682060943197
0.00774521602740224 0.925689992260949 2.08685233944455 2.86505344203169 2.00570583361638
0.0145375642760104 0.942190357634533 2.16667750528398 3.08527109441084 1.99853587755271
0.0131393462309168 0.986339034530031 1.88373329356295 2.87075337603213 1.9081106825944
0.0105941661532237 0.984183397424419 2.01118294021955 2.98128389211241 1.99359448737072
0.00986064856576104 0.975225917084332 1.93910834594417 2.84631873008139 1.86658245231469
0.013277716334775 0.942741772929133 1.9234152485328 2.87424349958272 1.7688919010678
0.0116496242925037 0.859529428374769 2.18999862808619 2.99137301256203 1.86671962774479
0.00977966731644445 0.971828940363935 1.94020924772134 2.87351931354449 1.80622311290437
0.0285188648999714 0.846727714813138 2.33355956946836 3.23243881046301 2.11972646055685
0.0356784363718706 0.840726104941994 2.35522515548393 3.23929805528752 2.00337810580374
0.00957884659338298 0.88341395437743 2.10672340979329 2.93493689239129 1.87210517247617
0.0535593311071489 0.988611097157473 1.75690509148828 2.82201791779114 1.77649863475445
0.013405837442896 0.981127819888246 1.8825282167628 2.81410463160446 1.71325830057345
0.0148866912529729 0.932218811899838 2.18704315768946 2.97540054031172 2.0622761156173
0.0224867993323799 0.99334908761293 1.81840881970389 2.74392313053855 1.62803092347755
0.0134541350082567 0.923910635434792 1.95299656528502 2.88218679749235 1.62347575586074
0.0225144919864852 0.828131072641694 2.30313114995603 3.21121399516411 1.92806379361865
0.0123912360696018 0.864018824777669 2.11620268351373 3.05447973987763 1.89325122067079
0.00998851750980712 0.978787760769232 1.9379571355111 2.69417971963422 1.69985601962923
0.00799378084528773 0.908279979054183 2.08675506239482 2.92640300602099 1.97894470757613
0.0155275819882575 0.956958215780394 1.8880989968203 2.91505993254501 1.67146160526045
0.0168818678925193 0.832133253429707 2.2337805706294 3.11320840335619 1.92788337049693
0.00903630204870619 0.962433080826018 1.96086236361755 2.86974262538441 2.07425147423947
0.00881463061934946 0.946773741930831 1.97729806620678 2.94989104452053 2.04559592204142
0.0256438480518738 0.944542717114873 1.86374549076733 2.78323695887902 1.67628634491755
0.0269560034882486 0.911067977381329 2.26877677129985 3.29250462554348 1.99171122870682
0.0322625766388449 0.85002823980204 2.0434891135856 2.8814103633623 1.6674006623151
0.0163184655454759 0.930826335699721 2.19807405375011 3.16935977600355 1.96151217227393
0.00764606359074447 0.934774066478485 2.04601440107066 2.98723639744496 2.08998012996466
0.0116295456298767 0.959932142928171 2.10334465172091 3.16377934315071 2.08299003751701
0.0114494468023418 0.997179228984996 1.93217471016515 2.89322850183255 2.21785779571811
0.0143440927560624 0.860419952236901 2.25078839271139 3.06773062713949 1.89454529392357
0.00871245597719148 0.969436522639251 1.99939574117741 2.81816161599181 1.89643696724602
0.0697672639730225 0.950476517750541 2.26129843361922 3.2586725233168 2.16830735531778
0.0251230062181151 0.862814450105824 2.03097316421354 2.7862928610818 1.70933406933618
0.0145101345171378 0.848432093982754 2.24241482203925 3.04977537198562 1.8017066091645
0.0107632231822644 0.924960113105976 1.97735749014024 2.83706751625221 1.8886683753507
0.0105179237677562 0.895214759411501 2.1925727611161 3.22686856854158 2.02321790761019
0.0113284653679345 0.864627841501445 2.13986092756744 2.97149554583834 1.97288777905498
0.166192609186647 0.859725249692339 2.43354531808454 3.53037540326531 1.95783988832828
0.361531083491456 0.896989145687352 1.81093013458957 2.79318893159338 1.63083201022644
0.00781363997581006 0.93470880107574 2.07728365316836 2.84463128255107 2.01425756903537
0.00873514729684176 0.906992212692175 2.14655664842223 3.10249744961279 1.84913990584338
0.00872254165306043 0.960723085452691 1.9715747938529 3.03208011673811 1.84621735997316
0.0573096647938637 0.991271978173208 1.74980146324993 2.80812624917363 1.79265316869024
0.0105443951552455 0.86988892446217 2.13999602858228 2.92246012061242 1.73539101380626
0.0121887678375251 0.871073021383753 2.09319636414057 3.00726360506562 1.91851978670632
0.00895571015451513 0.957214339941 1.96504041514386 2.92817751409947 1.87939984615426
0.00920225081666934 0.885188625697331 2.11677561236863 2.99198662400629 1.78180611740295
0.0138119378886767 0.96061721152476 2.1226533468952 3.11476828514299 2.00843054540913
0.0172593508387291 0.846345762855221 2.12253952930309 2.87554950798273 1.65818008613224
0.0116182425583996 0.863492548401871 2.2055980777635 2.98822261194065 2.00909055974168
0.0104708635579119 0.912315651663567 2.17576702152152 3.10109361543531 2.11402456684167
0.0172132548339872 0.912965502030446 1.94999168117718 2.95865096257424 1.81670831186027
0.0296360912289123 0.875390405875555 2.3175718984291 3.33359128522026 1.97464653920078
0.0136242952665371 0.976305757777256 2.0813866137703 3.13144021972119 2.0411584588871
0.00977811823536052 0.982232598023535 1.95464299636041 2.93033266221609 1.99739750373874
0.145512109427614 0.789925941932662 2.46905253239944 3.18343804565476 1.93165142600098
0.0154961719052236 0.963147539642689 2.12900312250844 3.20109722690796 2.15426722296732
0.0217174509110967 0.819595266719857 2.27648492000709 3.00086708295731 1.83817196649333
0.00917566826097083 0.975546979968772 1.99655213794871 3.0640745985052 2.04913415073616
0.00964990329070863 0.9759159731361 1.94615697075594 2.77016906424107 1.96653758664308
0.00794216986777173 0.917486077456006 2.10753861996698 3.05977191814846 1.86457238778271
0.0128121503555699 0.879685758518044 2.23150796582586 3.23002200333814 1.84844106613399
0.0163478332178534 0.925445678558012 2.20707769923704 3.11218474173346 2.02402582190101
0.0197314513876994 0.858814741387552 2.06496700253235 3.01234620286603 1.96381155473932
2.85480973930995 0.909192906631543 2.47806142446949 3.3055551196792 2.17949338163547
0.0108052209965856 0.86851077938357 2.18931956693317 3.14693289885759 1.74941784005332
0.0340822729373428 0.809623978955017 2.16757745016242 2.95869411758501 1.78610024249119
0.0242435776182266 0.821439104439187 2.16909085384087 2.87104654503224 1.77159045731165
0.00898063781924732 0.950727165537207 2.08262350294761 3.04395366545937 2.03420303266319
0.011116771257119 0.959215011190527 1.92429878564504 2.84321051667289 1.93614722356533
0.0127244859300481 0.982174380455251 2.05474074387975 3.00935753161075 2.05935822488718
0.010245565883129 0.986421037115017 1.94379244250398 2.97236266240262 1.98030978493928
0.0153912911003573 0.896014409701981 1.99597042552548 2.81364830193588 1.9521323719162
0.00887308368061474 0.930546154952023 1.99861630828467 2.94728097266695 1.85392801123658
0.0133352775188564 0.942924504293459 2.1563062456289 3.07637650643491 2.04439724532967
