0.0574147604122643 0.754239103979482 0.804013711500406 1.57677380021824 0.485648882830451
0.101080207758005 0.625119791942215 0.696337165735601 1.46054378559436 0.320378541298771
0.0445732937301564 0.653951072629938 0.855201452623177 1.55879510495553 0.675562283561985
0.148936700251294 0.908393752975871 0.72819843275043 1.67931970195191 0.679164871513894
0.0676019081580519 0.305830770416618 1.22190729227143 1.57580382199912 0.30496684685828
0.105671630405704 0.298010441919933 1.08666332789548 1.36931204861689 0.34688172305568
1.10225978662284 0.529443903767405 1.26901255157646 1.83287153397835 0.679274472455064
0.0582006274080408 0.456786268651 0.960624230705211 1.3845561131824 0.43105199195773
0.0698216435529257 0.37106380248095 1.04526520019641 1.65994736559218 0.321167104648702
0.0435560004004261 0.646636216459161 0.842402740067606 1.41532701679988 0.555787997979331
0.0434514233335544 0.639030182090276 0.846148420007098 1.43760077248212 0.596762873891866
0.65616050018417 0.730772880519225 0.460457083373783 1.26462487016133 0.250087683829493
0.0663284208869369 0.842818803923897 0.549994953850337 1.27784675745524 0.528026575229236
0.280422092915087 0.659611374578441 0.581803477107999 1.30852471600366 0.353360795231426
0.0556519007472362 0.86676096184301 0.609420702861348 1.53861505817956 0.543231538587251
0.0449783452279414 0.532055937918807 0.945831666555679 1.66508885805007 0.470123039883555
0.110118109221972 0.559556982818626 0.758417818311215 1.3155243581951 0.393942520297381
0.0735919601461641 0.477760331120665 0.896098359836371 1.52558513033711 0.695220446588515
0.0498025159409347 0.799889106249332 0.691464930589176 1.43561468282375 0.511869640526427
0.0528355938240103 0.42961768197055 1.10210612943162 1.54817691897596 0.405401511222762
0.0468203302210879 0.517244499157487 1.00378889855649 1.70030038582627 0.590683644282894
0.0723820931744468 0.806349806927558 0.563195251004077 1.43398344325257 0.373337323366006
0.491123664222948 0.789744819061727 0.948221176673293 1.7265987486367 0.895789619658028
0.0462922277242531 0.649059583612851 0.877502446268048 1.61078324136523 0.660438413633357
0.0669551355456197 0.902857013263213 0.514116185948112 1.50046128079302 0.50757725453347
0.106450313943277 0.33476889970691 1.03432982471789 1.36547548433306 0.429942077436906
0.0616396180855964 0.579930393502573 1.00904828848781 1.6984094265984 0.642772492946682
0.083046048605857 0.565878885195608 1.06052844641995 1.639056993174 0.569017998944132
0.17986246273551 0.732080302741716 0.540423921411162 1.31188198824403 0.282573632932287
0.0494577278581636 0.623345238754066 0.92428188998957 1.67744678484133 0.660699919399285
0.14500344103036 0.120340941179386 1.33825243087577 1.50427526316666 0.144298475153218
0.0787098621129005 0.736602799210261 0.870650071744016 1.7842780756646 0.555662824379254
0.110543946908178 0.469623664894851 1.18312629785061 1.58234490344923 0.504723861902318
0.0766401469949454 0.815327808687442 0.547810237337039 1.20731750743189 0.445552474822315
0.0809423587062046 0.9379099829965 0.455031935819373 1.47256637142317 0.568407429398061
0.500917480863301 0.00226440601730626 1.37190864563673 1.32196949364974 -0.0533276586489512
0.0907633572654011 0.356960042627135 1.2593100330596 1.56680291106033 0.358712345680094
0.254516412307328 0.801674463169231 0.449343791398104 1.31171441155431 0.311128555856148
0.146826184568223 0.696572552972378 0.973769108336087 1.83008547606932 0.636881695191627
0.053195996193557 0.591571307597116 0.815082082516625 1.59456705655024 0.559918211640122
0.079788347785577 0.666838896396405 0.950340723100817 1.63755890461041 0.574687101479185
0.0461773028673664 0.502134271104251 0.999808925535618 1.29745135503865 0.606949174478528
0.333146703774662 0.998864264733222 0.260084149440705 1.17063477009768 0.0729975960336154
0.0466340073282091 0.692206544067645 0.74921143310649 1.33976178124832 0.416945431281922
0.0508622710094235 0.487923566952829 1.05479466064042 1.68162754551744 0.538249013370932
0.11688213395792 0.397315002322555 1.25440434692135 1.67473339869482 0.667303610150441
0.0546337659547305 0.592661671925838 0.808781637732981 1.39813086587237 0.4850941945587
0.059427763791469 0.560877140727309 0.829548740764321 1.53918396248678 0.28653691045958
0.459370743924988 0.453832550043634 0.774467476650204 1.26315000745859 0.402241910943126
0.266697412258682 0.370973213177912 0.906874721409434 1.27832240956659 0.363354542391196
0.116527660138565 0.267206004447039 1.11876719117247 1.32248564329024 0.286964103330759
0.087652839453428 0.24886462919856 1.3149196653212 1.67419361657879 0.210030177366254
0.320469294705014 0.204116198707202 1.50132618340254 1.79744292174026 0.29320909198215
0.0624373948083901 0.396521843671192 1.16887853296827 1.2619389182676 0.447723140728688
0.0472320834925885 0.757960815884814 0.705274300697259 1.53191198270657 0.602707125466563
0.0481427752803479 0.690212027418575 0.841935150708783 1.4747814489642 0.643713495275757
0.0458797850472892 0.532708191201625 0.928589942091325 1.49114600173114 0.420806399369164
0.0601693733885976 0.369744967074498 1.08439294873847 1.45665457571622 0.33046979921642
0.0508118412116361 0.793379254979509 0.650847758418973 1.3345151077919 0.564282332145191
0.220254329101916 0.0250237469694451 1.52513771767309 1.36075258779506 0.233166697764625
0.0790670185661125 0.341912114313739 1.06586065850186 1.50194276885989 0.230315384100623
0.0672143663216196 0.740757009195765 0.629887634451054 1.41959898741465 0.252558346353647
0.0494322209577705 0.447464557525429 1.05919010754636 1.67433822945703 0.402123350900197
0.105623602861925 0.450121719912554 0.888066455855329 1.35841280416186 0.414174898587279
0.0442723208167029 0.594665942376637 0.867620639755989 1.61472259872763 0.472882268144525
0.156998957688312 0.642577186759294 0.640296125900527 1.10868125564248 0.34505835244649
0.0866834429664846 0.658678282764805 0.968099214609204 1.65736853888516 0.540220742679855
0.0655869976572337 0.558828158753102 0.817026381473953 1.30050313386033 0.589197823147943
0.0623141598013478 0.439021898238879 0.971082063278141 1.48072525601049 0.504662704467233
0.0519607785276504 0.511309449719677 0.914555127890604 1.29623753375788 0.474645148681043
0.0520895230240949 0.454943981646166 0.991707715685829 1.38629602592993 0.627904814057599
0.0793463205606076 0.666796726402966 0.679111066194336 1.37244938784933 0.408356276922969
0.128577821927623 0.134037546003471 1.41610336677702 1.38199848613567 0.162699386722155
0.2513035351614 0.543779870393294 1.1732350402838 1.62665467131411 0.77307167550452
0.0741249955303387 0.36220139395146 1.22510384408924 1.57491483248982 0.340531060414812
0.0804353090229768 0.296341019007041 1.27876241367755 1.45255123558247 0.449664388351446
0.0711221154133181 0.637221865393417 0.968847261168667 1.70453280246146 0.572099743056245
0.0911642536173477 0.40949754434362 1.21719610939229 1.65393756421392 0.38958512539399
0.338979399544209 0.0919719735075019 1.26593182359619 1.30111815973305 0.261702108791637
0.193911869779046 0.447626040655992 1.25074972515827 1.63208782512867 0.381443205232689
0.110525395189341 0.209977512708793 1.37798663086969 1.65037574080931 0.261119239482707
0.0881700982806537 0.900511427594397 0.681380297825593 1.45009066147833 0.551826480459564
0.297766586384604 0.242940093840991 1.46486644924021 1.58789034805546 0.458877227150469
0.0568302119911423 0.450619618998714 1.11067055574972 1.57719030467056 0.49057875897228
0.564685236837982 0.361290108025736 0.87058714954629 1.12492016092635 0.3865066773129
2.46631437184903 0.56432440678458 0.568276974729916 1.03168798417834 0.406618515382851
0.0458023733358367 0.711714746392951 0.743751968068287 1.32034388322079 0.712142043264686
0.148267508773406 0.155405567502165 1.44994089779932 1.52844779453482 0.347938301869398
8.84327018005904 0.624070470114762 1.25407363841411 1.86510842462876 0.856403018100018
0.0434708717625308 0.629853983110662 0.861075969765048 1.57183408983001 0.504084109202478
0.265279808807656 0.000389848312345731 1.568916732727 1.74604287414818 -0.116988698744276
0.051794442986834 0.431442503273671 1.0334161799699 1.62954816940828 0.386868293840841
0.100725131871225 0.337866200502093 1.03682327247311 1.191567453996 0.484526156696826
0.725767698537794 0.318643056755235 1.4555429508933 1.77839295014211 0.493916560398656
0.400340417699401 0.987474452546173 0.256212950611325 1.30425660929494 0.304525277876241
0.0952103845667591 0.921752262678503 0.438522269780513 1.34585324020357 0.513182239790096
0.0925287438036786 0.740476142806428 0.591062970230395 1.31797566719894 0.437477626527104
0.0934056916294492 0.977607465565081 0.408656071492655 1.47032115880652 0.437114537078374
0.0576554047842196 0.831419154329403 0.70064509471112 1.48379013506965 0.601212879870162
0.13067495052863 0.122570034960927 1.40646566752243 1.51795213775873 0.199784142338695
0.0438692957511646 0.657009181182867 0.812547053822324 1.60907204812415 0.406906566353539
0.108176793448734 0.174514622223153 1.37315098011215 1.55763146732738 0.307791182837975
0.260316967964255 0.405852158413317 0.866600813574728 1.24018947118874 0.31083609906222
0.127107902584347 0.960738229461207 0.375373097207333 1.34657479135942 0.299747692402822
0.321019390720306 0.707740852836406 1.01471120914618 1.55451030503171 0.800191231388463
0.0605683220141447 0.832122412826214 0.575819150100077 1.54923122818884 0.329410797223552
0.0801304810716476 0.340128928389152 1.25310007899293 1.79858323003398 0.348697727854756
0.0636674962958027 0.886513337111479 0.641147852796432 1.51674297271734 0.582902314673244
0.0569715444563939 0.584920243684744 0.991629837947758 1.48521845665649 0.677679272134251
0.29493181508929 0.980465091111866 0.692455771616166 1.58871895697623 0.982683302531588
0.117474695552066 0.302564942485474 1.06704913064811 1.40652831542919 0.271274115716608
0.0555901495296843 0.428421929005633 1.01199918957148 1.5091819344244 0.436052552970761
0.110214638793516 0.391934882713769 0.955532891997584 1.56838492802729 0.422048700434261
0.131181765625462 0.18378383875168 1.2341500320509 1.44098555259737 0.343776540932942
0.0466276022804375 0.753037506336333 0.729303279544186 1.5305602003047 0.55226772262256
0.0441292606663898 0.679507462154953 0.811524320718214 1.53047366721233 0.728789257218162
0.0871757204073775 0.367213672662745 1.01550131589769 1.35874666335533 0.265822265147636
0.115717782031525 0.405403591465019 1.24628991061666 1.65719483158587 0.550783609734988
0.047413559942363 0.638780750422768 0.896569374364854 1.53331721861193 0.547739967653717
0.106466169793669 0.40947651809458 0.937083743523021 1.40241641880022 0.326100445939679
0.0490143445010437 0.74525294321705 0.776283430223606 1.62062268357328 0.596817190416316
0.0854572660328055 0.998914190532312 0.422618464745786 1.51799686110533 0.301482492496052
0.0447958235763849 0.532485238402618 0.955506224356333 1.57351699848779 0.456801079407467
0.380064492136832 0.961870642585322 0.732522600898108 1.7372864270379 0.55271106418329
0.0482187247940402 0.514785055547154 1.01771561564857 1.62049316157531 0.472920277569937
0.0496499800798806 0.596273880423712 0.824981811989315 1.29086348101114 0.566878061200631
0.0878400523181224 0.689487438885138 0.645387715322785 1.21655760848401 0.23369243571494
0.0726207466543098 0.715482785697003 0.642598080737351 1.39891635797634 0.510826763085314
0.160552319860033 0.574218331426223 0.710672603262192 1.2276660149417 0.402875802248163
0.0827507846491106 0.249793760018312 1.29673181875328 1.4918400638537 0.307674320404542
0.0799656314327969 0.272241689325693 1.17881706593612 1.43438623571091 0.441354181851908
0.217398892163638 0.145192089325787 1.22924947142445 1.433773406628 -0.00568759919449291
0.0524050897954797 0.430774586959757 1.02893844777216 1.56391018819533 0.591936392506668
0.0442553952015176 0.670753257649769 0.794242482567777 1.35218712140087 0.43594463346444
0.053787797191062 0.453392631325768 0.984168183630577 1.44087960755388 0.399751379224338
0.0547937227920153 0.830257730555244 0.605460238946163 1.5569192374099 0.509218864661441
0.164305435581707 0.119403443699736 1.47813276434116 1.57362906403498 0.242939856082885
0.063793978035375 0.799965057303218 0.765022491516235 1.8331050781036 0.608836700909157
0.552035792022252 0.198654088055257 1.54446170471798 1.61385043398131 0.331834402669284
0.0471338532887445 0.491295941917182 1.02020164880475 1.48093692093475 0.484477115790826
0.0666061688020037 0.934506848123731 0.513285885305035 1.48027993332751 0.4225433031873
0.0647177770376124 0.848017929991201 0.703160443183827 1.58293855684112 0.654463028927151
0.0498269809598141 0.584958285086269 0.836645702819879 1.51453403924202 0.58362533040495
0.0592716972121928 0.742370689202076 0.648442411111735 1.30652066230446 0.510794073061787
0.0609919950667148 0.767076552880698 0.622586738989621 1.41975660208693 0.474163661094208
0.0651051800783591 0.328565920351328 1.20900223642359 1.50597626738423 0.649834461446565
0.433058354635315 0.351194451729084 0.89874911852332 1.32708089111615 0.413604326355009
1.57766723257424 0.263668992774486 1.54641269075333 1.80865692146669 0.2268708141433
0.117512355716445 0.43933957047099 1.21711381493411 1.58151747566333 0.513712134177643
0.0725127278625582 0.893144120719252 0.500899457429554 1.40461876806222 0.499112572342532
0.320766337827527 0.162618885579049 1.53230661506242 1.74772794622199 0.172725338333927
0.0626096891235382 0.550862301253493 1.04003080980374 1.53044109015071 0.676967242394171
0.083001354885202 0.478346881912447 0.880371488070469 1.32713801170891 0.354965613990108
0.0630128691081646 0.773317386541286 0.611832121257796 1.29479294749661 0.440865596072333
0.169479184905203 0.270575945251461 1.39503030739276 1.67681944870035 0.387411218366257
0.0678220452284425 0.392727969483564 1.01938246884971 1.47203885679463 0.402428459875672
0.0869367207840405 0.435765514432463 1.18886538635156 1.53085123312486 0.464596064380429
0.0620438663682513 0.898060823103086 0.61140092825217 1.57362012413002 0.496857585200212
0.0916918783525801 0.206103697825356 1.29516458318382 1.4650987659049 0.302212218202466
0.0590115123977964 0.361659483326717 1.16455462212145 1.59947484219202 0.266242615895201
0.172904064190865 0.0982590848851145 1.49077932993438 1.67206919873098 0.321436631763527
0.123794154447894 0.987381508471566 0.605168583656521 1.58664685419644 0.769103728014574
0.0532876064306687 0.686529588920282 0.71849349284266 1.47202178221448 0.499361628569184
0.0789843920769479 0.247781722994481 1.25731079704516 1.56955664446618 0.20693573689984
0.0510711103234225 0.726200366912854 0.693307833856027 1.38474088812412 0.456690218268398
0.126688230725529 0.580904286470999 1.08506400090204 1.64192248090623 0.648871734189862
0.0557521349076079 0.39125334670637 1.07494977921701 1.47267623078326 0.569801490037514
0.276740465763056 0.7261132029859 0.985398838647116 1.63768608041859 0.634471514824829
0.0511824852558708 0.771169817242839 0.659690993742541 1.45780846246139 0.571424305826857
0.065660182440813 0.895477316860366 0.634856013208939 1.37876834071274 0.518304590560075
0.0464037652172846 0.613793622453175 0.825217994017946 1.2434476548928 0.554577404523001
0.205269107515183 0.124772439217933 1.26892201080724 1.45162411541052 0.138124068418382
0.107992431132527 0.998827844647476 0.569973794843018 1.4397425995148 0.662310211190478
0.0447051111903484 0.65349574991082 0.801284722064381 1.31644987480448 0.654069142062886
0.0440050452085434 0.664037103411382 0.804317717309582 1.39936639401413 0.704893174563314
0.0600281584364903 0.403746886372318 1.15515718193232 1.67970525726079 0.624932707232216
0.233801530895324 0.101010791278893 1.53783288183989 1.81394074963461 0.200130945074368
0.264348573259756 0.392517747133547 1.32498332297345 1.65126787553898 0.439577409783182
0.412080646796784 0.116023670681349 1.58568090118175 1.70222935271697 0.410749704391861
0.114339793019185 0.919479266945681 0.417159775321514 1.49031162020418 0.480717938155705
0.136599927244953 0.134382317836147 1.43634135959673 1.6217278377832 0.300079594500886
0.0542752707795319 0.591259638147013 0.811544131103878 1.29583875600683 0.504947511975367
0.129622781736007 0.455825234707923 1.21064289750608 1.50725430972204 0.713569301498327
0.0742883830149155 0.605527739519108 1.00742237672241 1.56291804881208 0.67201472204848
0.0758451684319031 0.272351335054705 1.19737902632719 1.32037273523465 0.205170326254023
0.0877914828515207 0.706001242777776 0.629389664464316 1.34259780257381 0.642888592743017
0.0888991328673575 0.264749610738897 1.16651132396132 1.41864134418941 0.411058318310438
0.0579379550646244 0.461914334952822 1.10621075455678 1.73921554209804 0.366329677658924
0.0603966673307522 0.882747770442611 0.553447361243168 1.41711104215819 0.477673322601346
0.0481858903436095 0.68914685340897 0.843492344844761 1.37068516401666 0.573806704664786
0.0653621932190857 0.40529390227792 1.17234162464355 1.6109621754865 0.385050942712094
0.188025688313147 0.489003153504694 1.20827201091839 1.77666131853665 0.766654863546572
0.348008011879065 0.952376743741941 0.294734146465493 1.23558170867976 0.0822526066968295
0.0633677704299933 0.4059129923086 1.16582467230341 1.56294714400459 0.42414327508302
0.0903605150466279 0.706542653758273 0.919772523156726 1.77645311950087 0.761153559065029
0.0511363080573233 0.422387990700468 1.07475420891488 1.50219443495367 0.564214916045806
0.0949088355023551 0.834079771460257 0.505587394834799 1.45096018974267 0.401323347069388
0.108325048266044 0.239180210648307 1.3618334928549 1.38723896255326 0.229325152207045
0.0852708553072759 0.506216801184215 1.12195582041557 1.59206588244085 0.723084895875708
0.0475913721330699 0.620384899603098 0.917307543124504 1.46162918702516 0.635599315664584
0.0981519961038932 0.339536126692688 1.03778654132141 1.2700455581244 0.293473994573194
0.276320079314493 0.594241278512305 1.12708886189541 1.80949230182462 0.680254232064026
0.089569083059685 0.738627786882754 0.882608255310611 1.70878476375209 0.573098053479815
0.076114977346837 0.408361179312066 0.979302793751333 1.37874402612387 0.306347357640172
0.110363890609435 0.190783911157079 1.25569163800653 1.45898078929146 0.0950208413343792
0.0515223732916512 0.791894747304462 0.725509888554196 1.41283970036951 0.818397334850681
0.0675802967789902 0.792953934312269 0.783192885331202 1.8160447964533 0.550328901287613
0.0500944052508349 0.476720917693592 1.05737081293076 1.69448589477601 0.485682319337926
0.0516487855357097 0.790051072453265 0.729294883379148 1.40601460241145 0.51261900163067
0.0540655850294707 0.704964501175017 0.698678826941728 1.17935928813392 0.619357950063986
0.304461257046119 0.84552369903075 0.856501772329809 1.75070674025764 0.817955166305089
0.04659014314601 0.747541724928245 0.744492834043425 1.34078951827016 0.566108288161262
0.0538443235179542 0.405618467144182 1.06386090939226 1.44622404456488 0.125562362085556
0.230864794219517 0.308575599742575 0.99548180617414 1.44042649981603 0.380419475860981
0.0761099345503625 0.607920172579732 1.00776566074084 1.47547072698991 0.744833315642977
0.0471912850857536 0.761020067376686 0.727993435962261 1.59612124539493 0.552511059485861
0.0446341483049031 0.678045648500561 0.825185220153667 1.58132199122083 0.558195271067199
0.336946712736615 0.377622327971176 0.882912543952694 1.289861625513 0.39292640147992
0.0549019475711797 0.477516481854218 0.945595699776721 1.53383428549336 0.509554607637067
0.0574328165462417 0.854688419906414 0.662052765396646 1.56940729462048 0.525599229823229
0.210767965579312 0.0435764210872573 1.52803067739492 1.6488510932441 0.173229199767274
0.07666131658023 0.28029279580718 1.27122391251226 1.6228938872058 0.365784335536719
0.047533093473615 0.515296890279301 0.93663249708026 1.68151859516727 0.423806904381084
0.165489179437382 0.119214173274187 1.47950766805945 1.64571112105026 0.0934861786008342
0.110138473498728 0.163925532474017 1.32402330782552 1.33680908925833 0.175573092588336
0.82571908638529 0.064884419257736 1.23391600288447 1.32676029875697 0.134775816812824
0.0798594437214992 0.348889340952407 1.05402756624278 1.23860106560417 0.54523634799079
0.0863880124227608 0.499782678417022 0.85046029687908 1.33082183946629 0.391851182729779
0.0467844653526306 0.512511149210189 0.948131955544692 1.66304249001319 0.486322626263004
0.0519878262813154 0.764548254541017 0.768162195233302 1.68748813820085 0.552302255559538
0.0611435543676698 0.339440164045244 1.14460416689866 1.59468880432883 0.448892846968609
0.0537698588323408 0.586095462296827 0.818999447547689 1.27410902305191 0.506013757995268
0.0855004466844053 0.228170004759539 1.25962347530941 1.53657014441162 0.255425828902934
0.0439316043977667 0.631457422957222 0.87164755186111 1.58987017554588 0.555476560183084
0.0894636930529528 0.225206878285555 1.24396038481491 1.61557589945027 0.101089337085531
0.0530900525423858 0.632551263756993 0.772051393029645 1.34952351238436 0.384979875632948
0.0565161710187028 0.503862622825366 0.905737993839249 1.36254317773067 0.332667618319591
0.262415457886704 0.139676005789053 1.2179351264076 1.33723810520491 0.161125002125785
0.0439239666236535 0.570845922803962 0.907674470997013 1.57136707717619 0.516610859779067
0.0495371213147256 0.765946822998036 0.750157404787874 1.38704575846168 0.536426553181976
0.0577431187358391 0.409577381046631 1.03033374654295 1.44120418171463 0.504793359984283
0.0453637017923376 0.722319895326569 0.766151904256182 1.50250961598804 0.626926526398919
0.236222604216987 0.381795051154581 0.902446135611653 1.39385061850477 0.373141046682405
0.0720940978311814 0.95012019107736 0.480444067836506 1.35981530236257 0.303873714240704
0.0788501962668547 0.622054972516111 0.996992058851818 1.68003916837459 0.712128649330711
0.0617376611939136 0.87299131923763 0.54895815080287 1.37643042974389 0.459577351806031
1.40487086930909 0.0723484119946797 1.18913638915677 1.34458047289022 0.0912753154143939
0.136784363409853 0.835743720197876 0.809236823662919 1.56076969039452 0.384228970368573
0.207164126788917 0.906230777707652 0.757998300924691 1.71375345433347 0.728084078623076
0.0581943935581527 0.388792634718901 1.06205423725928 1.40633158538035 0.474439869315665
0.0566511160655762 0.563461598729599 1.01184940629974 1.67166992295064 0.51781669967905
0.0458843911127622 0.734909381762955 0.753629334976787 1.47248894623766 0.693726572844014
0.809668944749346 0.0300941464380913 1.28640184075105 1.13269514985494 -0.140356427646984
0.121302226581556 0.246484954155494 1.37449716921531 1.5405313361437 0.364033585107586
0.0456766355160739 0.665241857863149 0.780508561899923 1.35856071226167 0.505883201050614
0.0526474300220558 0.669416221520891 0.737143715679312 1.38459000048373 0.548735476695614
0.0585437707999251 0.543545070080614 1.03654331491196 1.58549280667894 0.400654652477879
0.0568594623337322 0.778523506885385 0.771085890284579 1.55448907720697 0.251581547359532
0.0832682002448377 0.232273081744249 1.27402244619191 1.28721847040016 0.303361360966781
0.0932940688270875 0.226464049358066 1.33478394450562 1.62538103814184 0.30918899919721
0.0738876927975955 0.271929390363983 1.21401058025689 1.54494343761866 0.369133474502468
0.245001367498189 0.188567993568448 1.15259303297383 1.42663265939091 0.147027700566025
0.134365688802691 0.891677985349705 0.421757667804837 1.35760326911771 0.398105535805212
0.0489573450780501 0.479034399515614 1.04676327966586 1.54975372609538 0.525233604492571
0.048337441525175 0.652909865861177 0.886426447864966 1.5430380320021 0.446501792332156
0.0632031092624835 0.330826737032771 1.14478095396724 1.56479280122135 0.211527846392442
0.125684098979014 0.131488711613432 1.36574502655181 1.68515738716484 0.174787931796426
0.0635454531174488 0.641590347796932 0.949393838262869 1.60748457252564 0.366918655361796
0.0575924558593519 0.363411183380691 1.14637588494516 1.47696171526124 0.518278138027681
0.0629197340396556 0.725166122745724 0.653787856514402 1.38143524112834 0.571369324652452
0.0555360920585962 0.394971660585283 1.06933627605265 1.57089643552882 0.348080870400302
0.0790966957418924 0.249616807510552 1.2408358634926 1.33643053176648 0.212380704915902
0.0609551924275535 0.73321094798464 0.839987990986796 1.47531965786499 0.441436771265174
0.0439604847193677 0.576231080150952 0.922782869808381 1.35856689546755 0.314135175610995
0.0624726104876884 0.330172694640241 1.18467775207165 1.48258619519444 0.474795869446395
0.0458637449246823 0.504686931756738 0.986594103651831 1.42584162130569 0.344333632506313
0.178543399741726 0.0604694452908752 1.47718093287132 1.50796269000136 0.012694015187653
0.0990958608057047 0.673467126006938 0.965335611116415 1.447025555247 0.606553856193695
0.107412076086624 0.76580822843692 0.552416415575804 1.44355703122893 0.496879944321335
0.0716610645158878 0.889135449886989 0.664116681272969 1.74634971390488 0.627454193512913
0.0781887958509118 0.357252730438471 1.23745636402981 1.553124189076 0.49372861686309
0.0639573356036215 0.84767841224672 0.554022584049481 1.48362606441851 0.488832728723835
0.0648824724085842 0.435409514810642 0.968646127001302 1.4167014688122 0.441533547837229
0.264470478008208 0.958077881483688 0.309963578209242 1.30031824838739 0.402072629999132
0.0557933695713516 0.692411977899019 0.704101980963179 1.42631058017481 0.365483801310047
0.122532981444616 0.458479353887374 0.863835474895634 1.32929976311112 0.410666010463378
0.0574755854974466 0.871185027080006 0.630506396001834 1.54600876714532 0.582016239081196
0.089115428979448 0.225915598029611 1.24377202870172 1.50722393088437 0.127841027531679
0.0510649804441479 0.626608427766017 0.786250657503206 1.34742992975466 0.567878393607191
0.105942564300071 0.170340914754673 1.35401078318435 1.6190917983399 0.0494691906367064
0.0676215210192413 0.676425012849558 0.689440426585557 1.28536687686513 0.553698429247199
0.0792538658198781 0.930011939642724 0.463191928051882 1.2669936440401 0.450855691389706
0.0911120798383624 0.520549245387605 1.11521963656125 1.69958861644507 0.708286054373115
0.0721224878056314 0.911193425260126 0.632278391817547 1.68654642811849 0.577019276835627
0.0525722118087778 0.791431362403799 0.733275557367409 1.42145617052566 0.52167188156112
0.04626605785665 0.698518116238895 0.747541437017423 1.65038737047363 0.503971737478651
0.0841164075052688 0.715871963346784 0.901757945560869 1.6755379893947 0.538919410204449
0.0562811282535795 0.381442848167237 1.09115179133087 1.44062049211072 0.352130371905582
0.052808747138816 0.712799856239817 0.837910877074872 1.47463590350632 0.530794361063212
0.0713753004591736 0.902703321174463 0.498822445661044 1.31577419087927 0.659518244539312
