0.00996041647979061 0.986838190336078 1.96806925694663 3.03200379345621 1.93747023977038
0.0389828409674128 0.892565656700668 2.28457628125401 3.2110329578762 2.01593645756767
0.0126807247524671 0.972701872681064 1.88409054573099 2.75360618241242 1.9729108331783
0.00827372783787481 0.906494437933174 2.06409434236665 3.07894196738253 1.72116779740821
0.0114672174662522 0.940503220566668 2.11592511994412 3.09431529069996 2.05495712490717
0.0111785432357896 0.952150175976075 2.09106206828516 3.07433233409348 1.90597432099229
0.0169278679353539 0.835229792580154 2.2472266691818 3.18403220857321 1.84368005620272
0.0790127774903999 0.956804409980417 2.22537508709068 2.93869108110305 2.09075914942744
0.0121232679622427 0.982157610795612 1.88409541923871 2.88061337643884 1.86581209144447
0.00919737051468312 0.887087217765926 2.13049154758636 2.86936671639595 1.8632878075
0.109266124158269 0.968055040070357 1.73897696639603 2.58845420281933 1.79070394577426
0.0079566357100953 0.920338661806189 2.04724185279768 2.95368082720143 1.94654448414125
0.00930432260847549 0.88866890038442 2.07442351391866 2.99376578922006 1.78233103345187
0.011376386966063 0.932471394263688 2.12832938814913 3.03747609304622 2.07557343773154
0.00908465036907524 0.900192545879796 2.1293432628293 2.93067257533929 1.89646033630499
0.00985346347332712 0.905047472004825 2.01672655773338 2.77387757749877 1.82568080793155
0.00789759713984476 0.938415484520487 2.03142246349298 2.98510831906945 1.8326604572338
0.00794336029308295 0.933552210290262 2.02045215407932 2.92676758334562 1.90653108302337
0.0192349457923082 0.999530773960847 1.81904039844568 2.69121942244806 1.68064223721543
0.0097122554434084 0.974022358612816 2.013713614941 2.89803839619418 1.8359457470407
0.0746218771709169 0.845624502561993 2.37433284815249 3.23162144035099 2.07397078782252
0.030531237763818 0.924137402150415 1.8747922150035 2.90274720180847 1.78976830090869
0.0168978710875856 0.824591661924023 2.21696321497498 3.04062882551963 1.79239431758661
0.0375135449073458 0.938740908030561 2.21543391868147 3.13095286077064 2.12579344485984
0.00996443140965126 0.918866862503567 1.98697143054775 2.75373721727236 1.8810971268461
0.0118578113100684 0.976991388307838 1.89013723414989 2.65565516096514 1.90735816735419
0.0121182220093543 0.989201927514097 1.88207108472058 2.92004618364379 2.11883175127041
0.0156594411362864 0.855535492367457 2.23989515818987 3.01455446469269 2.13147001177343
0.0703700080436288 0.984553023601953 2.16669685980625 3.14599426192629 2.22728174549969
0.00952559975900628 0.977120209273129 1.93635038530426 2.96037449203358 1.87091283671349
0.00883298001585961 0.914187370455329 2.01918483410005 2.87663289363524 1.9608852535515
0.010491758370422 0.99138947800412 1.91956836180084 3.05892373889016 1.67578868879817
0.00828634082534952 0.937042190792849 2.06329801269092 2.94688285110348 1.74928860070713
0.0101045907343968 0.973426019784264 1.91971732808782 2.85056236133829 2.0234905662112
0.0133372639713442 0.9610229822394 1.88949848781442 2.86428090377081 1.87182369869017
0.0253096976328894 0.929872050953838 2.20408769848593 2.98404976342294 2.19202503608583
0.0134171812412913 0.845023577329814 2.20109603078426 2.87788723808681 1.89288859945963
0.0259850760192412 0.938966774370605 1.86230058735622 2.78509894416516 1.66904867154722
0.0254737717031049 0.880786885504616 2.26900085828877 2.98365577605669 1.99317745234801
0.0434879938287033 0.845994190063163 2.33982186791877 3.16351085717006 1.70996369991476
0.037963289950296 0.890768435408568 2.28513135544575 3.09977570479259 2.07338339990272
0.0155426679294469 0.830681875556126 2.18757699909406 3.27904050043494 1.80347120969378
0.0236317012320664 0.901599434145677 2.23924991522292 3.11138523494458 2.14597665410354
0.00793160318553004 0.929344814115773 2.02814751732204 3.04043460916825 1.70273724950817
0.0100414077505838 0.895607678689766 2.03543140652616 2.74669052371198 2.16611703237765
0.285995083629952 0.939457196073782 2.31232871453403 3.25572511617191 2.15697249686733
0.0129874233222989 0.84504069726731 2.17157752786375 2.98044223556529 1.96111423572291
0.0797414830316227 0.742005924721059 2.3842703615209 3.31318606304315 1.77444955662788
0.0454500612592397 0.775083985536477 2.22416571081426 3.00761718574672 1.6774566037993
0.0193047691285725 0.983042952026169 1.83089768450729 2.81425525627386 1.7924260987704
0.0128068092334824 0.865374584613118 2.20790162295329 3.15287960707946 2.06201522663978
0.0803158294031521 0.925658725433204 1.81716467372338 2.83815149883995 1.65030188408579
0.0108146617709103 0.962456147132301 2.0646326809528 2.92485896582821 1.84219840062838
0.0165062010558357 0.898636924335994 2.21316969119351 3.14996769259345 1.99483568740825
0.0364832811473639 0.784029711004274 2.32512164211641 3.11963655256742 1.93115739136719
0.0346930559277913 0.85335430252031 2.3176522448861 3.12177516062902 1.84412984621703
0.0187053147856293 0.965732602227297 2.11745033732078 3.0386706411172 2.23911775397908
0.0291149379354207 0.981812739445483 1.79921000218791 2.74842130506952 1.97947731412116
0.00937158700228236 0.960393422519685 2.04379692319681 2.92459339600152 1.92425751544862
0.0210681949956969 0.811229036626648 2.25373591229292 3.06233981806429 1.93722187923874
0.0125340130277105 0.893020155409905 2.1897292585739 3.1636550187306 1.95840827183768
0.0157060011971727 0.836547401344458 2.14269415742067 2.78152042219477 1.98395213147286
0.0818324330677915 0.89351355312616 1.87202823861076 2.63736374146297 1.7720517933872
0.00903744851455692 0.920109895007298 2.11059785927968 2.88974048214787 1.89740472459994
0.00797550788180518 0.917206316629237 2.0635037550597 3.01630527550237 1.84711682657277
0.0163622511062815 0.837200377012108 2.13072097451226 2.96720961122914 1.97076870477463
0.02150220701183 0.962206391242997 1.84430082245096 2.90692481724008 1.70700724881848
0.0343134020430885 0.92616145847655 1.86398889308456 2.65470219129641 1.53242165062201
0.00821601050477111 0.938878452205143 1.99694446066394 3.01904357997348 1.9421038725404
0.00951836691380242 0.943101211332971 1.95634787115062 2.90166519486005 1.76954840046764
0.0248343462998713 0.803630904096506 2.28110756221688 3.26189791912244 1.78465854599748
0.0218368682785716 0.94193268033786 2.17373080136227 3.11960565960676 2.30239046064667
0.0130395465211519 0.86627913930975 2.21081057058635 3.07227427185499 1.97606430513236
0.0117121909148535 0.989004802149117 1.88823449739159 2.80534443612592 1.90848655526332
0.0240570787178137 0.852408160527315 2.28844895700751 3.22352986161211 1.84803762111874
0.106517532666087 0.735126641036243 2.29064539228731 3.15296310744952 1.91437466654281
0.0110731582634258 0.97597368045874 1.90145991688092 2.79542353538443 1.85504933486522
0.0151843489002283 0.866798785780124 2.04818994738039 3.00711164663714 1.74610538155631
0.00871074061901749 0.927925905336614 1.99626809144306 2.83800582982536 1.80421555670916
0.0263261527943708 0.932146202644705 1.87188148250108 2.82648092890061 1.76657313722447
0.011623056929198 0.93151652441028 2.13247142259802 2.96607596305504 2.03152130322
0.0100575455620285 0.988659756558508 1.93516053897111 2.99309721606496 1.85970238658721
0.011265041940294 0.945575832319697 2.10461046447645 3.02789711411017 1.84788212304364
0.00978461393531183 0.919588963068448 2.12588688234317 3.17518501403142 1.80577322136436
0.0158748000755934 0.995463890698138 2.03254618860051 2.98552910918422 2.06689060292704
0.00983702530742244 0.875515557491246 2.14204111068224 2.90293651229915 1.91651262066811
0.0266327719652737 0.932936828687288 1.86984270695867 2.66303333177107 1.74236036953003
0.0128418170760828 0.9755492774347 2.0576974930217 3.04969351972795 1.91763879316983
0.0137488154086992 0.84697750318053 2.12886929661641 2.98141655941591 1.85211003323054
0.0449055382649699 0.943445218678786 2.21821879535811 3.14569860748174 2.13021782636821
0.00837524271584244 0.951791733329079 1.97922677546127 2.95044048806576 1.93544238084462
0.0113621667226459 0.935824684578291 2.12272333955965 3.06107580552244 2.0243152175557
0.0136026880813836 0.91720691600911 1.95116914707399 2.57066524237978 1.97122345725395
0.0140864979344279 0.969371889887285 2.08270497952248 3.16953317443265 1.93772418368199
0.00894830991322067 0.88854487095217 2.09686649549072 2.86912329250641 1.85115909450231
0.0399590192951611 0.858974356121921 2.32274556719471 3.04970044065316 1.85888735461046
0.00838205400354079 0.957008802287365 2.01758122355462 2.9849168150559 2.06117505935727
0.0168502518895006 0.895168948949054 2.21900255945124 3.08461092273245 2.13640580627935
0.0117406575543273 0.915982000094918 2.15613003918666 2.74567805622542 1.95632411812358
0.012635358847993 0.865462637746115 2.07855441708919 2.89015698435705 1.77358771467658
0.0106736476593907 0.871458322330014 2.16964548603948 3.077586645841 1.74210564267788
0.0104769588235944 0.993867576225226 1.93256896953156 2.95019890287409 2.08591392399753
0.0359044437624953 0.95577690377273 2.18328540689739 3.12489929060426 2.0391554366842
0.0300125629482056 0.788413586587909 2.27320859617957 3.03686329201915 1.88435384329228
0.00833011625774844 0.957621163039469 1.98382430732926 2.91323022079122 1.9358024807174
0.010978985462889 0.926465827236585 2.13305095642484 3.03105425342818 2.03990952320621
0.0102701619608844 0.868714974069662 2.13834063379357 2.91641044633086 1.83406709912985
0.0310227983772631 0.876783723844186 1.96183064491413 2.86288132269222 1.93074625344515
0.0131252344068514 0.887563086322343 2.01485842531425 2.95224520181889 1.94235610629472
0.0195033841940059 0.814693125995252 2.21109123156571 3.06091481312106 1.66928924703337
0.0121134710255671 0.900726339642399 1.99583059225768 2.9650990851286 1.81586386239036
0.00952192101453063 0.957067838897843 1.94126470461442 2.75691908553202 1.76522912416987
0.0105532501677449 0.994869628799119 1.93566218404847 3.01340691323056 1.83270596224435
0.00871308874319645 0.925934072799123 1.99962014882428 2.94281910096286 1.82203412208731
0.00808536358416957 0.950443068664778 2.00255142845678 3.1345444018374 2.04898514086518
0.0111052504461192 0.973737394318673 1.90217831482331 2.73672229552066 1.90791695335953
0.0137561992716161 0.935236595185851 1.92034667000834 3.01105578230101 1.75096148091153
0.0126814161578145 0.904462618461823 2.17935640638695 2.97680279639509 2.03771208184463
0.0108871435213995 0.947713593657648 1.92987336570005 2.94238951830842 1.95806874747027
0.0130771109312305 0.919487029582521 2.16366517186331 2.98075611942372 1.96843996167954
0.0465873329805464 0.770654156159172 2.24423511749062 3.0288286379086 1.79053599240636
0.0206725521071616 0.917846085579312 2.20720823748306 3.04563914965489 1.88016986801216
0.00893753319618749 0.895511333643351 2.06502506121063 2.91214707968978 1.91657571078688
0.0137794367197604 0.979776669075113 2.05615484551666 3.08013222037085 2.207551964559
0.0175816460867159 0.936814551395311 2.16504123997416 3.23958557214518 1.91568011041477
0.0084963734894307 0.906479109905996 2.0497699950268 2.85693836292914 1.65376418948134
0.017131683101675 0.872981134730124 2.01940923959169 2.78096609877515 1.71441476824462
0.029173183804032 0.906787130448222 1.90772159493526 2.8378917047771 1.73155133507363
0.0137062958102229 0.84047706385808 2.17677815657876 2.97298193833315 2.04133833205234
0.00822889985748384 0.907294180653946 2.06533988994737 3.1182270373134 1.90905234870333
0.0089358806110858 0.939272902193601 2.07896826329757 2.97429229218102 1.88062024479568
0.0117447731366839 0.9972014385972 1.8909196841089 2.81334841876747 1.95340549909757
0.0500623358172797 0.768034083787951 2.35573594892941 3.21196834689361 1.81982312858087
0.0099531290262823 0.980403457325572 1.99843372973386 3.0912941198583 1.89980753734728
0.0121319026377058 0.99470441784531 1.88223798096801 2.73721048520357 1.71533663047927
0.0644379036951172 0.753420411965759 2.28078165112289 3.15838851107663 1.62641853554208
0.0513549650680598 0.936568039142041 1.8236148074616 2.69628261787423 1.6543880873404
0.0289893834389622 0.834976015151443 2.31477089915078 3.07944047072528 2.02117821775702
0.264360902450397 0.946157611691367 2.29799332967911 3.2189053464631 2.08723895922477
0.0210942128184094 0.827460838932558 2.27955402937712 3.03675880348761 1.90495580520085
0.0118669166640613 0.922930181570307 1.956199596907 3.08784923182913 1.8186217296041
0.0123351439794874 0.854841499850488 2.1935621534748 3.08808185599422 1.92213847207101
0.00992193698405582 0.883710968616313 2.15503321313756 3.16147478128922 1.87671237228868
0.0125418772752634 0.913978116592803 1.96574291258136 2.94396563908299 1.72808297696956
0.0102102842064446 0.870379797090117 2.12076003944454 2.84196070089995 1.81599153791121
0.0162869392430767 0.890669385692841 1.98490814660905 2.89333963903908 1.68657229682229
0.0182061097348167 0.929271034062288 2.1800187694611 3.12984435476246 2.0862088463692
0.0542011315794845 0.766149922915961 2.23898341862307 3.03932786773927 1.62954833662
0.0201808302797125 0.833319206330949 2.27489574472199 2.98263197389914 1.86815237647333
0.00831604622301061 0.941812447707148 1.98934082963905 2.97127692147137 1.80566802380984
0.0273993248747438 0.877365276901712 1.96953891365766 2.81810377036845 1.68331747745792
0.0140034008824034 0.857771351326072 2.22293577797351 3.38325922308107 1.97803574770932
0.0128222428533337 0.974715009785488 1.88107387678824 2.82779284035913 1.81680846151531
0.00996514218667466 0.894434807475753 2.03987329495178 2.89816198084489 1.88653724136246
0.010178742932865 0.919445869666546 1.9826295834265 2.77575200124601 1.75516346285211
0.0663238936636729 0.781222916860808 2.15264305579285 2.64501445950591 1.84384094378128
0.0087152103045914 0.952763554555797 1.96529618818513 2.75706030737416 1.95871928141068
0.0110451531033052 0.865585806526372 2.10965617756378 2.99976586327936 1.9680545373437
0.00941884870033134 0.976976216516624 1.94071068649696 3.12697106300325 1.87212043039293
0.0171036891056524 0.970492670195813 1.85421735081035 2.91893522700092 1.9295988415463
0.0149108889283337 0.833962793727667 2.20168250650001 3.00252921268393 1.75756653092443
0.0115056873562966 0.931614230696428 2.13108344387757 3.14128412185162 1.91196005813237
0.0939418241515448 0.80209484406475 2.06468862496007 2.7427922630069 1.63729859789109
0.0161198056243457 0.849671129837081 2.0892854348098 3.04927859195164 1.81642314274299
0.00866264553073759 0.896550783865529 2.07585893042423 2.92866767023716 1.71769981330613
0.010570730404425 0.929137286140831 2.12391963016765 3.17602775056065 2.10537391862611
0.00881131502493015 0.954186588906548 1.96126340995133 2.83208429083788 1.81845552116978
0.0201877639130692 0.832436411374441 2.11351908237272 2.86439694343837 1.74703841574715
0.328574140696091 0.921479435980261 2.34648977998294 3.12718373434276 2.06137312782709
0.00950851507473384 0.897260883401458 2.14194922338085 3.13242333019139 1.89874155170251
0.0120695554590102 0.851716337280942 2.16114456046042 3.09740764303636 1.91671111280957
0.0104443446072244 0.968196681965296 1.91588004024887 2.85821401245086 1.69340341228844
0.017692932626583 0.852665260844481 2.25636098731769 3.01805857488108 1.82016249373601
0.00807604856996644 0.92734190210977 2.02099902407092 3.02485994056382 1.92291636971356
0.0404869619847449 0.879266542092494 1.93907757241295 2.69133824604663 1.75354945019514
0.111133632311617 0.96521309939738 2.22679035665009 3.24158371033995 2.09128730312194
0.0139210801553249 0.848305964494514 2.21777877499692 3.13788734390397 1.86537963231594
0.011657917019679 0.981756838668542 2.02781566846765 3.0535860248591 2.10672286343792
0.00961728812646837 0.877506995977917 2.13173136503188 3.00884026349471 1.88354584976559
0.00793210177421527 0.942209998213932 2.0197390681988 3.0350079917283 1.76541972923384
0.0807632297349863 0.740617886000617 2.32144615231037 3.14002972073486 1.51955908069318
0.321808943224546 0.703533558697504 2.29846185082755 2.95221779430411 1.61350423560087
0.0682488508959842 0.911267847816643 1.8496915669379 2.91705099538456 1.66461608122499
0.0174171373796971 0.871031377449998 2.24468961954941 3.2059288816892 1.97912943308526
0.016749754353503 0.912314572459033 2.19745024730073 3.15832781974371 1.99051246120837
0.0282991156340305 0.798452517645284 2.19639217912253 2.86958504569547 1.68962193382839
0.0108239230884013 0.873165444893568 2.08526088181589 2.6891075022126 2.046851275017
0.0440883301196767 0.785715065096136 2.35901554350533 3.2231132226859 1.91636697415554
0.0104050275873253 0.991386993299054 1.96386858384 2.97526644316328 2.11594561422194
0.014767620572527 0.923715580431934 2.16987521381271 2.97180778567733 1.94211142382721
0.0100301097546262 0.903121197742882 2.14820895732031 2.94137889333464 1.84709820769923
0.00871364261964467 0.897999625077108 2.06677361743378 3.00658264910996 1.78443893154901
0.0169418478904919 0.923464212025353 2.18273784053557 3.0857606035158 1.88397798290647
0.0183287689244439 0.897049004448384 1.96118153226485 2.89076883189696 1.77549633326592
0.0113907693542199 0.995548846495962 1.89750232020463 2.75814615355621 1.84650134146637
0.013142877755402 0.958456415348882 2.09804975162379 3.08098867489933 2.00662500038336
0.0107988146459424 0.943992160521326 2.10192313554985 3.07424978481032 1.70422862254231
0.110565750802091 0.939224321328629 1.77999948895373 2.67722341290818 1.64202743121666
0.00856851468292052 0.899115685929604 2.07130720764909 2.90876181572026 1.92651895218145
0.00981656759235195 0.957119373585819 2.06077188332501 2.97828068901849 2.08247102237532
0.00930926526450221 0.929734676910931 2.10292999082714 3.10713824931741 1.89930217070551
0.018709234307188 0.929302501708661 2.18220591026809 3.11940610656229 2.16006984936333
0.0124902626941024 0.919183202445297 1.9568271797453 2.79375216009706 1.96431487939361
0.0184111300668485 0.937788345124475 1.89007931086106 2.8234638355311 1.63725965008511
0.0334647835604313 0.800083309287906 2.33103604098437 3.21650397451328 1.78562534910559
0.00957864733011999 0.890807306233351 2.05870812595007 2.78277169450672 1.8605344601039
0.0133367424243723 0.964975681255486 1.88527840757308 2.80895392703615 1.79064925117596
0.013052584776536 0.84486248726713 2.18278126614766 3.12882176182004 1.95996708010992
0.0190816182696157 0.895425911002834 2.22973494185101 3.13941524235719 1.7880832840191
0.00912624435989828 0.943690060620633 1.96353847906395 2.70050137552655 1.94499201455267
0.0319781381483314 0.969872228818565 2.14926608509049 3.17237325755065 2.06190310045732
0.0424581244666959 0.769864884102325 2.29951348304073 3.18220480052409 1.64071674237202
0.0081752939818743 0.949957960825275 2.02715341642962 3.16409143316549 2.02786195392242
0.0107020781185033 0.894206581491497 2.16635847421406 3.0395344838517 1.88921154650004
0.00789815897750133 0.938175232116843 2.02327232251584 3.16027112598066 1.96827708890683
0.023432000383034 0.80777236208784 2.19013616810702 2.95077634705229 1.66100106190622
0.00903575061435678 0.892919546096207 2.12798018712855 3.06749979973466 1.68062318742684
0.00816867056527133 0.908272169465055 2.06950583247583 2.91912112615104 1.9413992034536
0.0589593667391738 0.772265423487454 2.19809701304665 3.16738789468594 1.71268639332378
0.0177198209081851 0.950627223904604 2.14178531255635 3.02959137467415 2.1328227664862
0.00794755590356466 0.936746212195907 2.04399891865433 3.04307543338847 1.9694224135236
0.0162951173352756 0.988875568907608 1.84292077950728 2.8201389155993 1.82771490176326
0.00825055156993465 0.907516307388494 2.09016871185234 3.07094955021305 2.01847488197176
0.00978047550314523 0.982930229298842 1.93336688474029 2.76887612265838 1.80501035991033
0.0526331061256729 0.780456279602945 2.17954087102236 2.87820607258161 1.69429015028161
0.00930655845703978 0.973294045546369 2.00307536420355 2.98396992987217 1.83382251137253
0.00795612748045794 0.924698381204073 2.03517856866785 3.07315828720881 1.94277362266404
0.00799913878366075 0.923708582791332 2.03353769082542 2.90279793348143 1.91046429850663
0.0120591544782643 0.859653977500002 2.10890343236022 2.91169261471475 1.84409611586286
0.0163835710682848 0.828656806932181 2.17413395770941 3.03886208675343 1.84670351857921
0.317390436165616 0.730129897583003 2.55265166422669 3.25435656187491 1.80569131517456
0.01204888335815 0.927883674186646 1.94615728185854 2.86607735364167 1.78754507247066
0.0162920290670562 0.963890491270585 2.10885113502764 3.14214451540199 2.09681831245834
0.0427809721898485 0.848538128739597 2.33659661815711 3.17227065125466 1.99020988034886
0.00854777549942873 0.919946127532553 2.01566586262023 2.78969002759918 1.80138370409881
0.00972543220644978 0.976092866174248 2.00715773327998 2.79452156871392 1.9691422757882
0.533982320287629 0.932564985968977 1.72404560304325 2.63581981977725 1.56588412956714
0.0221520968578527 0.99984995966513 1.80530369773131 2.65180080043497 1.73655697375756
0.00892223286370502 0.940298754309767 2.07675643583071 3.04034878296443 2.20536633793731
0.00884421058221111 0.918265220422358 2.01046874047927 2.80265028286349 2.0322949628509
0.0179217935854588 0.95719778034295 2.13051764698652 3.10380065878092 1.98878870579046
0.0148541461365778 0.984488367936477 1.85619993799832 2.78252167657681 1.79393071254533
0.023119015402719 0.816724049653228 2.15081364304248 2.75222220906894 1.62545899991208
0.00798812799806986 0.917164515546082 2.05457827811173 3.06154779835364 1.81230392484895
0.011370684025237 0.955560601365461 1.91474158839899 2.69410167934086 1.7308186435117
0.125703156597429 0.781493513554442 2.1016631867264 2.71605549133287 1.79486523909697
0.0247738829831964 0.872311236063925 2.27524809980576 3.07161433388091 1.96737613232596
0.0096365637732631 0.87728771374684 2.13258384188942 3.04820281842048 1.93947839868785
0.0157196632373877 0.920854786851416 2.17988195910604 3.22534116078263 2.04180458454133
0.0159624039531006 0.890551843711686 1.98710507931342 2.80509959085781 1.79573272975698
0.105377306279642 0.980832539120272 2.19465041860654 3.04209218035606 2.30919536463157
0.0106114008429101 0.901169871599631 2.15920989869667 3.14809070441882 1.97364736249364
0.0107114787352516 0.963913319454725 1.91495532187298 3.01512466919255 1.98059697931581
0.0135900759481101 0.841154764721082 2.17704089772451 2.95295919284368 1.97433536543519
0.00823694891783376 0.932811295291738 2.06865367805684 2.93637852164805 1.97098177659133
0.00902157435176086 0.93586866284447 1.97627690351072 2.97308094480171 1.86897349945611
0.00830979680017921 0.945221409015025 1.98634601173245 3.08654823511009 1.84562195694182
0.0952716934871244 0.834450396751619 2.39864120270804 3.1753475937046 1.67820208567037
0.00823958231814514 0.956836806082271 1.99968597353495 2.78687050958783 1.97422573540723
0.0367915340853104 0.982581112140853 2.13270351564717 3.15942148129811 2.12953622882914
0.0170828908106488 0.855829453026625 2.25105571520845 3.00457914668152 1.9634978188483
0.0385981710061301 0.776174818159246 2.31120706457417 3.06061806258801 1.86717952868796
0.00970202422373436 0.985139740636712 1.95613368614444 2.91163975662414 1.95463399094939
0.0456537023030476 0.860787381100148 2.32982472941847 3.14849765038762 1.86370198865805
0.0089784580442322 0.938833027177176 1.97312759567368 2.87332527333306 1.88185303686559
0.00819144722986774 0.908397514270069 2.0646662798623 2.91058710912111 1.93762615487654
0.0505770236567548 0.927683722788847 2.25050782168604 3.35620269758068 2.11992871241991
0.0114070254509301 0.864561661191835 2.18275832567117 2.99537357417211 2.01214705382736
0.0231792735905363 0.953996288799215 1.8491244569861 2.84969563976127 1.89389909740441
0.0172069079255964 0.996688701892253 2.03841919562328 2.98784851163562 2.10642216710124
0.033384767695582 0.814742865863872 2.11125311429596 2.98599960213643 1.90402818491787
0.0221177876831338 0.988052243916654 1.81455487791407 2.75341761622383 1.74234869177399
0.0120477655411248 0.945421992167288 1.92010369683034 2.94092514620255 1.85445846048788
0.0115103973572687 0.858318194559248 2.17421047131436 3.17325080751913 1.68007445206716
0.0105111393928177 0.866528839532321 2.13008002690166 3.12014298529653 1.98275807481153
0.035176718279941 0.98496205907733 1.78270936434971 2.62674374947987 1.87833168865875
0.00886689790036342 0.963946037502475 1.95596753863625 2.91895125542684 1.99278626956948
0.00796055351924628 0.934896498104667 2.04904916502484 3.11442578595678 1.96457677127372
0.0122419248579776 0.890284611116691 2.01739775370447 2.83154045827979 1.83397668628378
0.00983446099626758 0.894404480480236 2.15073447513356 3.13772927395006 1.95323458306604
0.079082545324237 0.755378056040005 2.23253209593431 2.98778913123109 1.84201818292881
0.00913568174797374 0.97557925539336 1.98283192874931 3.04385010572402 1.89041731165816
0.014921934203591 0.839952333881742 2.22435251151494 3.27015913658905 1.818359472292
0.00989413503729638 0.978982685232746 2.00190849669644 3.09857928754356 2.05245294345693
0.070394356156542 0.993999737652949 2.14718876116136 3.14488750072589 1.99503446248708
0.14395154790716 0.966836541895158 2.23573664625605 3.20145173176987 2.14092658666868
0.011476653705944 0.913704188705303 1.97680311320066 2.85521518244612 1.92933972209388
0.0155869578702526 0.89532084063036 1.97949475102573 2.86813973058019 1.75884810943266
0.0212011108279727 0.947435369265289 1.86486511127049 2.8256538975977 1.72359016204966
0.0130242228722852 0.996475201225805 1.86949603234956 2.816571442274 1.9193769084346
0.0422487040770854 0.817459024465187 2.08158674126781 2.85850001377439 1.68117193332639
0.0204435938575587 0.910629978603866 2.21635063542753 3.12633630768335 1.80070973925236
0.00838315416871729 0.943689616694742 2.05383821071137 2.89371382842915 2.02937728560009
0.0127159491527281 0.929831614512788 1.93698796975305 2.73690846413248 1.88231693583982
0.127395023399658 0.912644841777023 1.81660909361396 2.78859693258844 1.85858273962049
0.00889162471128499 0.968749382600269 2.0020057181948 2.99325577688921 2.0875514685948
0.0229929866039302 0.852092257423504 2.0422560585977 3.03541866070545 1.75738157855222
0.014386530507309 0.836446501793302 2.18923602150932 2.82785986509491 1.96099340912001
0.0118498297055033 0.902615533342377 2.17318197271932 2.957721642259 1.9669638147461
0.0123868195993097 0.867413756987586 2.07600658758438 3.12746897883193 1.93268524504854
