0.0435850149140708 0.611915681701912 0.838780014621451 1.49325621173885 0.468631446757816
0.0451587086662491 0.753803030519207 0.734191161931775 1.3666770178017 0.475440663576593
0.0756516388950836 0.506618381773688 1.10387188277895 1.5322952204694 0.621301257373423
0.0682614089346273 0.315333151968317 1.13558903689378 1.38113727327308 0.365060436192119
0.059556007925614 0.896699149037168 0.525146879504036 1.35966714388761 0.288472805407537
0.0425045334855823 0.623183708563882 0.869917311869351 1.66765478981957 0.4601255930536
0.14839962398114 0.945919086311369 0.677934142637574 1.51291007958585 0.554434374213645
0.0529121956445805 0.437585432050609 1.10142003747194 1.75634978145404 0.411680530238491
0.051155919380509 0.510153499390345 0.913268324671253 1.53320233748998 0.477728751479215
0.0943428563218536 0.412251166852875 0.946416895665668 1.3608239113291 0.484689819127789
0.378574738510051 0.177421914319017 1.13533289944579 1.10112335670622 0.178293645530416
0.120435928081025 0.506327793600442 1.15038828563954 1.68588632132502 0.551060838548226
0.0808124867545294 0.487124425176343 1.12985600671379 1.67124180281152 0.45700866840766
0.0511300704883692 0.472957557104194 0.963372699752368 1.43320704201066 0.505701386251687
0.0466190328195117 0.519314020593988 0.928052147972184 1.60592793340301 0.46297858964948
0.101645303613566 0.936280661295772 0.403583446270154 1.31912086482093 0.305038825073377
0.135879880355583 0.112805502591215 1.44012461696071 1.52770922325071 0.187079919181468
0.336675058643548 0.524114075230057 1.2046874269202 1.75719927071558 0.645846357713689
0.0469796762515157 0.652589745457156 0.881166181759771 1.41685781890003 0.704255893952672
0.0882181645648773 0.206776728341086 1.30316874078979 1.64834526398739 0.157237104740644
0.0763913969826878 0.350437165036456 1.0562498771215 1.52961994942381 0.485765962288949
0.0606337645687231 0.333601214539615 1.17981503959387 1.68195951098305 0.59066728417666
0.0596461440189668 0.681762999069633 0.894231431199464 1.63492377518835 0.776368505273674
0.118504420022533 0.683437042198386 0.619278795584431 1.37318230404175 0.447127088843337
0.149941671777565 0.471088151818349 1.20271986597451 1.61510791144843 0.543180639297017
0.0443113769504677 0.53486545219213 0.96897225515431 1.71234565460151 0.500971283921084
0.117754797023414 0.639725030253909 0.665226212613695 1.27952999843902 0.363706249996662
0.508079332779543 0.808985701058106 0.922067501590152 1.69309784678645 0.916728138971694
0.0527172571164075 0.827550905519618 0.687667482127647 1.3972042647357 0.836490241226484
0.0654389089749519 0.7848858609126 0.787683564206429 1.70475405041697 0.750847734513352
0.139999832168931 0.100560025904091 1.38876297155765 1.24522404591634 0.312622051313876
0.407547212114877 0.021537811992934 1.35926373031465 1.43110063243058 0.000910407816706451
0.098105609155801 0.602301115538413 0.721336682464062 1.35482102055588 0.337771618387751
0.084258213201979 0.221827217854829 1.2993201283535 1.69576108657455 0.366108239661577
0.0462539084049579 0.70484767886906 0.815934441873874 1.39174930416989 0.666366990037212
0.0570942009495778 0.907122995962653 0.556749678487059 1.470940162758 0.506838311083938
0.0991870190998934 0.288710128258508 1.31866024794773 1.62839560502083 0.421958804006037
0.0697603661448522 0.484883269341489 0.892268832155597 1.37876919844991 0.334397463397944
0.0496650646280294 0.708664759135952 0.830572352868298 1.62242767765728 0.576128168955945
0.0904100046632095 0.201995270535288 1.29108284427835 1.5987589914795 0.332915632754777
0.232367861382871 0.133628724524558 1.23942587052708 1.35133478735425 0.0753891538399628
0.0589082989674562 0.7431839603212 0.638360324184424 1.19132379213031 0.436591380339383
0.0611461971376268 0.829503015192512 0.719975051884372 1.33944877721878 0.730620296818329
0.0429910132000497 0.632016464838389 0.824554407368724 1.47244815552872 0.546099473171731
0.05732441389612 0.845455481878541 0.684263428705937 1.41201954808276 0.643777237260209
0.174774404255604 0.524124132000752 1.16194748430766 1.51469671694074 0.489619632469728
0.150640917196115 0.390614195402099 1.27870459036458 1.69786998547653 0.625879344192503
0.05124544963321 0.534652782175388 1.01831130770781 1.53334450853589 0.716869490205079
0.0642007224347025 0.353759815319015 1.20044137736427 1.6837256888753 0.522069023771024
0.0795610522405703 0.52739828206439 1.08969873728038 1.66834718584401 0.634180528400065
0.061234596276644 0.32668225259121 1.16722950827517 1.55208304565895 0.230327794639977
0.08079170648187 0.397944867975632 1.2086667408311 1.38006406377165 0.479960637727379
0.095539947215425 0.4589391227199 0.88752672449754 1.43311736492193 0.527105751703132
0.667044309571586 0.496202071998871 1.27068752832496 1.69816186739699 0.794763812961561
0.0483503508222008 0.683666726182791 0.73218344484158 1.46836003904148 0.456955476272468
0.0564338505789141 0.896362487384937 0.588840999090705 1.33044778324688 0.535753151586691
0.0559244221128366 0.437585590231105 1.11612423269889 1.41797290546309 0.533867271328041
0.0484875104464935 0.621498308058463 0.794594677100519 1.46707945977744 0.406151301172861
0.123652848177206 0.315882980594245 1.04328183775312 1.36525778956064 0.357404270125459
0.0653600229237803 0.84201066891337 0.715087764289012 1.62672197647994 0.606910872760163
0.0541067228622782 0.880227933113403 0.595974999351215 1.56409096687773 0.402979917706555
0.0466036347470123 0.56340076434518 0.968594631161886 1.67790948756755 0.534843927939604
0.0715240248966856 0.459277446494727 1.14025523545825 1.46994091168183 0.527493161409152
0.0814433922747495 0.477230027513483 1.1399488382163 1.6742253079337 0.449056826586964
0.0494960003915863 0.477866993092828 0.966173188489148 1.51415306186121 0.206684482203061
0.433959990112809 0.221799735464405 1.50534948677906 1.70122344671011 0.394973878180871
0.0429931286030804 0.62899289007299 0.827710706203377 1.31672634265706 0.454425736521696
0.198208603663685 0.158146580322736 1.48867940149059 1.73277580750991 0.333671246038998
0.0535160542095631 0.586185956921321 0.977793428487347 1.51961892748751 0.670125691223278
0.0474132151632666 0.726739765902935 0.698968517829551 1.36721885138433 0.487341539871145
0.0550425580747572 0.852185250171181 0.662750441870035 1.3669888220499 0.536101185554767
0.0800130794775536 0.443168699601357 1.16874305389867 1.70502500450333 0.457830416048427
0.0559852943801243 0.651452944830218 0.91764099183079 1.38489758049173 0.509413099996266
0.141407530567056 0.131970144419848 1.45289260186136 1.44196473561292 0.0197724093242943
0.074194581238545 0.833385393068062 0.745103051102788 1.48445858114628 0.595719208979731
0.136692757351181 0.954786123871233 0.356821480528278 1.38888600351343 0.406123373945869
0.646305447164387 0.414852461432166 1.3505059375925 1.72570620003018 0.648781353575109
0.0494050108657523 0.436772968750752 1.07011214249519 1.78139208649997 0.506550294364165
0.107054538462364 0.422385706148936 1.21896085022642 1.47530043246721 0.517128257289234
0.510126891898509 0.231333676243237 1.50771708993847 1.61369511097393 0.196110662692763
0.0589025259228465 0.627788106657239 0.752557551501923 1.44352206865713 0.456283995140785
0.219775600645732 0.218341913296123 1.4562502666281 1.67239090267864 0.172150024237484
0.0532477612447263 0.618964530996172 0.943573757577321 1.46526411193904 0.792887928859096
0.104391786236332 0.958699625071266 0.383762676759287 1.3819019345943 0.53826925979594
0.0735087493365034 0.279716985458789 1.1818052760047 1.51393007122097 0.419298241718302
0.377610716101838 0.569392671699657 0.661365808534578 1.36090815329763 0.31008009216685
0.0571162481163694 0.905177591740203 0.572792991350402 1.34691297113061 0.581092981099997
0.0733696452492999 0.488730977840063 0.881149051118799 1.26789043448424 0.524151471822778
0.554176264821706 0.591173815721172 0.616704421652416 1.36746022508067 0.297011490033426
0.0593972256761555 0.452847423408998 0.957472294698518 1.43762094005557 0.345257498051147
0.0811506623632779 0.378909366998789 1.2246511547718 1.40802216842631 0.556664226410404
0.163970565930093 0.751592256811655 0.525084036410478 1.21756469076643 0.257639332405102
0.197073819375799 0.919473626958629 0.354588644418127 1.30261338913299 0.342433892632123
0.0639090619354447 0.767499799776987 0.603780616099862 1.3544719549733 0.494881713889544
0.0588073843474801 0.920217624089878 0.544244505335571 1.48341453758216 0.517121588057601
0.07641643129518 0.879795731469607 0.484367988671623 1.41710515430592 0.482208857426009
0.0543289359316866 0.3897382564271 1.07949590407583 1.51022090562076 0.521471126612642
0.043604937899172 0.55082578956879 0.947539869710619 1.63351750453984 0.534139370689372
0.114549543874237 0.269987227253242 1.35054177159854 1.61143662511664 0.41719420765083
0.0587347952557898 0.694149012367299 0.878087473753221 1.74799282253068 0.680076008194043
0.0473897015377196 0.493658927132037 1.02876689105654 1.57378069261 0.543894917302282
0.315030058030808 0.576285637616727 0.664453549030725 1.45425429273017 0.360632649436836
0.0468013829177365 0.483021838201659 1.02755305890609 1.53266185811736 0.469541395694533
0.176313231489163 0.103042454899158 1.50082393358837 1.80989960450986 0.0427031675442735
0.0919023381804513 0.740454873040773 0.585667503197745 1.27323808018708 0.334902853501803
0.104790755748023 0.901919589884166 0.427083260721682 1.26238831802168 0.628578730408377
0.0566773247755816 0.862148451841984 0.555379434111339 1.3747346017615 0.687298563214521
0.0506365413284918 0.588524184125294 0.821450315477195 1.21645248118325 0.556234658682135
0.078668469788109 0.797454233622831 0.796561489387432 1.65391837388893 0.667407812956439
0.0651851443873697 0.691061937145016 0.896258222287058 1.44011489639182 0.810175246825249
0.0451758641505755 0.524404994351839 0.987275597265779 1.28970895937177 0.5775086719813
0.912755737450448 0.12110958922891 1.6360384115441 1.82968806568711 0.388414048077925
0.216708767156354 0.868978603833803 0.801500977729445 1.69254389989797 0.795290326921469
0.0529791026174658 0.392866478625324 1.10913032336015 1.42238305873826 0.497292145449762
0.239506243771581 0.940246385288044 0.321740345047423 1.31798282353099 0.425093233108737
0.0797312442296513 0.721184679492336 0.886605705438306 1.78904030239711 0.677344548503532
0.0508208852436632 0.496382498486291 0.93286495675642 1.55891598447112 0.591604751880018
0.0635096833019056 0.613168252079024 0.976512980623379 1.80454739890335 0.622283559670085
0.160295374883296 0.651095737658007 1.02414934208796 1.6651617406511 0.558439140373746
0.0534721787267795 0.810762274741152 0.71655260252879 1.59953488506777 0.497789212154101
0.1433020126807 0.963756368759479 0.345061972735151 1.39924131163311 0.265258690831678
0.0549352872188291 0.685921660230636 0.704166507267057 1.21028863959239 0.52916410386477
0.23298684850583 0.365649130064074 1.33526211145067 1.7139767057106 0.45500953304036
0.0828775402800224 0.265283257149869 1.3002476196033 1.44974958316351 0.245842217406172
0.16140736138875 0.0844323051277358 1.38140845129384 1.31643281646521 0.0683316233996227
0.0428589870687206 0.603460515650975 0.858914979293312 1.59409965074302 0.544860868853697
0.0518233145148627 0.580640996803767 0.977293473025962 1.27649666951722 0.598185763243682
0.0457438815738502 0.77104555645006 0.692328048951908 1.39618165290975 0.529502277603404
0.0869008808807153 0.997436023100295 0.53925063556348 1.67795078395703 0.45803498852426
0.0476268675452406 0.761375156165299 0.671379973009472 1.59834597848484 0.5239746006046
0.0913829224780827 0.828412970027963 0.776174904078679 1.70320348893772 0.392534571924906
0.637946661799029 0.654086966113079 0.542449066381792 1.106900142462 0.311455159715764
0.193842013397154 0.146264947367334 1.49341859172747 1.60821815274864 0.207873942488626
0.070215246546215 0.77183388290101 0.586753712337784 1.35201533989627 0.473148698499705
0.078588163214045 0.386709527504695 1.21406051463251 1.81497535970883 0.562961470396521
0.2632165962216 0.0234113875677519 1.41068035548865 1.33706689113412 -0.0313036175960655
0.0832144084235434 0.354218584325341 1.03810613207887 1.42454161006184 0.471870713902453
0.0433769465509909 0.703736525905046 0.784661475198552 1.42003925933063 0.573624156161625
0.0922419900565677 0.205862603745336 1.26681164021899 1.49275379000762 0.327776760756583
0.0559125199265991 0.520453684853417 0.882502877924457 1.37976734573075 0.45438980684384
0.101838772987628 0.597926371943351 0.722630781988127 1.34267034211606 0.406607570750319
0.0516147331212489 0.600296944447265 0.956939662727552 1.44381125968097 0.510481695942122
2.52486932066609 0.196207240418695 1.62473609709439 1.82348438868956 0.390394068339892
0.11617830080274 0.752555043029527 0.887585583950094 1.55570582166015 0.589663891881119
0.0677937640261299 0.307436057137445 1.1532802667974 1.45796629961961 0.347400184176169
0.0929457101131293 0.292263582116339 1.30689638389994 1.5817003550756 0.507916353111262
0.0571794578536419 0.561252414118014 1.01348282794706 1.48189969572446 0.683477420511784
0.11308848549303 0.158217763715234 1.39551913590419 1.5961716639755 0.352067781483114
0.0773542157437655 0.705600952858091 0.638123169349045 1.42410455496222 0.485496738031719
0.0423995886710031 0.607990870418566 0.879851798347944 1.41213361477255 0.56358771921581
0.22826741424137 0.673879713958052 0.5807416368442 1.14786812676997 0.455999524344907
0.111569282367176 0.178649695750495 1.26946448382053 1.53909270709256 0.151380941839037
2.3890640756928 0.0604962273482474 1.73929158742679 1.73195562227819 0.251488204452325
0.197966136592644 0.0420730011430059 1.52671185924631 1.65661935748634 0.0747200237493163
0.203751267680169 0.942343790827709 0.708757526491107 1.74777308766979 0.646597865687409
0.0626142595594719 0.802248118978593 0.576904864587125 1.4075617272089 0.473705455552204
0.0577424828173075 0.482766904796654 1.08701999678153 1.52793010725479 0.51297375685257
0.0426638322437329 0.680717349682466 0.796903671957376 1.49180392760071 0.479754067332107
0.0458937079241367 0.556624289093011 0.884340709032771 1.45138017069933 0.181315552887114
0.0558352460726113 0.547562057961059 0.850372356321015 1.46242964335517 0.61497257062946
0.0890930975033556 0.207009742694711 1.28251491415348 1.35813338013599 0.32039614689542
0.25346553281637 0.759821580294563 0.486777146650056 1.20652027611408 0.33833771416108
0.138599977401239 0.613510734784548 1.05294600298853 1.75952196911414 0.672514787738026
0.764709855620785 0.882024842881948 0.305108927353378 1.26685764176584 0.187577142965711
0.0916033698999997 0.810846874729136 0.797541753791685 1.61826138391253 0.690831328280026
0.114800908293571 0.862177591478409 0.451392262901705 1.30364489113992 0.516796009042502
0.0534479742906655 0.454496725007178 0.977741795395486 1.31428073367883 0.563910164170359
0.123669210112381 0.122807252267665 1.39555155426108 1.65200659686529 0.142582807436502
0.049201634343493 0.492393705038874 1.04294435955914 1.5371411290836 0.384283967532392
0.0440023314623756 0.546069774971537 0.918556769117822 1.33059188331097 0.452182603803428
0.0702400487758507 0.957862072968611 0.556185351992876 1.70694624271336 0.487532772783755
0.1193133773876 0.450804387720795 1.20290137512313 1.60291899121825 0.536610452831102
0.144815015452435 0.442293841466871 0.869874846713082 1.25781827105889 0.497098898177863
0.0482033145628971 0.470476429164553 1.04880174011477 1.44037880213729 0.493045374791242
0.125259829953734 0.11978892082551 1.39559694202572 1.34248277728627 0.289560163190714
0.0653623616190005 0.461456361846085 1.12560593244035 1.68422135442075 0.437219660745002
0.145697547168755 0.343893751817486 1.31721025197432 1.75720501050609 0.514610738348766
0.0627673927873555 0.355323369453948 1.19366991767788 1.59276263599561 0.476673343678489
0.042577713305218 0.586173930389041 0.892872874298329 1.51533758871858 0.561424681726741
0.0755119149519416 0.919970497875657 0.457785485148227 1.42883282481615 0.509002351711106
0.171721283744537 0.41422039677608 0.890061811698839 1.21612488853606 0.350137965853038
0.0442167022752079 0.696432417512224 0.808677239233804 1.53288548394475 0.624965839924518
0.163819959327427 0.158349671990522 1.2407748121682 1.44780690017239 0.244584096570244
0.108416908605848 0.211208192002196 1.3767700533436 1.6911979580388 0.309668837712024
0.157390995324382 0.155925381876681 1.46168080216649 1.74666091359767 0.320938734688273
0.342735837114938 0.176490070014865 1.14396975783179 1.29744148214871 0.0281891945897953
0.152711397962885 0.388416793663134 0.930870215846953 1.33816197083586 0.343117979101938
0.0526784425071533 0.582507592887745 0.820498880174747 1.34989387610855 0.443912406394168
0.0949076913824404 0.960805808439974 0.394999655684377 1.26810003032177 0.341161795349738
0.0974673618155839 0.292222968579784 1.31383163965752 1.69873718013502 0.256361850892408
0.07336151084017 0.298157732276471 1.25841982583476 1.49419167204651 0.527072470280872
0.0732447693254474 0.899649758707283 0.655687371027662 1.59157837269703 0.639201206245661
0.0499131640637116 0.690735019069143 0.852682543975247 1.5929106901672 0.797259353333444
0.0627431962232722 0.685205501253148 0.89762345092227 1.49306066153159 0.750552957751998
0.0666407047614004 0.378529060888383 1.03935826881678 1.38843499101244 0.321719028615031
0.0831911733197579 0.940951943144356 0.427994142751352 1.41195846388701 0.471828345535608
0.0556298017382912 0.658119657350125 0.909386302641263 1.66772511705925 0.534827860175835
0.0458688771788193 0.565122461234068 0.962015205906765 1.63819010545322 0.628598833555737
0.045017489148486 0.753894866277455 0.730429982573703 1.43115885617646 0.392903224081885
0.0439854831104015 0.535485184778277 0.936971130533434 1.66465439490448 0.473093357247903
0.143927196872815 0.101626483405121 1.45450351631603 1.59382754855214 0.0896212382974441
0.293928052746804 0.884619746528765 0.803538037897858 1.7488705430762 0.619954961999332
3.42135232313684 0.290349199795897 1.54999560777286 1.74179311405928 0.422148059263288
0.0660940939383341 0.306780980369766 1.2206359188274 1.49948453250893 0.417764406235398
0.153147999395953 0.313419091910985 1.02595466778266 1.42962317924334 0.211703645767763
0.065132294204541 0.764690234393513 0.603545687356317 1.53816869262752 0.256305051685123
0.0955484656952828 0.575819483574509 1.06015946530524 1.56990843721794 0.662384753887518
0.158785081320818 0.0728347517168975 1.42286647064879 1.58068677524819 0.241646276867999
0.0668616936393866 0.31190618197246 1.14923101192171 1.35437382250626 0.384188452493277
0.152487678001019 0.609466871922631 1.06444768447389 1.39634479727705 0.683134669151122
0.044169407826759 0.543175239781401 0.920284181187702 1.51584280957498 0.404845666745571
0.225634603594205 0.981828990488173 0.290804852075626 1.3631331925123 0.24181578379567
0.0880851271502848 0.236384696455293 1.21441555002412 1.40177944264692 0.111402963119942
4.9392210075273 0.852142702817266 0.97452760006247 1.77744352978871 0.706859239052853
6.63444260624229 0.46315556699145 0.648999965254489 1.00393364789784 0.399757019238331
0.138905704932488 0.817778708411981 0.474566831362099 1.29705442296298 0.610980699968028
0.0597911173650316 0.866132981824918 0.663969074074404 1.57348347876963 0.477308164824996
0.0435590939646945 0.552331304973164 0.94581917312753 1.39882989821073 0.412747203081237
0.0482899996684552 0.446586670856056 1.04763130596506 1.59194574552775 0.557090089764078
0.120300004272604 0.180686948740557 1.25004314564008 1.35209188606703 0.159340117256008
0.0611476737537016 0.360205043813287 1.18397164310583 1.48507237168252 0.501065320268572
0.0436481232834939 0.717557184387203 0.766989388449417 1.51608046940964 0.611084435332245
0.0432312304480264 0.583175871925651 0.919552897130448 1.51080654896308 0.498945224581209
0.939782229973863 0.959916130179587 0.221766081253094 1.00055316505406 0.222683110646327
0.091758932871468 0.941533218446138 0.631266932096367 1.56268770374226 0.429214638277093
0.0435456567941091 0.544397454940426 0.946614168296952 1.55191493489156 0.514927287583852
0.0503976505103227 0.840857273213539 0.638165285516327 1.55566742030644 0.419396168396699
0.0506615097396694 0.834038072310772 0.65952981008211 1.39602308478413 0.552039060606355
0.167786087815637 0.121137080118313 1.48660932518874 1.6552135661229 0.270402899269699
0.0663030197510179 0.686474261539508 0.67575583351503 1.09717281013956 0.422316905407308
0.0673350877022421 0.966095281886746 0.521615475337075 1.48016365631527 0.658804943979751
0.0568791188180187 0.498637727729073 0.906355576794275 1.48336583525015 0.388907881996052
0.0721066967084425 0.268149420373404 1.24290666756961 1.35495308350734 0.259512808435898
0.0676616508193326 0.504166923844383 1.09216174882062 1.71928964628729 0.632231181589207
87.1031883284588 0.625480057843696 1.31574359686197 1.82718313429082 0.855302951840027
0.0534948310633412 0.820867018327324 0.702137343709243 1.64363348044213 0.739108986733419
0.0526983949573644 0.479352047225153 1.07115726125133 1.60036137239303 0.472375892457682
0.0536873603612629 0.71065648145376 0.684519463470208 1.41230325198123 0.500395188607162
0.0569517846133321 0.447722376007981 0.972608180205515 1.46725463141915 0.382025192297007
0.0568346956803015 0.894540216371353 0.545582331971459 1.52269708063197 0.266898063213506
0.103204787065985 0.656002139201118 0.659690698469641 1.27694850147835 0.406998137419491
0.0767007385683276 0.284514139156558 1.27461999200809 1.45748473136242 0.365862503279757
0.0435671059134222 0.629456494538537 0.81980792769734 1.37953975949718 0.420031297905953
0.134165703513997 0.196334896928486 1.20668864546417 1.40751256073799 0.247390222440145
1.52216344647045 0.29208023151036 0.909475599752618 1.27188117571442 0.245610862604017
0.0438993996443276 0.709434330744782 0.78634012518032 1.36399481022225 0.513515441838165
0.0527580827010818 0.69776578123279 0.85585665889408 1.80244538203979 0.57601393505581
0.0762480920950064 0.269426601504227 1.19075085511234 1.46152594692597 0.323120982348604
0.0435604166904466 0.684288712730662 0.816254306369391 1.43722090017101 0.506319800085656
0.044240159518089 0.568722062876157 0.944609216272503 1.42830926087058 0.463303937912142
0.496850758944062 0.752071831285707 0.984205436718354 1.91979515732015 0.713373008632137
0.0490178310943762 0.51453519595661 0.91839012697002 1.47527983434867 0.424897751599825
0.178490512546889 0.342847766260301 0.975081712309889 1.3273777618084 0.209489975680718
0.111626447740977 0.152515748477146 1.3863589984662 1.40254162458097 0.147699008140473
0.0736462489332646 0.29735501211141 1.25971489091966 1.55511874494383 0.43349348868672
0.0583975069978884 0.360129119867184 1.16677989357373 1.55237740462918 0.648705598077064
0.0593559532819017 0.339911133657776 1.16522143540034 1.43230427302423 0.493600459477398
0.103478834781787 0.481499822726973 1.16073312945204 1.6166637238519 0.505999080206749
0.05694157838517 0.792505768316054 0.601843907440563 1.50940927117281 0.369320469874393
0.0474485448678529 0.770679629549383 0.667086653807644 1.49190705484468 0.569130439088983
0.0541073523922564 0.874911646418063 0.612359670854297 1.34069501702679 0.648036083488377
0.0949059913391764 0.188145836859754 1.33199125537489 1.40309497988786 0.0778701858695426
0.0756305482079013 0.824386382356039 0.530683557211307 1.52759229580411 0.423281691393876
0.0713123498882823 0.541125275156623 1.06363658784254 1.65005414881402 0.71504650123696
0.0590850854627789 0.560879222920547 1.01896183469301 1.53728928542081 0.58481030618247
0.0588504549513772 0.901182562688282 0.528558745804117 1.32192022268655 0.657265389332323
0.0460269625296978 0.778708702056951 0.69512946465295 1.56113684686888 0.559759413286158
0.04774568484404 0.522422327518447 1.01079901311767 1.44788444972747 0.439964083142466
0.0914739950760771 0.212548283084057 1.25360070264394 1.547189550705 0.176223907466989
0.594156340938924 0.0255695166684499 1.6757784669499 1.67488459390465 0.164855647880334
0.0542823713489682 0.618785393436939 0.94711538089966 1.57311701212858 0.552902912467152
0.0822290636556333 0.450558133471755 1.1653976849691 1.64220587197421 0.520778660642512
0.193362047041018 0.174562826072852 1.19677100237598 1.58103599867627 0.385285820459504
0.0492261262106453 0.538704885966858 1.00544025064899 1.48465089086474 0.531194528462101
0.177996532332273 0.0612844255216645 1.41127565584942 1.41374614655461 -0.03590087147952
0.075550891139405 0.555782609746242 1.05601065890058 1.55751174930299 0.53391831774138
0.218491939924409 0.832435812839108 0.844607912175781 1.6229721668238 0.637875226239534
0.0963879362206367 0.442512307599546 0.906582537086791 1.53684772921203 0.554298325771236
0.0693814224518343 0.885958873672731 0.665581910341748 1.54747571960805 0.401336444974629
0.0998739131144701 0.996447849463233 0.364832140743339 1.42947656527525 0.365171703795606
0.0997459472504242 0.256122039356959 1.1557825475138 1.30270685794778 0.147122965518625
0.0636085397384215 0.910683002430009 0.499675276850011 1.44188541489361 0.371669892459043
0.0434293829497274 0.586757663840797 0.919586808025474 1.61386068684633 0.350619132117434
1.13266788928887 0.413328265604806 0.77991102123508 1.31634267009323 0.283771061848824
0.0474621295977562 0.49361780918898 0.958210330217557 1.43233278611045 0.413106948020744
0.0581974833571963 0.88967155775093 0.618251499234074 1.35611817961738 0.522523323936667
0.0759411964305942 0.255981778683021 1.22576648650326 1.44247432477103 0.401454007577864
0.0485811439102825 0.790784385112226 0.645983116121781 1.48261588211784 0.363745268854975
0.147947199139019 0.619467718651979 0.668469826532428 1.51271940941422 0.34921016500784
0.0431145084552017 0.698818748748005 0.768940306846779 1.55446776112797 0.471280853367702
0.0665496554181511 0.835474285351579 0.54002088324675 1.52707779282466 0.362270348806336
0.0741080678317811 0.412469878966443 1.185050620206 1.47447161437715 0.641806567968757
0.0813142189878621 0.651249382888288 0.965430315660452 1.60094905574618 0.620260368173023
0.163881385153257 0.137185135369469 1.47640144257203 1.5156810031361 0.16468340428352
0.0521118429464199 0.81848031076893 0.697850516102334 1.31541514880407 0.500598744254642
0.0570798362865949 0.5522265810073 1.02191366193895 1.34651378096061 0.54345190870988
0.0936497683822166 0.438977178804869 1.19029613499804 1.66201372627418 0.427345534546141
0.192512219888303 0.672936006530217 1.01367286506404 1.83062625983181 0.550475129788964
0.0627274547080853 0.317686748340923 1.18916937973942 1.65718013159431 0.315185503556284
0.0450716190926247 0.613758077471809 0.823163129881003 1.40409596793106 0.463530881607061
