0.0291198132724569 0.845005634294132 2.07177394082073 2.71383229436346 1.69942751969958
0.0205817964150875 0.96884173287252 2.13815236692453 2.88849116908049 2.2120935711805
0.0160811326111815 0.96971789473883 2.11291370393896 3.03590310635267 1.80044743375161
0.0186792204748247 0.828857901344512 2.23100212219817 2.99687740161498 1.78958388103449
0.0132287766312466 0.851881704912749 2.1856990283319 2.91474471514072 1.86222265904873
0.0139575018120506 0.86907564231504 2.08222897075994 2.96745023387716 1.85929046856531
0.0315257056537031 0.975576400739909 1.80991753258141 2.84389037594543 1.8632968655013
0.0111019895999251 0.935921433495425 1.95621338405644 2.99869913692563 1.84091530811997
0.0245701361384871 0.942159807589888 2.20747036061721 2.96481413453648 2.05098993842013
0.0118081276597574 0.863916987736386 2.19794210964609 3.19947530383899 1.97185407113451
0.00780511673708743 0.931346157346465 2.07192944070092 3.01233514662852 1.9761707574732
0.0230747581390126 0.881363472421579 1.99574925938424 2.94992486772632 1.80075295685613
0.0130345824991156 0.948965071276192 1.91828521008576 2.95434465380187 1.89166303270312
0.00934394688439452 0.974358189753229 1.96537343345368 2.77775212021206 2.09762529074964
0.0387921969498549 0.850890545029383 2.03194794473997 2.94439263783087 1.75675710244207
0.137690767759673 0.988267545236797 1.70679054482244 2.6597505371816 1.83229008317485
0.0130870613255141 0.97951046135075 1.88980698154743 2.70965962176546 1.95682941032832
0.0938699786113912 0.757670111173566 2.3590270964346 3.32470078779797 1.79555388806078
0.00861573778482084 0.960428357926304 2.0344983093366 2.89576493366573 2.00139117544727
0.0147491976548574 0.913558138080014 1.96491860506853 2.95976528206473 1.74800606896443
0.0145025590810048 0.915237302155817 1.96326803096488 2.93605481254302 1.71498624712608
0.0100589392362319 0.916617463406049 2.15916482376105 2.92828741845316 1.95340409038536
0.00916684251077796 0.973009951866551 1.99953612963361 3.21859049967012 1.78577445447123
0.012190659355777 0.965615275501658 2.09102451095387 3.04000668115384 1.84653892580938
0.00939869515151186 0.954086251829772 2.07854929361952 2.98432063770639 1.99692609151319
0.0459012936424186 0.965638834987789 1.79695200444428 2.64231477976455 1.70341216424248
0.0082261369013031 0.910418352131942 2.11592767834117 3.16531768863751 1.97960191499807
0.0197160304834118 0.883524711940293 2.00406975603757 2.86662497468854 1.73222512676285
0.0132133507239691 0.854214531472978 2.21182993511754 3.08255233952686 2.03206284418806
0.105896040433763 0.863782815083826 2.40192627418005 3.19180339250163 2.20663297255125
0.00786121682336095 0.922156051869413 2.08720677547719 3.265008834475 1.95119857735493
0.0120488714818874 0.997653685966173 1.96881757149317 2.92066657256882 2.06675917586379
0.00888162983673146 0.932827293094311 1.99680290095565 2.96823826340348 1.59484280207738
0.00858093229224046 0.942200958938673 1.99142366834875 2.96900408448976 1.97791311081562
0.00963318990372162 0.88110003194785 2.14614462389143 2.87687670185978 2.12066287561332
0.0232105678856281 0.998320868455471 2.07127219031966 3.06828759339328 1.99022884970158
0.00777719384170845 0.925778971705361 2.07471404704327 3.07178291588615 1.95721826244334
0.0101677839899313 0.951109347629576 1.94811820116637 2.85804288438831 1.95933801719178
0.0401363104919379 0.791737868383804 2.31445270532904 2.96919557104256 1.63544114410347
0.0088524647507118 0.95821192427415 2.05231032903728 3.03386508658322 2.00849552545769
0.00891158007151052 0.95701585023516 1.96979171793927 2.75999443859426 1.82077343842239
0.0146854512458231 0.919491536495039 2.20161013118315 3.09864076283274 1.96813084580587
0.0356777292130103 0.910013954130146 2.284970495563 3.25609195155528 1.94139790751465
0.0143506219074037 0.868653181355949 2.24404014909091 3.1253007687144 2.02351620161756
0.0206840935581149 0.903016750104935 1.95639132666492 2.91023370343257 1.67567932595678
0.00819783557842546 0.924924963084435 2.1043909344549 3.12437133987646 1.92226870020242
0.016864222638621 0.973796183435721 2.10756860236228 3.20869913229974 1.99223205799865
0.0142513720912842 0.973782848238467 2.08921649586801 3.1007363589164 1.83932667791726
0.0763620853984846 0.997512156218998 1.72969266742416 2.77841768632883 1.87868758605359
0.00795163296105278 0.919449813056828 2.09634479396404 2.93833486736708 1.86674341626721
0.0100966553624032 0.98266431534239 1.99094969560621 3.11326653347858 1.97065832011581
0.133511761672025 0.913387267130817 2.351888986705 3.10480494361475 2.11758132801952
0.00843116098919658 0.90268756819507 2.12372872754812 3.13538193734244 1.98463693827279
0.0160188874038859 0.838401631467038 2.20951357731211 3.20175087146172 1.99938609632356
0.012245862517786 0.987672729158017 1.90021957541777 2.85931570401836 1.93661194428082
0.0469761936411736 0.913990596172719 1.87915617617821 2.81633337851017 1.72119635275308
0.00791297671291737 0.919481756550938 2.06105832946495 2.98055180315382 1.99712840991961
0.00832878878620575 0.902515920612031 2.11078690521386 3.1717545418189 2.06620932890043
0.0128887854922152 0.964357503599359 2.1013533533604 3.07339749339038 1.9810326392536
0.0341775913206413 0.946056199959357 2.22328926833787 3.11940647425052 1.99165565604652
0.0114515695694424 0.906369930973503 2.0086925134552 2.8668253555159 1.74000897331755
0.00830130364353819 0.905972462888965 2.08100506257547 2.96877342635738 1.75413143578652
0.0133894290262247 0.878008458064943 2.23200235579159 3.18646874723873 1.93220985879023
0.0286090595572872 0.898116010980119 2.28560949132464 3.20116887938942 1.88195280761819
0.0085706441313956 0.900861505462559 2.1309020334153 3.06514238931472 1.88335384580381
0.0289933663886331 0.981923766410159 2.13453933238298 3.03967019600623 2.09450183571949
0.0287220323006049 0.805916215834885 2.2511677742647 2.973106267185 1.88721415491641
0.0150591324900595 0.85585232828286 2.1166589988178 2.87273871214373 1.74803500050493
10.172714035448 0.658495057392273 2.6395517341995 3.37062830512165 1.94727540114862
0.00867365906512874 0.966032006098652 2.00548420246916 2.96572697731423 1.73214066565345
0.00863326200510659 0.962116712250319 2.02796171967474 3.06349117310287 1.94668459656429
0.00944706498314678 0.928562066058005 2.13169467849967 3.2092619991255 2.16000604774496
0.0245018088131931 0.828492177252295 2.14733582120333 2.95503945948418 1.88786966155143
0.0147217713005826 0.939871581061003 1.91870113224936 2.8904324802212 1.75521933062343
0.0242387031040501 0.858080526195983 2.05122896189164 2.90699388125599 1.69848328179632
0.0116346899958239 0.930356291788445 1.95945804784147 2.89859019218107 1.75241239606548
0.0261846187243939 0.959496080318678 1.84280390426903 2.87912644917455 1.71555339377268
0.0146540385681102 0.990901729896035 1.8713070523792 2.90885661742159 1.93309085408561
0.00956807772497004 0.883970878028415 2.11517261206138 3.04079958042927 1.88592429292383
0.0125349443615072 0.861417809109205 2.21300463417823 3.10266084924834 1.82519401105531
0.011782697398202 0.868343203815743 2.20609042001737 3.34230183739727 1.91127456016997
0.0106688090311246 0.878593670794168 2.1895138909459 2.95644799047223 1.9283134507943
0.0182219080257565 0.839606078440938 2.14968155531967 3.13813319696479 1.71180788549193
0.0101792726527794 0.924691797552305 2.14984072080117 3.0737578863436 2.00085645620333
0.0119518229443555 0.934463813311559 1.94943483077404 2.86262270440102 1.64466863807362
0.0131020831757634 0.930118272258792 2.17317021639119 3.03243179255167 2.13754834058945
0.0310995410820673 0.886396120269223 2.30501161781097 3.34933809911691 1.97690646304591
0.00866825056857957 0.911869733022697 2.04554887895243 2.92006207959843 1.91400906871487
0.0311060282751951 0.833645247957466 2.10038940901654 3.01566910614854 1.67223733221696
0.00787847987804495 0.916892554632026 2.08276669722539 3.06698756753817 1.69778545893793
0.0137879661340393 0.854212785705004 2.14357646806304 2.77811566412071 1.90153739676104
0.0654924427743057 0.771565115984075 2.28610287975639 3.08127553203418 1.77421744943967
0.0182404557288719 0.982637743221454 2.09227834970896 3.14039162262696 1.98584180967817
0.00778603140871728 0.922636638024181 2.07132148169002 2.9688175341297 1.79718530857575
0.0306497006463057 0.824613644061019 2.33363772428745 2.9946000903679 2.02182831498082
0.0122776988137416 0.858905923223259 2.15877380949583 3.07899874958103 1.90627475511773
0.00982876038674685 0.929405481419514 1.98429101094615 2.83447605512144 1.85164200527543
0.0109043325620531 0.927219778409913 1.97312716337418 2.88536111947964 1.81694353470322
0.00775521833988058 0.936279548743351 2.05153478487805 2.86394257930586 1.94821711582815
0.0190845544684478 0.881450998549748 2.01207981975086 2.8434802547389 1.71656056975815
0.00858139724772474 0.910167156627885 2.13229106461597 3.19321114478777 1.95364534895944
0.0105087599734672 0.927606930281812 2.15001116094227 3.14169235486609 1.7958050308733
0.00904580709412314 0.890781323991709 2.10686342415191 2.8693023155083 2.03688393309526
0.0902211551947159 0.930789648706285 2.3055941323742 3.17030150690269 2.19610694432381
0.0280262717862998 0.848496788106712 2.32485262832479 3.07132467915609 2.01207895797711
0.35833870835217 0.73797639536871 2.22453569608572 2.92821793199638 1.52229704089513
0.0106915208768955 0.987763790345708 1.93872915033464 2.7795930409604 2.04580546879882
0.00916490714090557 0.954999840313832 1.96393737000732 2.89915632732288 1.88203561700938
0.00925771861849651 0.974554153453517 1.97401183633617 2.74508363960621 1.98518151771165
0.166314581558941 0.92809410668832 2.3391066591811 3.33376342719655 2.15839136231802
0.00826289120338771 0.952845679166062 2.04447915938258 2.99261514199924 1.99748089862218
0.0100894469238442 0.885454302760506 2.08893295125915 3.18303903273684 1.8703218991472
0.00978747148863381 0.906576359465184 2.16529565907987 3.06834797876118 1.93947648817588
0.0281500502201703 0.80673920729614 2.25412484918611 3.10255844790839 1.83849298180988
0.00804002581708633 0.951214997230287 2.03050800147066 2.92846245811553 2.02122899847684
0.00854375755019999 0.92414763333646 2.11738720908537 3.09250792964796 1.82132717452076
0.0087293994787091 0.913797358303473 2.13446133150263 3.04687637287142 1.86692009965881
0.0120529038389092 0.917939541820581 1.97798073882428 2.82091992326507 1.73810390611987
0.0156507997548826 0.844194134454917 2.24027378241395 3.19707232206971 1.94273521701467
0.0105310045803992 0.887959138792214 2.18906322997983 3.07912068392697 1.85401592056698
0.0091554705961558 0.900820461203829 2.15431610126551 2.97495984993894 2.01790495401039
0.0114234959110825 0.986702747291513 1.91466178476386 2.90813455411182 2.03731436761857
0.0731288930902653 0.783254464786475 2.19534401988918 2.92604936893374 1.81349289393783
0.0139079152368506 0.921315581415525 2.19337671939936 3.31534904530367 2.2711849242951
0.0104492687949396 0.987299898185049 1.95248502154332 2.86441355303625 1.88403870642691
0.0205212926228657 0.859862526686376 2.06251882563128 2.9857418804341 1.74772372458576
0.0178361639006661 0.954822174186581 1.87977139716988 2.99651178932929 1.97376884023346
0.00799702882450293 0.94948839976561 2.0346287413484 3.23151035670668 1.91291443068646
0.00943799266215893 0.904577733904997 2.15966603715898 3.00870123815098 2.10455312132134
0.0087347766064842 0.96010071602813 2.04140034581071 3.15055879141536 1.94395074136718
0.00879164141911588 0.894135892847059 2.13268739089961 3.0207082783449 1.87186423555064
0.0299964158470978 0.804075400195165 2.24925894412142 3.1289351740907 1.83370164327748
0.0127884891935485 0.863616008327564 2.22143021912621 3.14770888238069 1.81765898601052
0.036675234981847 0.800705999526609 2.32931309486115 3.18978498118376 1.71140333056983
0.0121271534210816 0.986438302488554 2.02646922115111 3.02074646757362 2.01134961532017
0.00889405699506943 0.961377542095299 2.04308613401838 2.91300889578812 1.92921932585179
0.0140387115164049 0.847454355890641 2.19648765096504 3.19318664614644 1.95427463546132
0.0143744036188981 0.890638408080189 2.23310616991522 3.11807058951165 1.92536082087659
0.0091083142753386 0.972655083872799 1.99612194409571 3.04370021823064 1.83994726682925
0.0690891057825692 0.777779845252933 2.38361391216728 3.1644018677316 1.7037441064111
0.0151228419037879 0.878999634701842 2.24730814607028 2.97802185759484 2.10508735632628
0.0668354801613216 0.942158615422094 1.80992851939128 2.76871702078121 1.7416987789776
0.892500979336587 0.756993718077294 2.56694467141639 3.33175245605742 2.123622460616
0.00854791275894229 0.937502779686655 1.99842838731506 2.8361565589762 2.03541217140194
0.0125434510432675 0.944428945464306 2.1423175728814 2.8539789264076 1.81653117924885
0.00781683569581596 0.937033237824709 2.06099918781116 2.88651936416455 1.8263362045476
0.0142423245208345 0.895292458076866 2.22787923386474 3.11211126661531 2.09416564104246
0.0089681225169158 0.962106736734605 1.96727542832182 2.85822768602358 1.88057997892642
2.56273684274783 0.840426034178471 2.55585801591281 3.36691194251971 2.20457932403483
0.00968184834941157 0.948593087455107 1.9590797405808 2.95512545063038 1.68924776822
0.0191717701346906 0.888807745709559 1.99407532616548 2.94313661792796 1.83029246726971
0.027851914902182 0.832071642148031 2.11737970552167 2.99256960860063 1.74044965489863
0.600559384030974 0.717751889089749 2.51749477995165 3.21603360300793 1.68455229141253
0.00881165032507296 0.894166613460738 2.1038148231635 3.11408085045258 1.97693005030445
0.0267079750969647 0.811042330060696 2.22576955364314 3.0596234542203 1.71862276726529
0.016595974191482 0.965411875969742 1.87380759878973 2.86825966354007 1.96615879790502
0.0277621039249862 0.998350667399427 1.80037403020342 2.77199631678627 1.86894663387905
0.0120624778602481 0.868618465375804 2.21237995467982 3.22937116160483 1.80882368849005
0.0386136353026809 0.911765375783722 2.28754378568888 3.08761621644747 1.92134961077871
0.0110622297521107 0.985677527802497 2.008646732338 3.14374816690579 2.0807562057544
0.0772460552919868 0.799472248951351 2.1299510440211 3.19204238674852 1.61740807631638
0.0106724792720194 0.934895431525406 2.13990080016195 3.25716021303045 2.33299332768572
0.00979152854561113 0.87912800075198 2.14172801809532 3.14129296669711 1.909847690125
0.0491040340910875 0.844802386099843 2.03111958461217 2.77445853756334 1.65076960514305
0.0256193385840414 0.860880981952149 2.3111836935491 3.10275729716375 2.20668590804491
0.0093089641686629 0.94281798703106 1.9731134080656 2.76497188449683 1.86243626518257
0.0353485635474385 0.97886870680895 1.79822488822158 2.71191419200959 1.68450893984057
0.0591488272110725 0.823661383046787 2.39367674451753 3.22043496807567 1.82098707920731
0.00781641832486434 0.941890739622425 2.03769051690934 2.85356900516946 1.71458882937927
0.00998426227848283 0.983254166398848 1.97328188855523 2.79660231674324 1.90611750845004
0.115580074961054 0.998090096480412 2.18194930163526 3.14270710479001 2.21614941107799
0.308813642082703 0.986772351632229 2.25484654345286 3.18360756504764 2.22743105691421
0.0169391935727966 0.868670404039048 2.05810476545743 3.01955071261638 1.9188983488013
0.0140071148708519 0.994961342118862 1.87891145622987 2.97446704413333 1.83350559333609
0.0098901383844633 0.887458814380652 2.17413852884499 3.14648023606308 1.95344966566045
0.0147773600279917 0.997551163976732 2.01927836077231 3.00103450557356 2.09967370536964
0.00826817302958109 0.920832541177833 2.11206883483701 3.08247187327068 2.00417693674151
0.0902464375214319 0.878425827541973 2.37821296073196 3.47330788790887 2.03613966262788
0.0148282443225519 0.850997751165843 2.14079217600583 2.91460216221712 1.79039015105918
0.116647134823147 0.78938367268057 2.44591401044128 3.22441124826464 1.81638058088046
0.0206213279161162 0.958332181979103 1.86288048965838 2.9045932849094 1.77764737847655
0.0677501433745527 0.800927952807001 2.40483948675808 3.14859552535465 1.95352354306188
0.010350912001899 0.873369660183413 2.146633429851 3.04221397614838 1.94847838773722
0.00879457414609683 0.914910789420824 2.03430803472249 3.00833322301448 2.0078835082715
0.0154326427284586 0.997766880146341 1.86441535392714 2.8909441452974 1.79028702544052
0.0107023553833556 0.962594250245021 2.07979967768901 2.81963135981526 2.07470546040071
0.00796510084897541 0.913087931761192 2.08637099606293 2.92088522116776 1.90777198874069
0.0136217049041922 0.999747157343228 1.88810674182777 2.77317884424372 1.86990438351695
0.00936833169565417 0.976287503342467 1.97506018071065 2.93115708251817 1.80039582436813
0.0124748767359064 0.981702418352279 2.0479434295697 3.01659643589892 1.80341413971394
0.0559254569513659 0.827390439240259 2.38845313741566 3.46192143910123 2.07028076313653
0.0594244307466484 0.965356504089518 2.21903802601131 3.24618590456773 1.99990739634286
0.0371049842774141 0.876697159069176 1.97156540400303 3.04937747161193 1.71769416324412
0.0106468173386702 0.988843156974499 1.97186408296099 2.85865661451835 1.91633269283282
0.0106565201518577 0.989365558269908 1.95385172263732 2.92564718610992 1.96425813248674
0.0160231692678506 0.99488209680691 1.85886933966848 2.91750195585797 1.87475412081354
0.0098673409042166 0.883217588234146 2.16970683939158 3.11841208922947 1.85441709641935
0.0126566947580227 0.884088391223588 2.05123073255593 2.87943593150389 1.81267267958589
0.0245228265424259 0.834778096042253 2.12304122270974 2.94932369803091 1.83038156728289
0.00868985578748063 0.964304615171582 1.98250494200039 3.02836323435415 1.84067098473723
0.0187905533747207 0.956557983925379 2.15757300677042 3.1608875048676 2.05199839518661
0.0230817391536362 0.966643790597618 1.84360163625664 2.93451041864062 1.8297075768311
0.0225424843537415 0.843470964553714 2.10307707394196 2.90786257808624 1.96925027031818
0.0767244100843995 0.766365222311828 2.36125153878689 3.09696975476247 1.68133162552938
0.0277910690751093 0.927936003776758 1.887039787672 2.76238918569092 1.75581692441474
0.0179867836299095 0.959680105624854 1.87289933058175 2.86697862481309 1.7247111924076
0.0148602936004533 0.952207615560864 1.90027541000632 2.75537511731563 1.69858889916476
0.18865460979468 0.954882505327352 2.29786220095367 3.11503817142897 2.06241655602304
0.010432267971599 0.983022426108965 2.00329136088677 2.98095428367069 1.81331696872867
0.0211392383050469 0.964327934673511 1.85345875798649 2.85948084516797 1.81967267445075
0.00903962509031407 0.890264345575037 2.14059772017638 3.03745493707066 1.90875333061977
0.012077216230685 0.994551504808505 1.98972133038071 2.8954907442334 1.90792737887454
0.00819913676176781 0.9339760305449 2.09016152421888 3.15406028897953 1.86324793105302
0.0154804959481438 0.978391984439019 1.86950023399212 2.95895707643946 1.82795924836284
0.0471031498926645 0.785233173599308 2.26202431693327 2.96736039358834 1.83155618876565
0.0286945693115609 0.949044458855219 1.85083540582716 2.70703180359793 1.88842787394062
0.0097268845620477 0.96136147875743 2.06584272190774 3.00491561537391 1.70164803948355
0.0132833602517924 0.90930547476625 1.98447282319937 2.80843534575075 1.63352933087179
0.00835367528266012 0.935271010198229 2.09341797984116 2.96003367010787 2.06953395917962
0.0153074328436917 0.910035799640146 1.96839877222851 2.92140787613341 1.71302553107127
0.00829559071551206 0.954293128419398 2.04094805146085 3.0795712200935 1.81791817820737
0.125352523461965 0.761981139940664 2.22715120094517 3.30475683924018 1.71344690694998
0.0310173221940542 0.970655520770984 2.16610446488867 3.23356605154361 1.93303900252061
0.0764671672509355 0.7646429559763 2.34034954229464 3.10810949242677 1.8706475639248
0.0106555911839152 0.962363580042623 1.93022552458492 2.77914869075981 1.75735545781643
0.0227761931065325 0.866656352122845 2.03366183935229 2.87818339959077 1.85815755994276
0.0329443369464455 0.803798425393088 2.31496649007625 3.05712383997928 1.81886142152556
0.312368764782028 0.76524117197088 2.13909719279084 3.06274394808013 1.75599441015557
0.0208091127882925 0.822567723588168 2.23310741648005 3.0802332509154 1.85811580144297
0.0242821689898843 0.967327517850927 2.15523891020928 3.0977318156526 2.16708312817099
0.0107768600151618 0.871091369105666 2.13567396922025 3.0192441013997 1.70058348884367
0.0868572154140475 0.840499915975023 2.0062004190316 2.86142583052718 1.62185546360551
0.0092744596922679 0.968417194188878 2.03022721287975 2.93456452323098 1.92423030182837
0.0146189646399575 0.872006249673388 2.06653311864907 2.86825197112394 1.95359165362642
0.0146152920082395 0.97078274288933 1.88176383237692 2.92136065032525 1.89576093163366
0.0237213624853812 0.97369305455321 1.83361377271042 2.82669225311099 1.84312201729202
0.0120262489220249 0.980463075597274 1.90247439606886 3.07903783167938 1.72628171017055
0.00908453774314781 0.968147231669363 1.96634356253778 2.91665834839579 1.81610257144486
0.00807726666844832 0.925307215180476 2.03600343234378 3.06314673358782 1.86290865675986
0.0131455677849144 0.861114340508117 2.22520127330611 3.21323687196769 1.93588998646458
0.0222657127909199 0.890355010425889 1.97787697889287 2.89734047014768 1.65627867137415
0.0155973344447703 0.844950157975296 2.24127666839868 3.20152682334487 1.74057528244789
0.0332750949487397 0.969314216041576 2.17405328689559 3.04811495389025 2.25761126672437
0.0117221761627351 0.913917144561817 2.1841824943525 3.19644182139833 1.91299178517919
0.0103177317882098 0.950806617038995 2.10295383338156 3.14582500716963 1.9018778503126
0.0202339976699513 0.983465067658219 2.10017625166075 3.11091700240637 2.1257280193804
0.019309750340188 0.870983606838425 2.27868398369854 3.06359880954683 2.03228659705163
0.0112062342450275 0.913171577324987 1.99675250635677 2.98160578795702 1.78455201922241
0.0105285548283351 0.892457338407996 2.18780778851899 3.18330615403715 1.97815426368099
0.00829344471590856 0.932134911295079 2.01467376384554 3.01139811705857 1.82706337209845
0.00800740979417528 0.9202562350937 2.05161954342981 2.9569458744742 1.92748133820842
0.0101094344976009 0.923783885479287 2.1501419733303 3.2657412283419 1.98339449435286
0.024091142264833 0.815119180952397 2.26415510541383 3.30903450676172 1.76503131261331
0.00840068329280295 0.949593843104504 2.06176422125383 3.06403934877587 1.90263518179235
0.0173047004195011 0.841572870698885 2.26049756233061 3.13716152973236 1.57538158443439
0.014079475535561 0.964583305837638 2.11118472472821 3.19426280593082 1.87644731609558
0.00895901316317255 0.958088265139949 2.05613991223365 3.11003933354075 1.92821092816172
0.00937187811212407 0.956123853047943 2.07259929668658 3.34230092962074 2.02362815047361
0.0111461149566138 0.878483739912396 2.20018381014289 3.13807081104459 2.0380168701108
0.0157934116842188 0.989698190421067 2.05563102261133 3.06154200387476 2.09665828474064
0.0107864002759802 0.951216097097376 1.93909896003171 2.82657672064221 1.7354025402396
0.00840249013255736 0.900715310169159 2.10418597312284 3.13815665132375 1.74167298883322
0.00891537694674607 0.965780703724849 1.97157208826314 2.86776359857477 1.9075404340323
0.00785893260637113 0.944183175073589 2.03915965375243 3.04107706769722 2.02649166777251
0.0155059298836413 0.89335278866368 2.23890135650846 3.13633851422267 1.98685253010629
0.0101923596128466 0.892554544952669 2.18142016325955 3.06473476971932 2.04102222467304
0.0110508423606858 0.868060870741314 2.18032816876108 3.06848088592371 1.84357917091389
0.0122125349474508 0.929312027849007 2.16656832242421 3.18845244703015 2.01770132008791
0.00829221294705983 0.929679109518111 2.10106085059793 3.06965314658248 1.89010498780496
0.206260629542226 0.915297199157825 1.8026143186215 2.55077643805929 1.68719654143867
0.0121404419072824 0.881661461534611 2.06448572764566 2.85944886737548 1.91180093046401
0.0109272907883884 0.933686697404094 2.14526014072811 3.14424785860245 2.12996991698795
0.00942525868760944 0.94597596207705 2.09836615112075 3.34266178946771 1.81199909607111
0.00891247502651311 0.967946205671443 1.9754939401851 2.94092269776248 1.87842896362874
0.00989321506207928 0.972788907494009 2.03237114075611 2.84453224920725 2.0546676806741
0.0191437091259155 0.847020282892073 2.28243088770439 3.16207969173144 1.88104924455044
0.0858920163925475 0.985311339545707 1.73576116299086 2.71608651007553 1.84795709205643
0.0147549250548512 0.971435543333411 2.09936870438481 3.23532677220177 1.91845739500423
0.00806299724573398 0.910765205078703 2.10190681855047 2.98828107425206 1.88311182549833
0.00971993438301236 0.915403457521085 2.15495729297321 3.1890534033044 2.03018108791254
0.0150540108173463 0.942412094686588 1.9126972151166 3.09937521239047 1.91959119567994
0.010123476457259 0.942510970180843 1.95941816480086 2.92660115283217 1.77700972061872
0.0221479969135212 0.945679368791092 1.87477367365144 2.85457619422416 1.85979568477931
0.0198327303673594 0.911861572130874 1.94188452026658 3.04536265905257 1.73991393113759
0.0162005808685532 0.842566980238596 2.24615805148521 3.0590416071863 1.80706383603367
0.0080322724650207 0.911496530640877 2.0816174127708 3.10357060399162 1.89121852210898
0.0214501011435014 0.827519879560326 2.1757248790158 3.08975759395677 1.71894625684895
0.0127269092435917 0.862097272299728 2.12622626754656 2.83231066841829 1.80554869607552
0.0162136834154881 0.996241521175316 1.85726408081687 2.90887945336504 1.98063269251969
0.146692818076258 0.831703504422787 2.44564205801657 3.23481771188165 2.00010924221612
0.00789432940582659 0.922762766187634 2.05304863350069 3.05186071680448 1.88332343156896
0.0606188050593882 0.840620919121274 2.02793768862219 2.81438837641333 1.63786195914363
0.0153995820455895 0.998864954968364 1.86506607556208 2.70798959442744 1.91442081180945
0.0113446911423525 0.994113576463733 1.93698918446984 3.0726295725381 1.91729342251448
0.00979480417188633 0.937734735827298 2.12180652034292 3.05329846206275 2.00962815406724
0.00830495849546796 0.952409604982724 2.04849232545978 3.10539049145842 1.96550548757599
0.184489079370756 0.790902182533932 2.09507135733097 2.89816579870631 1.92038288049265
0.00812620500993932 0.918176557591602 2.10806846224888 2.97571786394473 1.93225394408136
0.0118146134083558 0.971292125422396 2.07123744886332 3.02735861864169 2.13072077950685
0.00890086887130807 0.900843530698221 2.14610238419834 3.14887103879607 2.00387804308707
