0.0308366445801118 0.922820794114043 1.88881268282943 2.84754458339368 1.67950886186451
0.00813968627713799 0.968288354284048 1.99645004744017 2.89464656473948 1.88271780230656
0.0165126954443462 0.922871422151246 2.21085107457571 3.09366352652233 2.08312968747453
0.0112415789925768 0.993706382365227 1.91001384582276 3.01539685533226 2.02885643002121
0.00948600729932543 0.882090577354995 2.13891727693118 2.97559905626694 1.84669990170704
0.0376093862612321 0.914905848948059 1.89075128405115 2.60432222465937 1.78766985156587
0.00756333841367161 0.951831100617484 2.03675886980741 3.0769298119593 1.83145683311878
0.0113364300854916 0.890794852759589 2.04632161729016 2.99725874234968 1.80497607074587
0.00898735793117157 0.951659799600038 1.96036864289511 2.75971711999001 1.9379652815331
0.0129673402977369 0.956789181441394 1.90549734616971 2.80058232450671 1.83279944649891
0.046756408302812 0.865678144131212 1.9815051981396 2.73043688489493 1.8536939775985
0.00835203395498626 0.900086869174979 2.08993618656183 2.92921828560303 1.81077262282325
0.0110893269028907 0.927949128298654 1.96567570580914 2.78995969771773 1.96085452875065
0.0073545886559685 0.931170709432838 2.05240616964505 3.00351667565069 2.01323093190883
0.0158058531703795 0.978180207614682 1.86414824314185 3.02170526841175 1.84504297021029
0.00926465613177403 0.978168656661168 2.01772279404574 3.02062915039513 1.98925612403992
0.0075986323789828 0.917086058221949 2.09202064979037 3.10759995616253 1.84995621439524
0.0131589714958078 0.982998547132557 1.88166480459981 2.91916143528217 1.75289525605587
0.0122841853845006 0.951428145775601 2.13401443196687 3.00954965111428 1.95317828434899
0.0101560041737691 0.909890610301314 2.01395738979702 2.93021590379477 1.79435775501822
0.00882960119150972 0.934327668707368 1.98727896114294 2.99063827475622 1.84453609265691
0.179065547525009 0.80139691947565 2.45959004198092 3.21871981512734 1.8135785611833
0.00925605533290339 0.891677602813331 2.08528570090988 2.94283007187801 2.00410029526457
0.0158937436538041 0.853089363020157 2.11875536909085 3.03982885046294 1.57156051483245
0.0188402677122282 0.940019372386712 2.19471917441811 3.00876359702382 2.07261240018819
0.0138337302735451 0.963969966754209 1.89069030651033 2.97437605606395 1.77825192759716
0.00964989472848977 0.880631525655385 2.13123529102254 3.06450053537855 1.74164251775191
0.00776901465130173 0.915494927232937 2.10666806217046 3.13962369980185 1.80227812506141
0.102333184257914 0.876837453282929 1.91253497709412 2.76208575740097 1.83731159743856
0.0300637058246052 0.82794509394846 2.320936940947 3.21547137899713 1.93608645354512
0.0160161215808449 0.968277731546506 2.12470379948725 3.13015870924406 2.08791899221494
0.00861324118142357 0.94493105457996 2.09668759602701 2.93812316159054 1.94391527400334
0.0184739063449955 0.875376278328543 2.02951578199425 2.83792384120926 1.75917984861912
0.0114379076623776 0.99310230713563 1.90520857577967 2.88778056713922 2.00532596301112
0.0256588435886303 0.978560180208539 2.14023860554231 3.11286868493955 2.02628953911419
0.313055913231092 0.989851019725888 1.67554681520373 2.7081637040364 1.6292669863587
0.0161959915763061 0.845436598699117 2.15058051152976 2.96449475493228 1.9049742406948
0.0087035648277312 0.919275854229849 2.01900907871524 2.82676710753241 1.78497527695257
0.142436015403477 0.983259268071179 1.71817128532417 2.68080114292441 1.77597342752595
0.00804084630430589 0.919682468616512 2.118208660572 3.19669872596877 1.96236626132041
0.009944159526364 0.90955091312334 2.17025327264283 2.99993430517353 1.77039701302211
0.0421321526896258 0.982784428145789 2.16427399695107 3.15236595467278 2.16559858927741
0.0444573500222289 0.811736457610271 2.354553544733 3.28767865294364 1.72298827888659
0.0102011096181858 0.877441861127816 2.17063363984742 3.00290229003054 2.0514325031395
0.0165540924955336 0.957867464581952 1.88070782395447 2.81042134700986 1.89419040826945
0.0195869561064386 0.94919411686718 2.18130687554315 3.1498294327258 2.04901375383836
0.0111264844541891 0.891246332739532 2.04793550844125 3.00359952575406 1.80393490344995
0.0739908887318857 0.827373783741604 2.04917124611775 2.78619922833562 1.66467162841654
0.00837773595039052 0.929408791398096 2.11749683535207 2.91580860357337 2.00810944731595
0.00819872188553661 0.903456763594152 2.12410210972458 3.11248416460014 2.12344977803357
0.0111393915821973 0.997035300892721 1.98151766332313 2.94151048448778 2.05466355488916
0.00758233000236899 0.953243610836138 2.0133969609438 3.09463347134512 1.86687081302812
0.0128221630092286 0.909052117580548 1.98642265228106 2.86966793323359 1.59314657131582
0.00770146001911336 0.95441184087167 2.00191121955044 3.00903885887789 1.91288766357284
0.00799312089583391 0.9266512559794 2.10973385480622 2.83549305164838 1.95018244548435
0.0107119738585588 0.913824439714558 1.99773045602563 2.71222146485569 1.91378980169144
0.13005760694195 0.807228608848775 2.06857554337645 3.04496898168411 1.58526658314272
0.00835363995135759 0.918400496437589 2.12936874974842 3.18315377149057 2.01034972636113
0.385590513875312 0.735823888290086 2.4812426788222 3.23483138548112 1.85444846908963
0.0318888244560693 0.810838066044788 2.30629971834462 3.16804701003352 1.90300999964724
0.00885844158130712 0.897859389641404 2.15043703835653 2.69418606186908 1.77852701548067
0.00891499915899664 0.91078311172857 2.14967760652093 3.14271229396928 1.92140052287781
0.0189294354640152 0.866562969969395 2.2745863762172 3.10037086206056 1.98469476106087
0.0108521173449641 0.97098243785942 2.0732664060561 3.00272347602406 1.92788046598488
0.0114047540641634 0.982179419063501 2.04809315573329 2.96014520131687 1.93249567904676
0.350471715311706 0.768706594857486 2.11862139758585 2.84039451377993 1.58886795419798
0.0111455769488641 0.997193716188535 1.91977398361456 2.82090561406776 1.90033737530525
0.19674522706389 0.90719192057214 2.37495480649838 3.35643801784441 2.15826285986692
0.0151088526961401 0.98902946633193 1.86250117008608 2.95384329638023 1.93418508430109
0.0185152198490358 0.834699372676651 2.24449672588358 2.92730168568484 1.91025028439676
0.0413529393022214 0.959463479652439 2.21245757521666 3.24235976787536 2.15083533131245
0.0110674727150082 0.956120568984229 1.92450578618003 2.84873049224934 1.79787151100729
0.00735413294562394 0.934843519028373 2.04384163269441 2.95567573265426 2.10949225441373
0.00978669327014798 0.899662582105187 2.17390389805184 3.12237124157189 1.75630348087695
0.00846522283888022 0.913763041721194 2.1360666983933 3.01008953472475 1.88937884296794
0.0101028284306511 0.966407480627015 2.07445770883207 3.00431464650284 1.86659061163605
0.0195670304650601 0.840877504190759 2.27140207205551 3.18992858780984 1.87845788549958
0.00835867389550281 0.926655707793802 2.12065979561424 3.0655115392298 1.94207670966861
0.0120266096271608 0.870442347608172 2.20904023596528 3.11407660552786 1.97384041849297
0.0288101797951957 0.940780807553032 1.86320701541395 2.92011477772976 1.66891143210023
0.0118153465820644 0.910885705799329 1.99177801838267 2.69420183692164 1.89370532832841
0.00750718203384634 0.926732856310198 2.08605278503422 3.04961278472535 2.06090374483518
0.0082194660888899 0.900188379130318 2.10926834250795 3.12409960430948 1.85684156855524
0.0183598741785282 0.944474890307788 1.8903547022794 2.70316755463739 1.82108232016757
0.0126328531877795 0.992119791189567 1.88610442822707 3.05782022958581 1.75922728529833
0.0108955357410571 0.973284076352976 1.912192222896 2.80035366112573 1.76449334639239
0.0440657455200242 0.896977766876951 1.91619199680856 2.85453753713129 1.72970932074592
0.0131560458164419 0.895395847503617 2.21930636394241 3.01310419531298 1.9963483700691
0.0101237983660003 0.893521168546258 2.05754858646568 3.00274133127674 1.8037016263224
0.00882457247770244 0.925854128216821 2.00268680506587 2.91691386772268 1.75503993776936
0.0163308785952823 0.858276970931338 2.09485517487201 3.08119021505636 1.80244705762482
0.0140530795116194 0.897742944929192 2.00186109549142 2.86023407628461 1.70652571232363
0.0489159384048694 0.832315443344569 2.06465381517227 2.94146015693937 1.63027374519184
0.0339444107636726 0.958536473569947 1.82678522934559 2.67714633635148 1.6971558048353
0.055720604216184 0.970269730782613 1.78201600029762 2.633034109949 1.64912400216756
0.0197098243323534 0.946675183448202 2.18646302214254 3.11840980963755 2.06386418472626
0.0164649370854033 0.863635442587995 2.25850844968286 3.13224918472664 1.89283018828805
0.0115916622655119 0.98277814445401 1.8995303851822 2.91783229747359 1.81221884227561
0.0340422838653429 0.835469094457164 2.33644916626705 3.15740117246246 1.82555933967232
0.0563928580609815 0.918107723604341 2.30000930114498 3.42366180627277 2.26464886292735
0.0146450105057151 0.852995533031661 2.13645261201646 2.82709971713157 1.72734153519779
0.0462041567329916 0.843212049767067 2.03882561860852 2.77676800560503 1.67593167398955
0.00832142449519754 0.936765916927584 2.10471035007928 2.98771525242786 2.0015187085258
0.00764863142341363 0.950771935126058 2.00487349460293 3.02716836741019 1.85953073185722
0.024813672961116 0.965655961836824 1.83898323555655 2.87355894864215 1.69150502944278
0.010202121477498 0.993189233506896 1.95873209899646 3.03593381972338 1.79454326263055
0.0074341036528966 0.942313084638733 2.05589156347318 2.86373968796872 1.88386476300289
0.0104985739328771 0.985835869019301 1.91860979473313 2.86642277614249 1.72892412635744
0.0750831230870034 0.809268172059365 2.09989372886226 2.95768396499414 1.55317475258362
0.0512834510618931 0.796477271060435 2.35464731338471 3.12574275987531 2.05845680319686
0.0148717161778248 0.922111822195865 2.20248816407387 3.00228025700836 1.99276894309136
0.0095299792420003 0.882454011738363 2.12329138551586 2.89650932269503 1.77873899241034
0.0350218024816463 0.821869750852334 2.33491188495422 3.21250631820537 1.73691889599476
0.0118377174336571 0.93895610441533 1.93977695520755 2.92391431862635 1.88997265475982
0.0116968464976499 0.928847975693407 1.95786680921891 2.99998126153 1.84534446915136
0.00970686793155605 0.900074023277837 2.17219464290537 3.07968245143067 1.80971066909209
0.0154561182053319 0.894788869255479 1.99897250175528 2.97409010619601 1.81867812287248
0.00807066688919516 0.962315238603242 1.98276650177412 3.01178289732957 1.93074005604971
0.0122664020694812 0.894030880530398 2.02669681611636 2.89745443099532 1.94564826258721
0.00764461600631809 0.939061479505887 2.01478226060821 3.04314059660814 1.9318998820238
0.0281427771365611 0.884416544176287 1.97246619140556 2.85599511703397 1.81029691185602
0.0126947708204477 0.857886067270045 2.15582805239838 3.02825355977252 1.96656110557269
0.011216884301718 0.970214918774065 2.08005937390965 3.1280080833259 2.03503474536314
0.00878211112805233 0.977685971302131 1.97051277320421 2.8998836629219 2.10587745755354
0.02072659164782 0.931996257191489 1.900654060684 2.97583048512208 1.73354494102019
0.0142899670784641 0.864509197285401 2.23798085328946 3.21563521595614 1.90903985043705
0.00789449742693364 0.930526172125259 2.10132981112232 3.12351911418993 1.94463463969014
0.0129230896442675 0.863979889334048 2.11467767208449 2.69393826569772 1.6664742343936
0.0657015231964651 0.850906587572653 2.37983336607234 3.1680311395684 1.99772357852131
0.00975564386114384 0.923607158325847 1.99071186678019 2.94895721008141 1.97921847346679
0.0108310244353681 0.985015831842746 2.02929546071124 2.75586487842791 2.11233597920323
0.0105116936494909 0.977145308610219 1.91664597267123 2.93905226130424 1.86055710120953
0.0193002016391768 0.836661214248444 2.26191129864202 2.92201622334541 1.79630106691807
0.0160319362519814 0.928430084414535 1.92755810786792 2.96934783122956 1.90910264280728
0.0229211134796185 0.931680745994387 2.22346018510826 3.14464150870264 1.96024573622402
0.00745405160433729 0.943559823736286 2.05453475786875 2.96708164241222 1.91671056906497
0.0278586155371458 0.991757563658772 1.80460191687243 2.70642903835908 1.77442052184657
0.0570188089335247 0.948615225512634 1.81046289106117 2.81369918970904 1.79235449339862
0.0164759493130303 0.852723310630866 2.25413118056027 3.00850517153336 1.73964713858256
0.00984579453699064 0.968795861603718 1.93089796936429 3.18700364200917 1.75390736962104
0.0357906180239101 0.941346144468732 2.23706722731264 3.02484749589131 2.04328250251038
0.0156658326459535 0.84775714605031 2.23644561209115 3.14668414148404 1.9412347987019
0.0145548816572704 0.937706179094071 1.92081661466554 2.89024808251215 1.88193179629972
0.011083657603063 0.886412413609618 2.06291166601728 2.91926070263072 1.75765677552466
0.0100516566112309 0.986162238060969 2.00657740374318 2.95373947441355 1.72116614136469
0.00975022721485021 0.901739175863437 2.04094768848851 3.16850009669271 1.77504086052129
0.0134370136995491 0.869754628449319 2.08512811072725 3.13375558965183 1.80749935718672
0.0164600865501944 0.85304547199786 2.11284340918923 2.96907816361644 1.82628290177851
0.012128938650242 0.920347596829424 1.96951791053678 2.83346689718966 1.87295249067998
0.0221409056237677 0.877747923251997 2.2838881747632 3.07312137854799 1.86515591705212
0.0106844341213831 0.915682566012749 1.99412983719582 3.10424068922384 1.98879009901555
0.0571735725025173 0.899123072941363 1.8969099985485 2.64823342636795 1.60047669610761
0.00793166328624381 0.930057954788542 2.10329984194907 2.90390432552959 2.01378248334333
0.0112685288942774 0.998301223240899 1.97768121721799 3.00880078909767 1.88906015063582
0.0109043315182951 0.954655620651955 1.92805808671442 2.89065182067794 2.00299610333044
0.0138283293965086 0.879374224604491 2.23394332195417 2.97898943135935 2.07636433355444
0.0257711806743605 0.849693301831878 2.0689400974066 3.00927153687064 1.77115684561572
0.00845425844198117 0.967714649457783 1.96762167550265 3.00941585213368 1.91425729250197
0.0397597375153471 0.795917184395271 2.23480567252742 3.02622855993181 1.61363589809039
0.0647711230366282 0.922022561890926 1.84712130134104 2.85664450081639 1.721800348692
0.0104767704385424 0.898379049907912 2.18633956856383 2.89161180364501 1.96255415589146
0.00925949698920615 0.894415291657843 2.07467853350586 2.92928376843575 1.84810673973178
0.00766424212718442 0.914227518955859 2.0941629795172 3.0201900424517 2.02503273588778
0.0298866299542713 0.984724668706501 1.8053449836221 2.78841805880894 1.74639600308565
0.0281695611273675 0.819680034486237 2.16602810831363 3.1471737909094 1.72860913080918
0.0244539263800483 0.933422546094746 1.8862166954146 3.00222048708433 1.84215807650186
0.0287499637751264 0.981853983262087 1.81083404867314 2.75972975422111 1.7920886006222
0.011285987313788 0.882229196504674 2.20241802315239 2.98714405165894 1.81024705539791
0.00772244499463168 0.958542786633369 2.01868103636185 3.09560426698326 2.0151962127274
0.0105024200394395 0.887779576909287 2.18932883345724 2.94795802504031 2.04619619010602
0.00776443401745674 0.93781602302138 2.01115413222222 3.01280437839949 1.86406603255728
0.00843485859901174 0.927994673023479 2.12086941356297 3.16364779284849 1.97417697029944
0.00807134745285217 0.914774947470996 2.12219963354602 3.19440140025929 1.91159430073276
0.0100653877325369 0.926338677129181 1.98106589187639 2.85704396452151 1.90481445232467
0.0229457849613596 0.822511807545312 2.19700653284089 3.14041756540255 1.7607342551999
0.0103064600765534 0.991285990489715 1.98737225407296 3.20906160792927 1.98370900171156
0.013983401049388 0.959431500205492 2.13107955117978 3.14168336845991 2.0654746466282
0.0176011855616228 0.926458302331537 1.92308222557976 2.75770169661774 1.75909587117139
0.00896560048068073 0.955133033114405 2.0820488876659 3.12312556420126 2.10827478455775
0.00873307586874273 0.898947315775425 2.14640871209282 3.02149862876623 1.70106656835081
0.0137588254411887 0.855441004293773 2.14051580909361 3.01679905584463 1.77306924787889
0.0460941221949235 0.926251825638496 2.27662923975164 3.07520165677301 2.10442187294653
0.0701266203219089 0.879083010570001 1.92741566061002 2.9264849344158 1.6678589283187
0.0135067154477959 0.971081629060235 1.88641577541635 2.68838217403595 1.8801692185971
0.0081241954327129 0.903529861513566 2.08911618297329 3.08696739189935 1.97985534382212
0.11324300855559 0.951262246128342 1.7718024788383 2.62362299274964 1.82939939402938
0.0121051380623755 0.917328341656927 1.97565988185031 2.85333817897802 1.94951362420262
0.00870422798582281 0.936760867090134 1.98592588536141 2.94226196025087 1.95793885052725
0.00804011987991466 0.926829010847006 2.11110454800347 3.18641183927282 1.8149975245511
0.0189137914056721 0.92907695468768 2.21291776483456 3.17612866986302 2.0306845194374
0.0181265822608636 0.927883835760726 1.91817579173884 2.83615018527256 1.74604651761393
0.0113537713021531 0.943976946163187 1.93702912935394 2.89560507480179 1.71038999368497
0.0318375706770201 0.902198337579826 2.28719215906543 3.2892311374822 2.1205547300775
0.0161826442071691 0.931778161940226 2.19567277072688 2.98404614747 1.89852319917278
0.0115408526766063 0.864474442652146 2.1767523863646 2.90182994032332 1.98807398604801
0.0142983524295805 0.85486648383391 2.22807710712827 2.93335160784485 1.96826496277708
0.038963854208331 0.841972281797824 2.05507523750437 2.87872454021835 1.87361126816088
0.0231802515983381 0.990450029616702 1.82022968120099 2.93089322426872 1.84261246765825
0.00744575310188451 0.948082500403346 2.03504215960371 2.87148208862143 1.80879444490968
0.00909426821483437 0.937954646969149 2.11945582331257 2.82963931967916 2.24355648705643
0.0090357987241465 0.900433283794361 2.15659615727871 3.04759203948016 2.09967014981352
0.00885509882999234 0.971291801681512 1.95429693048724 2.8061531693302 1.84714742932327
0.0454779169702416 0.906498688947646 2.30390800518582 3.29875354950826 2.18387768176471
0.0167866808432461 0.896808302128569 2.24347277876824 3.11162950624523 2.07814078426897
0.0186379859251626 0.839375546030476 2.25980669235854 3.02687908169812 1.75117646300215
0.0282181906486958 0.8145775126024 2.29035014852322 3.14058993848494 2.04049623766762
0.00946310582491634 0.980222934040907 2.01535684531614 2.98871107543078 1.7005179673596
0.007497207344838 0.929904886523545 2.03921421780666 3.13973145019829 1.75987537536051
0.00814011160541465 0.914552288458199 2.12496966409187 3.11974611378151 1.98677315298349
0.00768766663584356 0.913637890634499 2.07840982494569 3.07418984975441 1.96873806421771
0.103841114050731 0.899619616427207 2.35630884321604 3.28790610426323 2.20029451112562
0.0144177762562312 0.999533296826462 1.86761742367213 2.90606943934195 2.02900337554148
0.0224489068849963 0.890700313696742 2.27435320126662 2.91211926050228 1.83836458039023
0.0190491371520836 0.863166948474665 2.27604647413595 3.04703682266268 1.83229385328347
0.008907681951639 0.973535263026665 1.95393537904955 2.80984440206196 1.78041701512334
0.0158417851338469 0.864721874017297 2.25344763375378 3.1389633810061 1.78393562532705
0.00748053350008139 0.92244075118866 2.08333749684717 3.02394670355199 2.06398416932944
0.00805924671989255 0.957538149036207 2.04934953222617 2.92626829575152 2.08683555306658
0.0134780418251348 0.867343042602879 2.22938583844096 3.06018867905394 1.91445183571615
0.00779729794355411 0.921033385244959 2.10710995730034 3.13625914882351 1.89781671921937
0.00748936250630288 0.946894204807991 2.01834864156852 3.04392784896035 2.07468872168821
0.00744472835873967 0.923586054703407 2.06367875131539 3.12561030654943 1.83039356160671
0.0142978716411924 0.849517083304706 2.21020736675029 3.12288198011264 1.8221049713169
0.0105395483967678 0.968977577419858 2.07426379993034 3.13509688104891 2.13388452471529
0.0107390707194226 0.969651177281978 2.07529226062478 3.0193240188613 1.98125742502237
0.0470148910544926 0.994008629723273 1.76660115921112 3.00800641677068 1.707767896143
0.0449974983111632 0.903872908615672 2.30665725662576 3.18196477769749 1.96939451830017
0.00951370014600649 0.887490169169923 2.16431347476983 3.31687900370493 2.00404659894216
0.00977983081012236 0.914146582235028 2.01003667873773 3.04626949259356 1.71611769142206
0.013110466387508 0.974289560503023 2.08930836870586 3.03366539491598 2.04266599059472
0.0114839135021769 0.864620551200928 2.15807617002395 3.05402938586581 1.868998555599
0.0110157313190674 0.871214437315213 2.12502870424387 2.9171560521832 1.79822534762671
0.0196210020759828 0.9819335168862 1.84094862837702 2.87244274523652 1.67180536650881
0.0158016166160827 0.843051254060795 2.17563403543558 3.21169674981044 1.77508843634377
0.0115374019980958 0.938019081017286 2.15181557353601 3.06535173298292 1.82594563766499
0.00764363301310744 0.955915343681809 2.01178079583613 3.03695444964722 1.73201821580953
0.0106189697546129 0.922027190063747 1.98211650925529 2.78348744897804 1.94225513053447
0.00964290318450238 0.900309560910438 2.17083376833083 3.12289920543219 2.01129298405156
0.0112707998885298 0.926930400632473 1.96557646323038 2.75809971492091 1.80577892619927
0.458834448036905 0.710018053599359 2.38502927761084 3.20862841678676 1.6066494897004
0.00860417116858338 0.927369434271739 2.12575706688949 2.9590619664891 2.05836838406281
0.00762393122339 0.951652014553082 2.00689421321223 2.88186892788384 1.86732247057899
0.0131858429633744 0.866955991090336 2.22516300736604 3.0510746528749 2.1275888163651
0.0462096513193029 0.818309754299191 2.11186888229759 2.95894308497241 1.61236950295788
0.0161200967300465 0.931353901115263 1.922065618049 2.77059233245157 1.93427770277568
0.0679391898061598 0.970558971190463 1.77076463904624 2.65347740617516 1.57307250497632
0.00846650491081265 0.913273617972742 2.13640799560529 2.98069179313937 2.08067829336042
0.0131717664363334 0.854587519864198 2.16618651521351 3.09788859406687 1.77660198959626
0.0221995079781561 0.952455294990657 2.18473942271006 3.20698704951112 2.10937386309582
0.00828700626621215 0.970811059865468 1.98884881806002 2.91535264040766 1.95552645655463
0.0170714995390271 0.98873944002437 1.84939716255775 2.89861350081317 1.8859075674043
6.68782287455094 0.692097391136134 2.19288502088326 2.89929483651701 1.60993795035779
0.0088039950070213 0.905790466805265 2.14934621735996 3.11750439179364 1.91306294715565
0.00814820055722379 0.954538968560325 2.06158881975222 2.92660710109913 2.05499691561562
0.00964525648926824 0.892917325727412 2.06963400130669 2.92704151904609 1.6590713637101
0.0272090700095362 0.83868235349384 2.31421867088595 3.06310964393602 1.94150550120183
0.0088586117218234 0.904249901123121 2.05376399269593 2.86562049293846 1.90688994343692
0.0153439593534371 0.935974639219196 2.18414527175137 3.08783299548677 1.94087705967102
0.00856344119655667 0.952688576342712 2.07856353134093 3.14312434797339 1.99926736149769
0.105779395121447 0.799935299974985 2.42557378142214 3.16306485728007 1.97084865308848
2.70916467905584 0.802837513825672 1.94449047552341 2.74827090613787 1.69434304281243
0.0624156910182965 0.788671241752502 2.36812461820889 3.1460160554447 1.81394663290783
0.00817643684487214 0.929894839312687 2.01064424283313 2.93595055387169 1.95031195883437
0.013920084122571 0.853128591336154 2.21556263427664 3.08412587807551 1.95594949288755
0.0354714119790834 0.970311480854713 1.80905850170328 2.81348007340956 1.63223651603879
0.0229688171759628 0.897377780257929 2.26941782831031 3.21510005103248 2.10209727944801
0.0180278780782323 0.915781404719003 2.22808150817168 3.12780353651254 2.14109788641757
0.0110580825855427 0.99644598381068 1.98250298565503 2.93256489286673 1.95406712149015
0.0125292942525811 0.897220560918329 2.21207085700386 3.02284532586913 1.98501112846102
0.00818345925137015 0.96026217275995 1.97657076275779 2.91816002769396 1.78033927767909
0.0108189304383496 0.895310731223442 2.19297644398453 3.0988751187283 1.91724729330175
0.0166824959305573 0.954166385205805 1.88476775781882 2.80560739081625 1.81231686214749
0.0424842419243314 0.886036207423242 1.94139082268644 2.8673017984454 1.67019571425387
0.0081670578828854 0.967748918588618 1.98609743274092 2.90594391204663 2.04839594075119
0.00763765286442246 0.918179715912528 2.09768776605717 2.93065871677107 1.99745740410616
0.0201831880548958 0.920925406009183 2.23012982166511 3.22627200127207 2.12220915191877
0.0116753589376241 0.995961667597884 1.90368693347639 2.85436051431179 1.91060128767274
0.0107122232238466 0.913698390933254 1.99799783654824 3.02973668067561 1.81968563026489
0.0279734925373511 0.925023338803475 2.24768002966144 3.11170255110905 2.19449572304353
0.0981196401125727 0.763705453124165 2.25431544341414 3.02983499955324 1.81740661283493
0.0164361878000441 0.860232839960265 2.25772543132457 3.18772543013889 2.23205007844079
0.00831967527201936 0.969105371164717 1.97686831179003 3.01070401716308 1.88052261838693
0.00784835361231881 0.912905219797443 2.11084875992144 3.29234035376954 1.9343605857227
0.0144556477049752 0.881606766896463 2.23870731315169 3.13301398543248 1.98371736579576
0.135887287260955 0.817017710196603 2.43952519747063 3.33122284764195 1.95749292575784
0.0199645764901333 0.977011983563061 2.1239520440742 3.07183355153807 2.10549149871801
0.0157206516176225 0.843349272584155 2.17544773370649 3.02182641809161 1.89524228543249
0.00946530228383871 0.895303921911917 2.06607983632012 2.95936067138095 2.00624204555856
0.00946680029202197 0.883977788741088 2.15404036668903 3.00276700578543 1.92729662392492
0.0143519247172391 0.984193975458522 2.07317333770778 2.99449984872299 2.03342654743784
0.0142900158056065 0.853121926894929 2.22408790101058 3.08983329338306 1.99689222561661
0.0358344862447731 0.877059831881111 2.32117034339844 3.1223381753427 1.93785553307554
0.0305852756390566 0.813758456671411 2.18068746972279 2.78151607767498 1.86812939464262
0.0115883894814891 0.868442718235435 2.1225785234896 3.09159349907468 2.04687026289099
0.828187922897971 0.697012449402122 2.34373609013741 3.22873674036339 1.62787581306771
0.0129652012534591 0.85918543067099 2.13766957244168 2.73415733435255 1.91422957097279
0.188286043223046 0.948703689795223 2.30767088784807 3.27124928548501 2.18832570903973
0.0155441759294793 0.856161807140515 2.24695669053955 3.0931340426984 2.02773940282962
0.00901442142993873 0.941199154858478 2.11219535607334 3.14336492668216 2.03112539145396
0.00957911344209096 0.98751621064734 1.96748481382905 3.00515068399511 1.98968024787351
