0.00810473022959664 0.946796668269723 2.01085982025824 3.09188237209624 1.99937067456073
0.185422803158745 0.785673112485566 2.05612524424397 3.08793269980967 1.54095140245676
0.0087024733832741 0.922848350233087 2.09845644751844 3.01191223110937 1.93203944811754
0.0087987693011899 0.895752157105856 2.0680296581633 2.87378883783201 1.80982091608268
0.0103965758823397 0.865386759752393 2.13355006907604 3.15012800811443 1.80119248710165
0.00957505303790072 0.887644501813086 2.06491738807325 2.97749113813724 1.94685673311132
0.00874762289795483 0.935563564197118 2.08059723621122 3.0649801350645 2.06071057733748
0.0201068016537485 0.922163707699371 2.20109859453063 3.11245231366798 1.98147953202212
0.00826888291840159 0.913035015825718 2.09094364981887 3.03992808288508 1.80539501471583
0.0239241833920218 0.98997113502015 2.09106847562951 3.17255307892408 2.13946745739624
0.00931577608770862 0.917290898582722 2.00154128710401 2.83912725842543 1.7908102641701
0.00977228994506856 0.984040994103188 1.951240621237 2.98091720338843 1.95606660097798
0.0125594505064869 0.944925971706074 2.12102848052502 3.17926663223221 1.99785177621884
0.00920422396281609 0.950717592488459 2.06291143610372 2.94690414269054 1.88925615354509
0.0223662687218969 0.802265102589869 2.22798541613865 2.91193953561454 1.69533117253599
0.0173421574537694 0.970430695410408 2.10510899968999 3.08449815902845 2.08106496583281
0.0118882837443553 0.997693053266921 1.89501294957252 2.74846531318194 1.81750743804354
0.0928533405989985 0.754090716429891 2.43890168146351 3.18383504818159 1.85676785016865
0.0178296753042147 0.827170545180767 2.14303033349874 3.04750271670381 1.97559540456873
0.0432388204347153 0.899882992036803 1.89112582542184 2.93224312786275 1.65387745449639
0.011687016927738 0.879113296539279 2.04742047122341 2.90449713071521 1.87549278576947
0.0166399306796548 0.950869882879842 1.88037610556725 2.83663088210408 1.73110004144168
0.0164413665028928 0.951313038106151 1.88092719434157 3.02375930924009 1.73319480262919
0.0108016659156687 0.921649420333681 1.96979785764266 2.87660595976498 1.80733260504364
0.0793289522445953 0.798429006024885 2.4152867026541 3.33088270526027 2.02932657873074
0.0150051947655403 0.927827852919658 2.16730481209495 3.10030396932165 1.82348049459003
0.0150719531215061 0.836246432999866 2.1419254383765 2.97019344337294 1.86272482676561
0.130715685046271 0.756970040566896 2.16131919808318 2.81340676145604 1.55578908250208
0.00862794729621682 0.955800532660724 2.03197771442159 2.95163105419075 1.91395978044143
0.0101183646608845 0.891268841669338 2.15909986245093 2.92098468239301 1.93466128494867
0.0119014712033116 0.95384017191587 1.91261613878969 2.87474744744168 1.76869043241195
0.0184489308465928 0.908893844118487 1.93531087347387 2.83863487993132 1.64049478931383
0.0104074657613979 0.991798904344931 1.94059732786693 2.74902980369259 1.89500441319647
0.0670950130920248 0.862343561928082 1.93739535851596 2.79617084339077 1.52646348829279
0.0167207890744904 0.88080835633833 2.23396037677489 3.01268730191269 1.87220790739851
0.0131964500510068 0.971727463442288 2.07335236729214 2.78805972314389 1.98247588345182
0.0194915776599771 0.995417415312496 2.05992183714228 3.10571041220819 2.05313553300056
0.00887878066855381 0.968890908289063 1.97047512065915 3.15511272785473 1.98380198033534
0.0178951342749781 0.8721239364526 2.0118135105192 3.00397914899839 1.6878024712382
0.011278288602637 0.938174402272762 1.93889969066745 2.85217632866787 1.67185867929326
0.0101499474525996 0.919737196808726 1.98221447569603 2.90666184174263 1.70176867807563
0.00929972482960436 0.882971942725412 2.13275926933417 3.14395868452623 1.81078545789723
0.0256926216101356 0.797356851383938 2.207373069696 3.22951999423239 1.91376362472072
0.0102095364297441 0.90773887315232 2.14744241374841 3.01127176091773 1.96866350193127
0.00811915249254362 0.929545147967227 2.01902497055111 2.79178957773001 1.93626783020777
0.0188734064478232 0.82033182209281 2.16126708379685 3.06041872048436 1.7493496619262
0.0197721933580396 0.979480965857308 1.83378306487934 2.82640278483326 1.71988147880925
0.0147636713628791 0.836459914154652 2.22230599029429 3.13192124415081 1.70542754857085
0.00977680425149232 0.875658572361318 2.14518813553052 3.04725818935686 2.08321238216981
0.0154166367423735 0.860917580939269 2.05583506018119 2.97903508526052 1.6651019918459
0.0867177085438849 0.789783685045665 2.42620876343084 3.3493752005855 1.90617803548156
0.00845233673210552 0.956885832398086 2.01792274921246 2.91381198439611 1.85123483478486
0.0351018416720474 0.776196502192882 2.2680789638717 3.13602167478538 1.73447268518044
0.0104617477376715 0.866111424864579 2.12087017261399 2.80818650874382 1.77736216682006
0.0387974580756981 0.801135076419209 2.35309865923905 3.17570183552054 1.92825331414476
0.0137997899139618 0.919094540712353 1.94491171330341 2.78936270639713 1.92697952090257
0.00808037501411284 0.936684680454862 2.05037758311261 2.78511566957766 1.85169122909109
0.0102955939145815 0.867454221284759 2.15118297165113 2.99855052452839 1.88491838814551
0.0113843136673479 0.982926573242546 1.89899403024318 2.98375426007373 1.84669880221093
0.0086315188880748 0.894007488643559 2.09116572975862 2.94078636249774 1.75881323273896
0.00876664966503182 0.907360207429355 2.115815255438 2.87778580324586 1.88937021094803
0.0107284754166564 0.962471280167458 1.91908948792472 2.93069389155089 1.90684548304239
0.00902164555332783 0.970285250469342 1.99889840848334 3.01787178470354 1.96676971081586
0.0288887262666053 0.953930845795061 1.83276954970271 2.69129965966793 1.71251668767923
0.022582364468471 0.825774160828166 2.29201622318902 3.12556916187659 1.95893863694814
0.0178836178822049 0.848639981707912 2.26083093027169 3.09055200591686 1.78603932489976
0.0158197646187044 0.853481047304346 2.07299563694124 2.8528941856478 1.67900788053476
0.0282796581508605 0.904618480212614 2.25029080426202 3.0961571323439 2.0848128541892
0.0158282600008332 0.953483616730886 2.1295994137614 3.18651650810806 2.14808712393363
0.0134047128803898 0.945432726969113 2.12736672223749 3.06747403786261 1.92371072045617
0.0333714842053451 0.779209898184659 2.29251918313838 3.04233496123547 1.75712025112928
0.00923431256210268 0.946844168064693 2.07171846788782 3.01868181739296 1.94629974144079
0.0089452783989017 0.887629621579918 2.11634616993502 3.0931575901251 1.76946787051366
0.009019340955015 0.95682792094258 2.04361808826385 2.96327964273904 1.99520965708644
0.0538927212177496 0.810135605303783 2.38039240915343 3.18304783150108 1.96494095593363
0.604308298077779 0.643950054422569 2.55049171105636 3.3220956385215 1.62265566106097
0.00913535884977516 0.883289139474708 2.1089889285166 3.12599479826345 1.83760170502473
0.0213835589920643 0.805879834525581 2.25172390941523 3.01853668136358 1.62805559098906
0.0651311655274719 0.967887547249274 2.20023500178144 3.08105067660104 1.97651542472888
0.0137168513907383 0.83924458369783 2.15840971599523 3.07408550995961 1.84101471792168
0.0104497718046504 0.991678212499676 1.96079343437868 3.03882672929903 1.91200929213016
0.0103360034345533 0.985683225214216 1.9239976892058 2.86237853991676 1.87052573283137
0.0159816304031994 0.907515457191014 2.20107740425629 3.02237695011328 1.94149991077113
0.00810151670194843 0.929186987676536 2.06523916522745 3.06875307158091 1.7652472793061
0.0097138435526673 0.882053444562792 2.15016841169437 3.05795584332933 1.76622996128926
0.00880068900729296 0.958027958374601 1.96540582008437 3.07617832647609 1.91990653163426
0.206622628281461 0.742290868766539 2.17355074769797 2.99714274196659 1.49304324669929
0.0148510996781124 0.872386535702711 2.03132138290891 2.87901745624169 1.77318451474688
0.0275032390453662 0.985995154593999 2.11073911113786 3.21177213012473 2.14578740950903
0.164133327495888 0.816374028336127 2.44631017242131 3.2501098678602 2.06343062885491
0.0145889647663184 0.836298445893479 2.2180494040568 3.11311302071949 1.84140271134404
0.126711587096417 0.71600985688405 2.42223634534857 2.95923268661498 1.79595728386628
0.0194901315344318 0.983516104094355 2.08777349236433 3.10632985382201 2.02441412332046
0.0413383956770015 0.784900863290337 2.35534378891385 3.05529829987599 1.83150998440945
0.208329709486768 0.932953518796175 1.75754190147214 2.53039395213817 1.56456457525477
0.0146827418645559 0.856826950017459 2.232624429794 3.0076197759326 2.15684544216469
0.0151605153355419 0.852768074408258 2.08111210816987 3.06522583746439 1.72773829585675
0.0130758927263488 0.976565044758108 1.88029227651297 2.85322252474952 1.67900922887863
0.0192079816086323 0.967285105890808 1.84839356514304 2.84390174781418 1.79344580537095
0.0151497609535637 0.985034199058728 1.8566549961459 2.85634019829557 1.77902093484542
0.010931286172582 0.863650022498464 2.11322883850491 2.90515577118413 1.71672705812531
0.0998430943528159 0.88941721570121 1.86438209919155 2.82727601760118 1.62329147473112
0.010217651946589 0.950412716965743 2.08312011206699 2.98365550197977 1.9706788083659
0.0161782086794122 0.92898842921405 2.17257884496447 3.05838499336559 1.79171894348903
0.0153330577588221 0.996842459109438 2.02934125628839 3.07747675416775 2.06304291281228
0.304147898826739 0.67636177691707 2.47623620286949 3.24056180273053 1.78044376607586
0.00874978132332314 0.965868961725971 2.0004490372037 2.91159949464734 2.05309066918583
0.0465160348169985 0.989736583526251 1.76003313905766 2.83631219159439 1.71847244592528
0.00833218978053507 0.912070927108261 2.0428997453786 3.03267876551642 1.97021069987481
0.00840653110476267 0.900469163324262 2.07941088580698 2.97901293620106 1.87486818420011
0.0259960494474291 0.962798937147303 2.15301109414482 3.17847003234487 1.98223892885683
0.022343321716057 0.97038941174558 1.83233734473721 2.80860853198681 1.68139432425096
0.00798345645633642 0.921517674098791 2.04741462146102 2.97442154170152 1.88828945989851
0.0188954933195628 0.813289149040138 2.21233880236638 3.09775096167811 1.83535374921708
0.00946846602817353 0.880837786556089 2.09418916688206 2.96969971790183 1.73208067011012
0.0112039905182583 0.949848930129864 2.09782300207633 3.09105669795791 1.96504698208122
0.009503172397188 0.97773323792309 1.94725252386565 2.96523381402014 1.94234713164483
0.015295024315734 0.828603120832568 2.19305325915308 3.19111590609184 1.72641211849025
0.0128343884576452 0.990265191387733 2.02244732616128 2.97484808866588 1.73964962788583
0.0144316970191751 0.856197333855254 2.23011147738983 2.99171786237003 1.58827364985538
0.0505861734868535 0.883905661830997 1.91119671819506 2.8745106829338 1.67238561369487
0.0117056943268384 0.980158091694565 1.89467609293319 2.78531056626571 1.82559393602543
0.0143481191003326 0.952914464068494 2.1209852316445 2.9962389144055 2.04588672942166
0.0199768699839116 0.970581003947742 1.84150383540284 2.89958135168119 1.80185733091624
0.0157039217470725 0.873255891470539 2.23339373469056 3.25837235004715 2.05409357282232
0.107143785048921 0.728738705436582 2.43219952940844 3.22160408020032 1.65673783889896
0.0332164143902243 0.822550756699346 2.07916652883158 2.76007107366921 1.77897618489686
0.0144224990751897 0.988350018623856 2.04426595604945 3.19659697719626 2.02686249889183
0.0139550419471311 0.926085081334827 1.93239467574735 2.82197585664588 1.71219110175019
0.0468260772074676 0.809011306067603 2.0871477943251 2.99092491718565 1.84844935251928
0.0110546828514981 0.949534565407653 2.09658020669416 3.01114217078788 1.88582799317511
0.0139452488937369 0.958406187957144 2.107545580227 3.20676155442705 2.1588945328922
0.0113281004327255 0.981458251402919 1.90012640953328 2.70570016555311 1.74863219379367
0.00880585534025609 0.951850678224135 1.96780186515972 2.98465373949254 1.82773140596164
0.0112346188228248 0.986298297955599 2.0100320367797 2.88576806019506 2.04275989769131
0.00822479396496931 0.906166521915943 2.07884615563754 3.04668125709813 1.90633285843572
0.0421985664802528 0.971787496682913 1.78567332352763 2.7164643715747 1.76396096059364
0.0139328657894697 0.918275576755676 1.94529259723696 2.95213545152395 1.8330949021109
0.0108892129862245 0.965077707550719 1.91470799240647 2.75537362230534 1.92639649371793
0.00876342780914162 0.958646798018358 1.96688891200216 2.84969807543538 1.91344823060183
0.0120294392382473 0.894174148726834 2.18450671152231 3.02251548165393 2.01983490767764
0.135862109964446 0.941723666507863 2.28136127595984 3.21664100874373 2.27999337989549
0.0124849441670044 0.86395577506231 2.20559876190787 3.04138438185807 1.74827424187394
0.0611912962937152 0.961232050108002 1.77671669526906 2.56747357878946 1.84662126316413
0.0335867936120126 0.908414849410709 2.25680047593698 3.09195187481319 2.10860773422706
0.0293782824519383 0.818293051238084 2.32291116423798 3.18323880781016 1.93712958564015
0.0116851797679077 0.95454661867283 2.0943159945613 3.11216191025748 1.86738264083015
0.00810806462788959 0.941712909015828 2.00726376252635 2.88921479831217 1.89365868765923
0.0244452732079364 0.886891902855736 2.26088289103609 3.32270763848508 1.8154622122457
0.0158651777177598 0.945658119550223 1.89153762854781 2.82818655593087 1.7358213697377
0.012785445948601 0.90171514413266 2.18458444360012 3.21325762638113 1.90883065142831
0.0107929129491897 0.99441345615308 1.92485892702984 3.00220051398598 1.85364080705273
0.0326440060939344 0.787558746131257 2.20494202689618 2.94946854098683 1.61782787569084
0.0196714368807516 0.885733506822873 2.24437725081446 3.12377022829829 2.16031353619325
0.0239355841026819 0.843930480816347 2.29433275338487 3.05502343116991 1.88678719334428
0.0102281262488795 0.928608836014685 1.96652708770238 2.75501793956509 1.97685369227569
0.0296830918195186 0.866415424709941 2.29616204502089 3.05815673225791 1.93482825442984
0.0172611019999343 0.880341744715402 2.23752061077037 3.15865856809544 1.98389107872128
0.0150303971064174 0.842202153138025 2.23371651992188 3.03792996915349 1.88763460575522
0.0080934060472625 0.92323691312522 2.03172559868072 3.0478016208483 1.91264071051211
0.009329925400599 0.957881049383511 2.04954685719785 3.00605002247056 2.06869526234089
0.0194659488560679 0.812240346672264 2.24253039344415 3.08430882081575 1.77912626309638
0.0124327945934985 0.905744293624951 2.17679403305909 3.15206579859552 1.88000251494485
0.0109683588210323 0.881059401380487 2.17898294754542 3.06224033374215 1.98366583140062
0.0114891266409043 0.978212705473504 1.89851496680684 2.9704693267584 1.98700664764491
0.126325484596686 0.841676201428401 2.40869275077205 3.20211639804581 2.1658912940603
0.0377628127814882 0.793038399311657 2.34811271626375 3.2639844351825 1.74357410907715
0.0290929264029257 0.789751854305428 2.29653247902305 3.09156875170701 1.80341612445029
0.0277531998878221 0.891976929777466 1.93463837834932 2.82670839066835 1.77078868269522
0.0128544890991987 0.8831509258271 2.02374498660019 3.02996904504001 1.73616344051211
0.0455412097368177 0.847563612959716 1.99277475022358 2.72437351161507 1.70450974586759
0.0134886353182858 0.97650890267679 1.87634625328422 3.0244332566748 1.90966727705979
0.00901880298537532 0.958504598846623 1.95754325374376 2.9001941917258 1.92031169122267
0.0187306536655327 0.814340281411927 2.20424654489637 3.03243517472704 1.67867045757825
0.00800583210412492 0.940852783958765 2.02880229556921 2.97540819340402 2.00398367722533
0.03877777179105 0.775810485870074 2.23279681282938 3.01277440204891 1.63176928542541
0.0197961105259992 0.908466045840101 2.21856845593334 3.12482451079515 2.05451267579086
0.0407550259354955 0.818583618590794 2.35386061283972 3.22571437992858 1.98961639722372
0.0298945802189399 0.796301985101789 2.17976660468128 3.0677536404966 1.64924294949304
0.203999007140515 0.791359248879762 2.0365120522592 2.88637362544984 1.66236579681607
0.012646390991667 0.858016436255216 2.20693504996986 3.00017346634266 1.89139761197315
0.0113335955394699 0.896217321917959 2.01164245016248 3.16548301008008 1.77489795421867
0.0110156168683478 0.887230939412189 2.17679771419994 2.99660483506361 1.96145050587937
0.0114652185327768 0.855204474477306 2.16999107196699 3.03707332655591 1.6747386871372
0.0124512772980302 0.853474217390458 2.11668639786173 3.0598555266888 2.04398534922647
0.314686749189883 0.674533065505675 2.48431111371379 3.04372815908133 1.82123150169556
0.0439573733595709 0.766226867261721 2.26587152446261 3.11717680250632 1.80425509429372
0.0197402311970252 0.896652620473311 1.95205688592711 2.89693156741216 1.88872405404457
0.0241280675400865 0.877863873908954 2.26925591272656 3.22270241386859 1.86160386959725
0.0412505000421959 0.771247148729361 2.24665088925283 3.06635110018447 1.64919916982406
0.0178363656109022 0.824591440135968 2.25169560432443 3.07597678080804 1.91841624484713
0.0797609365700223 0.897408511723016 2.32103059812596 3.10194276851513 1.94338797319008
0.0538427653275622 0.904584217261201 1.87005338790392 2.82122525121412 1.62921605482535
0.00959411098368968 0.916808646319135 1.99686934520079 2.75391853651113 1.80986196059317
0.0103669684397591 0.991578745909405 1.94621021154294 3.04914502278761 1.86430368054297
0.00935228305330197 0.88348503383277 2.13661977523074 3.04516147035571 1.93421615792439
0.00822943329615745 0.920897618550226 2.02821296168495 2.91778687247999 1.9375703708422
0.00965191973476739 0.970927922995113 1.93654331973732 2.8828188205521 2.07232771914036
0.0117312308216861 0.95610605266227 1.91205287424466 2.8369264991778 1.76715880828663
0.0267700167966412 0.822524518739946 2.31235071416101 3.16614918061298 2.00986089370472
0.00901826205125068 0.937793842845661 2.08377318657588 3.02141291428058 1.85159174177367
0.0116285174161862 0.897947938444261 2.17646495887344 3.24606834545749 1.93244958675965
0.00993967364189274 0.986417901350239 1.96130777844344 3.04173607642072 1.69422028871811
0.00977821814659535 0.984486262322099 1.95748484572137 2.83514430507355 1.97057757704457
0.040350558387613 0.882127595350748 1.928395178439 2.84939287213072 1.76741366528937
0.054192103691353 0.811066326454344 2.06991058250657 2.8020671862172 1.62925668375371
0.0104154781509739 0.991160474127362 1.93450422655182 2.98793607875695 2.1428930449027
0.025242256448339 0.83106848899403 2.30452523828574 3.07434365356576 1.87631468019007
0.0299148303596937 0.787473694340053 2.29652278428762 3.06915311887843 1.87765238223029
0.0101308886420986 0.978192840943601 1.92468820019333 2.98694103871656 1.82332199261274
0.0119315369063081 0.867454198400891 2.19714834641432 3.24657605618759 2.04296950801991
0.022429555727503 0.802735132960902 2.21896236596884 3.05788106831578 1.77336471096869
0.00801443100294132 0.937168669230145 2.01862789425104 2.7712366911896 1.87999733210981
0.0088044816537604 0.924134314477699 2.09964296873448 3.04249274476253 2.00914691773612
0.0090478094879084 0.902469663617053 2.12759975536325 2.88478768233041 1.93778358384136
0.0816825953458074 0.734805845639512 2.36752990450492 3.19617416931507 1.63529592771844
0.0212843845444693 0.93005346191275 2.19383165140024 3.10832006557722 2.08840153452345
0.0150114507542267 0.839473890358736 2.12869595931379 3.04404198174667 1.66785979313138
0.32525235309639 0.728424337229129 2.18569562485498 2.88831432492036 1.60957801015178
0.0502859557470559 0.955569124031389 1.79540408495512 2.73940858273464 1.69377792037412
0.0430554064121794 0.999162248386099 1.75631548699867 2.82263946334421 1.84902497283513
0.012543953319877 0.953894794174977 1.90607090661586 2.77581014995283 1.94288618467685
0.00910553928706538 0.88527934370509 2.09512330889974 2.89268787264016 1.70227766494704
0.0108324150561897 0.862959248107406 2.16650310394356 3.15199660516748 1.89895567052995
0.695317006521622 0.996662471426874 2.24959747931754 3.32621027990115 2.33231414950968
0.0109193284019273 0.986581914672019 1.90855736864207 2.91389178763524 1.93268876187022
0.0111967613452684 0.940849081804297 2.11403107465742 3.05384299872848 1.91394405445626
0.0277657720723028 0.814736025588625 2.12117802010152 2.98603338603992 1.88908925237793
0.0173157188324676 0.990352283912559 1.8384357528838 2.80495476095097 1.81205277512493
0.00998582305070068 0.939263384415964 2.10012698903287 2.99372231108506 1.84345093141903
0.0139263969047572 0.962176536512402 2.0999073192904 3.15261221413013 1.75735487324886
0.00853669098838513 0.956714517252719 1.97791558801472 3.01112889483946 2.01367146306603
0.0177533616402774 0.890894441162669 1.97254110111954 2.90336918710474 1.62042750620552
0.0163948374287934 0.993449633820645 2.04655307237693 3.02480179443933 2.09440213266674
0.0243750129682276 0.922647858712171 1.89028420517909 2.7748918898175 1.92575813849822
0.0173926268383828 0.819080210729818 2.21904391469791 3.03308760662602 1.84597750737807
0.0122421404264211 0.84774898622076 2.16793655058101 3.13100759194987 1.84583227363507
0.00930835727310277 0.92220946963481 2.11412060924198 2.96542754139109 1.88171536584006
0.0212412775741188 0.856583294732448 2.27570068375753 3.12985270746913 1.85572350418807
0.0168774368184789 0.830554877947168 2.24725772695793 3.05256185861503 1.68300193069368
0.015575965177321 0.870766396543337 2.23416255951697 3.14375982133013 2.07753135966782
0.0155766069017595 0.988825098201859 2.05240435547373 3.02968255815972 1.9316492050506
0.0095008658958241 0.915892671389437 2.12590726254027 3.07931731499725 1.92965415528074
0.0315397946756118 0.788271162954488 2.3135136271205 3.17629518824772 1.77249932488448
0.0135186861057749 0.99843795104753 2.0060886834426 3.08036859666714 1.96698843138142
0.00886158790457223 0.888678254480066 2.10880763356957 2.95296151359101 1.80078153250134
0.0534158329914139 0.955971042360256 1.79136737349326 2.66134296933819 1.71620396517811
0.00958047131325315 0.956484320912676 1.94422802221277 2.78976494048216 1.76925974389169
0.0110168063229437 0.996695815817154 1.92187540435921 2.84817571391811 1.86275768888261
0.0135841487929781 0.838748202436735 2.19184768771714 3.00860710391159 1.82286667025292
0.0124822266326726 0.999918270875393 1.88486245581402 2.8216778649819 1.89755683471207
0.0159729628653623 0.834456925670317 2.1357708232663 2.85297307968203 1.71295577438166
0.203616114382579 0.85399198012443 2.41893291222118 3.29340828071175 2.17809916191003
0.0126390100859615 0.93474283283693 1.92993332648228 2.87370946941101 1.83694415104664
0.00836223296692924 0.954168959173807 1.98867980136146 2.95726403431541 1.68959904818154
0.00928729548007483 0.945201801683427 2.07616798121247 2.8548248876169 1.9533092534721
0.0127415781397385 0.915026467096001 2.16831721379153 3.09668769193832 1.94272647783364
0.00821552727591392 0.907085414914081 2.0828036436809 3.08005705200084 1.86377726874707
0.0117385547855307 0.979202370310586 2.03885302779852 3.20451946592424 2.02260626731984
0.0385030937500996 0.961786404487389 2.18110800176342 3.12955731194457 2.15521168408087
0.402954947112178 0.702405525613913 2.59138303987528 3.28752265911703 1.70548952436363
0.0110404258257992 0.98112999926566 2.02248585914156 3.08083146712584 1.94700346470772
0.0117534883923576 0.901719641726525 1.9952058419879 2.84210952927885 1.76326822618663
0.0139711689039452 0.88526512828997 2.00873734253152 2.89792692585105 1.80799781544556
0.00871897242808901 0.90803257598919 2.11374827201965 2.98552094661618 1.97585749516382
0.0512230590350373 0.756576360665782 2.32121446350784 3.10822430977249 1.99430853243081
0.0177689785030167 0.885545141951325 1.98334901750115 2.77130421589865 1.86319524876288
0.0103023398195358 0.984314002354577 1.99449388396864 2.99406291578852 1.92274209061084
0.0120671351976746 0.854761781969533 2.19227223188682 2.81630322329896 1.7027962516742
0.00913063672859915 0.974406256587459 1.98091426204065 3.00261315005802 1.81168845556259
0.0150311031416625 0.850666534864448 2.2365344148015 3.24670058169992 1.83368815533278
0.0231366653205281 0.800883474368103 2.26006513016115 3.09172651829601 1.77082721715332
0.0122564060098743 0.858264675831774 2.20010779363895 3.2033588197283 1.8941224938111
0.0104144069626473 0.913140914338722 2.14453440921746 3.0685610168146 1.98699472649843
0.143234429973177 0.737344619307419 2.48302237441952 2.95661649059923 1.61117770904176
0.0469352327326948 0.95060208100367 1.8061857468133 2.80086579175158 1.70340872152524
0.0158679394844292 0.867258348867238 2.23848360675629 3.20602852954145 1.92364094620175
0.0305420172000583 0.984793496580657 1.79363202617649 2.95374841164673 1.87562483652553
0.0115348799117672 0.940181282787207 2.11901740246539 3.13515904697936 2.09525538363229
0.00989251280509075 0.885815674353603 2.06179651774165 2.84358586065533 1.73619759449237
0.0447680499606257 0.763197919102112 2.30570652057525 3.13101587661731 1.76546917798897
0.112742566998051 0.81959292729861 2.4227910404821 3.2656066320445 2.07308941747998
0.00845978905737644 0.921890457501229 2.09171513388088 3.00067439974376 1.95299635248972
0.0106083209700468 0.864447413402566 2.1233421429335 3.05175622400248 1.8886671559124
0.0114061816472539 0.997433830570838 1.97025863009137 2.86771887807204 1.97639096778852
0.00973979119539808 0.875496912006618 2.10662882705889 2.87662698107787 1.91768822672102
0.010905506809586 0.875331770967178 2.17891328913811 2.97474299383426 1.7731147060911
0.0103331468265511 0.871042404722796 2.10070571748396 3.1851396474921 1.63723138007818
0.00967122022799612 0.878855148956285 2.09320092169212 2.91471302712862 1.84620522505623
0.0127792205029841 0.847650018405415 2.198378943293 2.99868752205818 1.77824631075729
0.0160622353174296 0.875208134084604 2.01586858893461 2.89163788893229 1.79501332929368
0.0100184214942715 0.970611125167232 1.92737374199123 2.90560764436035 2.01721987406865
0.0167791006852632 0.833826818821636 2.12819443188198 2.80529827809246 1.59030743367789
0.0287287072171697 0.992628322948017 1.79117257292314 2.76778564096108 1.88030559689891
0.018615095715911 0.852175590276716 2.26433092145077 3.03277155589694 1.94930739080991
0.00810588781746193 0.923037068756055 2.07334795725745 3.04506570149478 1.77129231975805
0.0127559755466985 0.84537576009952 2.1514888406439 3.05038110198141 1.75695669771255
0.0158593551519078 0.888201488622601 2.22178969847687 2.98828615825357 1.82923604679414
0.00850159351909091 0.939034577107816 2.06652873422033 3.04873115641999 1.83998977135019
0.00861323528603204 0.903269113264469 2.05302144344866 2.99977637157175 1.81049380219343
