0.0404004109570042 0.960467882265904 2.18460267795898 3.08445681233033 2.2134894568443
0.012403763285837 0.878737072722474 2.05858727026405 2.69414938296924 1.69478931531261
0.0165977188387461 0.897186999712571 1.97750216282391 2.70487406071943 1.69160434856975
0.0249155501292287 0.821637545969974 2.29945350804056 3.20129244859712 1.89501650392172
0.0146885357293847 0.881300135705709 2.21230066211111 3.27234081081726 2.00817091319364
0.0106282690360099 0.887453754070128 2.06953338232273 2.92133781849922 1.90202040448482
0.00928993681815487 0.946772073835716 2.00877548216151 2.99712894388637 1.99503997511781
0.0132816573270171 0.84966442200894 2.16020621356492 2.94794538836181 1.67400873329358
0.0125584762446356 0.962211248408338 2.07242299916903 3.1299903849134 2.03821103450912
0.0249250667213231 0.993673793396502 1.81256872504786 2.84126458884625 1.75172834477937
0.0237798878748689 0.830637093135494 2.29433550718983 3.00317724564892 1.9695030201609
0.00906450689329677 0.920419336569164 2.048004296174 2.96358006326317 2.00758320486067
0.00972302245776853 0.958500840805476 1.98745741209435 3.03231947982663 2.0517273989106
0.0116038582490195 0.864886958108498 2.13477176159053 3.15843992804411 1.77501688262999
0.012601811147244 0.995221691252568 1.93800682421454 2.8745003452122 1.97046172184875
0.00988686956891829 0.918290479118162 2.10875875879462 3.10242628030352 1.9779886232418
0.0124994408127974 0.984197915876035 1.91203487061967 2.80618608763121 1.95391103336658
0.00978994641270613 0.956167907775367 2.02775674941395 3.02116990666917 2.11667835595247
0.0110082944166235 0.967978815615977 2.03063045145239 3.01477612155659 2.14518408602127
0.0100936067531632 0.885774746818022 2.1020251723073 3.08853393554132 1.95849374222369
0.0448545972894992 0.769587685901459 2.32873004608317 3.14328880826013 1.69845639428969
0.0303045287783263 0.945830407274495 1.84621566652962 2.79882284682392 1.72704813069514
0.0117054407182776 0.936190914070416 2.11415135458182 3.18304105864792 1.91929214606343
0.0326109064074882 0.872090485874544 2.29844838591446 3.14679572032754 1.84839867278081
0.0303033604784363 0.829625224827037 2.0804110752684 2.78474951888396 1.81105130338915
0.0166796298627071 0.851158411124372 2.08927674104896 2.96537240118443 1.83194931591079
0.00970492421793519 0.953302764227428 1.98261209829849 2.87003631165415 1.99589792677504
0.012074927921175 0.918297987101318 1.97698666155744 3.03963739286183 1.92883250274204
0.0436198512734417 0.910059993569297 1.87758176077582 2.66998647752277 1.71351303471881
0.0151755464726518 0.925891089933406 2.1640830478115 3.01765142239319 2.11801634734554
0.0128392970470653 0.934923560247876 1.94260765526391 3.01023244840109 1.70890977848097
0.0291670657055026 0.81779643819393 2.12063887158016 3.08423219127662 1.95265620086658
0.0192681531363885 0.878572388902533 2.00136795164609 2.98954201825289 1.7534928441919
0.0679147415039763 0.759817322949236 2.23921167247373 2.86268335063447 1.59914810655165
0.0407043914411378 0.985753982336119 2.13438219285798 3.12213568580236 2.07221068570118
0.0105176100279726 0.936208842189753 1.97316210470665 2.73315177462536 1.87243419555779
0.0779484938893041 0.745871899439249 2.29510471891489 3.01685205174438 1.57297962210254
0.0150223752672957 0.992700180397385 2.01829200187226 2.96150583469092 2.14259986314651
0.0110279792053852 0.887366414367763 2.15918524876365 2.94064574294217 1.73477120288581
0.0194739931067185 0.83708031071301 2.26650755298344 3.18909741021258 1.75993314456895
0.0145838082749283 0.998458065451155 1.88504621687344 2.84743926940965 1.95917206733214
0.233917345784462 0.696904562254249 2.43853698137867 3.12626354216507 1.7008623567553
0.0111562045168556 0.972543010218796 1.93764101743283 2.84154782476209 2.091224665167
0.0538320196181329 0.78626961904943 2.38609993903443 3.09634155559872 1.80355481779116
0.0258954255066436 0.983180624792278 2.10538961471798 3.09508385652395 2.0944194143944
0.0448391327591648 0.798670714730355 2.36794245820437 3.36199843290053 1.93707147959621
0.014177619788991 0.958792283354473 2.09712753666616 3.17507206249337 2.09244784934728
0.0109024112649338 0.873511327894171 2.14266729573282 2.99785904642233 1.76133449561745
0.0101978912615562 0.893765556986541 2.13558316038538 3.04678237029986 2.05129116329035
0.0224889495942267 0.811317483284742 2.26759689742975 2.92252445623204 1.82958208548316
0.0525622136801231 0.924024497008083 2.26280565889431 3.15112891674111 2.09572012357584
0.0421444079994487 0.939103156119854 2.2250530497799 3.2060563985326 2.0096524596476
0.00914279873975025 0.934422003051176 2.05378278746829 2.96262586241208 1.81548793862814
0.0237053730531066 0.804276398809427 2.22900088495014 2.91494918280567 1.60940631636244
0.0121509036933873 0.990697218716564 1.93608480528332 2.95861797383488 1.99299125693358
0.012799986141658 0.965872386105312 1.91030858283553 2.91552320655944 1.70052262621615
0.0126734087454474 0.976080880128209 1.90765299744326 2.87408860367732 1.95656250956859
0.0267301207303359 0.977604077102765 1.81883213963106 2.88164432491252 1.85492764914481
0.00907705442667588 0.926981672601512 2.03397586330304 3.09870297840282 1.80066612307768
0.0142784378102681 0.936845460168618 2.13958662548282 3.00688772240458 2.03926446248115
0.00930456724013497 0.906724886550407 2.06670237684912 3.02251554134003 1.95776534720238
0.017067247562823 0.932918436629558 1.91301228844818 2.7626624452288 1.78551067187741
0.0341558135299454 0.897341323803836 1.91669113423708 2.83016750411044 1.72837958917505
0.0108701216604082 0.961034553623745 2.04761710908574 3.11865136110997 1.82176687188564
0.222444707524709 0.730763354618395 2.5217249915969 3.23880482648842 1.7004617857126
0.0145858259775638 0.856561799704252 2.09506591207884 2.92930713633799 1.78438645615772
0.0175061538340978 0.843682342012647 2.25057612528571 3.17551723795341 1.93056597483206
0.010670394877237 0.908451510053069 2.01636148510897 3.11566617560298 1.969383890578
0.0173240781701053 0.837329995490259 2.24550489544633 3.04703692350801 1.79135288434747
0.012080339996935 0.919572483713844 2.14479243362297 3.03058915859389 2.03669358558596
0.0129417327873984 0.936063771593777 1.9399666173589 2.87587705582483 1.67470628258823
0.00913984517411395 0.932410686449508 2.05797856929666 2.82868242626013 1.92061034549591
0.01121370924289 0.877819671524636 2.08515778790884 2.93122960084399 1.83625707216301
0.0111915718801293 0.970536612356646 1.93606723356451 3.21674504368455 2.04372898149731
0.0206726389500454 0.847389469276439 2.07140399115816 2.88473239535752 1.71779997626974
0.020620409381162 0.821085666444433 2.16295574332454 2.80612773723749 1.86986028345862
0.0149116316313844 0.847781832404963 2.1223978486472 3.0068733682106 1.7558075820533
0.0131851403421262 0.872155609004906 2.06577564305552 3.02690232551711 1.85104603200672
0.013814490048022 0.98598272287883 2.02455346833563 3.04448491858264 2.03137699381057
0.0118984597035368 0.989011294050326 1.9447196494526 2.8915057112966 2.06474224221224
0.0283528678148481 0.830674724086759 2.31508344169188 3.24761556545213 2.10521169025237
0.0200017658452384 0.823302461566048 2.1595994971995 3.0506077056493 1.8771266869693
0.00961665682671283 0.937504338433124 1.99421759268032 3.07063594884321 1.92195769849755
0.176879551881148 0.812689625831473 2.00145178770321 2.8472392015518 1.59702995893843
0.0266290515331556 0.797531674482252 2.23322969597334 2.86604458986788 2.04959393580286
0.0540607484831641 0.836525027268246 2.36811749376141 3.07019848790259 2.00346667061266
0.020089080831895 0.917676401899677 1.92185746372466 2.94756881244631 1.76680471306254
0.00969640101332612 0.946481695037926 1.98417530430035 2.90193614596069 2.08349645804897
0.0373388973134298 0.981026921607289 2.13842210975282 3.24249352858077 2.04230484594601
0.0145464996680379 0.942326923128089 2.13219986975431 2.91695384225955 2.18701987050763
0.190238162338765 0.705173388929121 2.43588271987715 2.94670919710406 1.72451469549683
0.0334378237007651 0.801634489223351 2.16035458658061 3.02474937817615 1.63322373178158
0.0176806248348635 0.863432829687129 2.24756877278807 3.17284946674446 1.87869860869898
0.0106339291670081 0.887436441647464 2.06942405814322 3.02495346099789 1.77182925391183
0.0169000301767247 0.845459814443834 2.24492557517302 3.11640350145023 2.02201693259205
0.0100247912602231 0.925223989623382 2.10278079185818 2.97200753608593 1.88435640409483
0.0109781499654045 0.913686322920362 2.00067299240131 2.84627430879635 1.84169413507749
0.0163119654047054 0.896605240215254 2.21035066996696 3.23738158560731 1.96497931736202
0.0151844291945668 0.986042965312536 1.87473947087432 2.93009370963708 1.88718303823958
0.0116297777854337 0.961402710632229 1.92989453310583 2.81594722159037 1.69829980961747
0.014065930927265 0.899609492070928 1.99154155954686 2.94312397868539 1.91631813756962
0.020497392103932 0.9558136659805 2.14189390415308 3.04106240135034 2.08242997724122
0.0138582344144245 0.867829441064881 2.06945050956585 2.82927398387154 1.96480294803725
0.0117705614826104 0.903239476601132 2.16063835174974 3.00407560168522 1.95568881932042
0.0592830944169097 0.754299990038242 2.32461800897523 3.0568268519031 1.80627390161135
0.0168559695791187 0.840330860442528 2.24206932334073 3.18170642713037 1.8181689879025
0.0150824933569701 0.841600888470752 2.14784198714202 2.91957110193572 1.62969451959927
0.0103398845412208 0.923357256292783 1.99537696328187 2.80483754168882 1.76230317108171
0.0199068550217597 0.820285599432222 2.17636055718333 3.11843274930687 1.88166951112149
0.0152987701816422 0.900720087396165 1.97940595214176 2.80209218359926 1.8149187282565
0.0413832107077958 0.893958868028724 2.29025921741802 3.1402309005819 2.14307002959233
0.0614890297458122 0.90021588373243 2.30668754679197 3.29123684750585 1.97411018400298
0.020398447260652 0.897438913151754 1.95699504862515 2.69823064703843 1.5980863249319
0.0381646746256512 0.814864001357481 2.34994643406117 3.11806504811593 1.84160974447236
0.0136839073228154 0.994315026294952 1.89677463184655 2.94062840340613 1.79830738923373
0.0110272881898372 0.95252647470994 1.94658047019383 3.01167430369386 1.78391647583179
0.0343439407250892 0.994680957825906 2.10201378452452 3.1564927124821 1.93667736652607
0.013502732229543 0.858769638721276 2.1038560079462 3.06870027366523 1.49290874117529
0.0152435912258842 0.887198446073182 2.00788241341247 2.93813118799191 1.70621059649612
0.0113257363584405 0.953898955782757 1.94027032338628 2.93547784420195 1.89117981363363
0.0165408539776708 0.942953822758682 2.14506226351633 3.01834254151536 2.02488456491759
0.0116548210275746 0.897414787564383 2.16444271128462 3.05636785129334 1.79831719116547
0.018046555360087 0.882197848488041 2.00005374162085 2.89286177711155 1.94208798085101
0.0141042868877992 0.972667893935263 2.06472383128325 3.23836794272061 1.93918272186772
0.00978592470349074 0.955876168415595 1.9795472151845 2.8855389035983 1.90618046760346
0.0224835664128716 0.82209583662582 2.14185269476694 3.08944763707594 1.7267407938842
0.012092331749906 0.980644447106479 2.01324801576671 2.98593854093004 1.82008139066917
0.0507175594869061 0.771833228848913 2.36628463405347 3.21270119583003 1.81793266095799
0.00900843950614648 0.925036356148056 2.04753421717983 3.06909770574613 1.99404709590739
0.965977910565121 0.665523043272273 2.66589065521401 3.25867483354384 1.99657705549557
0.0856946705840529 0.738055287611393 2.34273637082925 2.94897424272844 1.9003692389459
0.0113591003630321 0.931597996213241 1.96539259706105 2.77508506092914 1.96089989005518
0.0115044218631469 0.914646775425895 2.14383239060749 3.17614861110062 1.89923696182626
0.00908360515206654 0.934669219301546 2.02589155752662 3.02993426457104 1.87595004419308
0.0543021745471713 0.902534432246593 1.87740689443184 2.65555789397515 1.67128873276859
0.0105029485538322 0.917191921907489 2.0027467890473 3.08931874616093 1.8106898906602
0.0102122283811054 0.935457208066428 1.98046594760592 2.97854731870153 1.82598490256104
0.00942887334785776 0.910479852294478 2.04695858056069 3.00727837177918 2.06869718584735
0.0100001842654805 0.904288785888145 2.12539268236315 2.85646840242553 2.01684896887525
0.0124650502405695 0.885532329343442 2.18481336178784 3.01411084066896 2.00293214853994
0.014162854316868 0.989307021467863 1.88643892285362 2.90743375015476 1.91946972227466
0.0127995057875674 0.858331827671797 2.12103894654035 3.03080522418868 1.65548591917969
0.0104261110340245 0.880830629945892 2.13370347905395 3.0877588766851 1.79526842376912
0.0093024026933829 0.948319142765721 2.01303815640989 3.09796885333944 1.92048502698627
0.00900781802285022 0.923555733828535 2.05481478657901 3.03317523327939 1.71924476570253
0.0233705991557204 0.871079704723443 1.99982128408247 2.9682946589871 1.83870501558264
0.016442609961436 0.959289174710079 2.11342220732759 2.83356367538285 1.76490480581559
0.0284452095442677 0.814198062323787 2.13603160332719 2.7606497793603 1.6643588840751
0.00922708952738517 0.932399668671312 2.01642587892297 2.8689447119209 1.79932270783865
0.0107023496620795 0.965328437535146 2.03090304784362 2.92684454669922 1.79926741921468
0.118177533374041 0.881285530744394 1.87448095903947 2.74027229499225 1.59289700136372
0.0104444347974443 0.956473938534278 2.04968628516773 3.02786481422953 2.02486184955612
0.011461937089595 0.95915456589903 2.06375853068507 3.01050190197474 2.00105480702313
0.0115954088328889 0.985338609485506 1.97405047348832 2.94812537252876 1.91150806382308
0.0108138483335056 0.874752426698838 2.14107081931085 3.05228125633602 1.95316019336197
0.0125215824984647 0.878979119012194 2.05616276444695 2.91053152352735 1.67265691403575
0.0165696989577086 0.831014534740616 2.21875574796522 3.07958210802768 1.78584015216884
0.0111472438695842 0.870382755070179 2.14750078207011 2.7852908697053 1.77557946570969
0.0111942392690102 0.909232383969037 2.14567427921151 3.1119873873254 1.71082642488887
0.0136487609526448 0.847440684335563 2.18540153912128 3.1185252430333 2.17232984383651
0.0122069698285509 0.981474677488512 1.91665578222039 2.82498338790254 1.94825467556148
0.0276996693820652 0.875857573477215 2.28162109198089 3.2150761370474 1.95983727603921
0.0125798170085423 0.950817730064954 2.09742307536156 3.05798330553238 2.02996010238938
0.00952051076925574 0.922057881878028 2.09277391559847 3.20443871569488 1.85663989313142
0.020817984357017 0.850536966787329 2.06187911488249 2.88824845669538 1.71164465412313
0.0159135397899102 0.83707157698184 2.22271024753703 3.03451366935817 1.84515388876102
0.0114929342657321 0.917540300123523 2.13990552736977 3.15426916826221 1.95552173759784
0.0145703786410346 0.852681420034555 2.10882765389555 3.2758757219861 1.78693582332057
0.0126922886864999 0.996050063622899 1.94075694289933 2.74569002549221 1.89201001942569
0.0185394741252608 0.821577241054619 2.22849526929026 3.17323046447742 1.68467791679368
0.016067151598058 0.856684148610871 2.07825501496959 2.9059580493956 1.81558099261337
0.0352061673781943 0.911265382240889 1.88957597386818 2.92360240502429 1.70148040505174
0.0103669595651594 0.89139221395912 2.14116167903128 2.91554730033922 2.02646407941581
0.040742665760504 0.789159841857774 2.182315813959 2.90001774916909 1.97464187919888
0.0106800553067495 0.955318251483781 1.9515247878613 2.92007368966675 1.89378293172784
0.438474981351312 0.94034471590351 2.33802408639762 3.26883116381658 2.12441766817016
0.0248357094432765 0.875096613058715 1.98563937679898 2.87310737810057 1.64992585167849
0.0226120379636973 0.900423732892872 1.94236289186356 2.88129521928778 1.8215318330818
0.0149959529863398 0.972790244966832 2.07280850467659 3.1627948803718 1.93584564567826
0.0208255128989351 0.872336038028645 2.00773620415077 2.83493732291458 1.56436484435022
0.0486237374440076 0.76580025441602 2.33759618119208 3.0984741015185 1.78281198229151
0.0138579331197867 0.989827233162406 1.89090720011913 2.88481336307393 1.95264716076672
0.0171864106099744 0.831602729276662 2.23557360963971 3.07605905957165 1.91682153287801
0.106724132222262 0.847004616838546 1.94995268616105 2.70632107203489 1.60247753665325
0.0420844202572159 0.771074980292415 2.29871376447744 3.08449725670573 1.78199459277146
0.043811658091682 0.858845003690687 1.9781040633325 2.76246766594465 1.87234297341867
0.0164810697121109 0.830364035803737 2.18837080833672 3.12771562235174 2.00859895915468
1.15128977909357 0.944084482586982 1.67066159745419 2.7489605715409 1.54983456386641
0.0337891400694788 0.901936065499661 2.26601518265727 3.210039810991 2.08750837566444
0.0091012157544427 0.928687844358609 2.06206468352811 3.04073091463722 1.90898209793647
0.0191699092372364 0.888409635567696 2.23580254855938 3.18620374847402 2.07716236833064
0.0101378198352981 0.884804951675398 2.12192283167437 2.91109578162811 1.91093414764232
0.00953344447522983 0.89816615940913 2.08349399777034 2.93422531931964 1.93292041359326
0.0182911818903726 0.84996349786153 2.25717704700107 3.23805145605901 1.87849246289684
0.010054755259512 0.963891474664847 2.01028147971423 2.90676407717199 1.98529154844174
0.0126941766451323 0.966443725614234 1.91130372669392 2.89669143409458 1.83094280985079
0.0175847755093855 0.890549919354409 1.9849546129158 2.82988634327973 1.62516480020953
0.0154494893717363 0.933895633359851 1.92191178726937 2.72548701564971 1.70758175358375
0.0127871657093978 0.856687183945171 2.18469205957705 3.23826675711579 1.93702645008375
0.00959384855815636 0.898217252643343 2.10821761425945 3.07640129153691 1.8902189694416
0.0198346449235939 0.940062324357319 2.16742127386875 3.11094096984617 2.00512863698688
0.0092917668080933 0.935685022789693 2.06050598780013 3.05288757454265 1.86576447814788
0.0205015244730338 0.817030881125274 2.25460503972963 3.05728094682273 1.83339346940662
0.0464348538616938 0.918662334939441 2.26340002463412 3.08508583052693 1.92787487480913
0.0153367284700422 0.916798236341712 1.94969182947662 3.08966282656029 1.88020225132944
0.0141449451028736 0.857683538728953 2.21430166466622 3.08120334285279 2.07308698091219
0.0100497079062373 0.950611749376661 1.97021329211751 2.86600218249621 1.79198806529348
0.027765783883011 0.810014459268923 2.31006103873917 3.0841111894026 1.79733584300521
0.098165755842 0.903330302989366 2.32825062686505 3.30266945581519 2.13640575909825
0.0112388535534345 0.927943600520848 1.97255063612741 2.95375446629326 1.81966843746911
0.0101428259425455 0.967707115137334 1.98041602804277 2.858930723559 1.8292106863802
0.0121894951884028 0.871636407330377 2.08353953292653 2.88073954611752 1.8478798470839
0.0173006944832866 0.996548263480097 2.02848796554776 2.98540353858961 1.86914665279123
0.0167185209205107 0.920389141787463 1.9346475439764 2.83000319620339 1.65575558560925
0.0418137273459244 0.785934730812778 2.35312841434194 3.14802854540065 1.72161437443794
0.0120983204092986 0.905785304965014 2.16227305905377 3.25572526411166 1.74853868279124
0.0111157027015765 0.966570979839344 1.93773539879914 2.86109651956924 1.72534501003027
0.0151992148728083 0.971921988565373 1.88149993721093 2.82141527422957 1.88391325848982
0.0275721389517465 0.935078740054236 1.86863987688035 2.76246668519953 1.82245844656282
0.0254801997387646 0.803593416118465 2.28283918702259 3.12388400075878 1.92838313407689
0.00972815517395407 0.959865367674125 1.99397931959367 2.77716199101133 1.83290456063381
0.00928778426062982 0.9469436133457 2.02602987973604 3.03611725549197 1.92409340555323
0.0282728401909956 0.798221457294342 2.29697082964982 3.25041434393273 1.72808838113719
0.0115933205438028 0.957251685584662 2.07038444741037 3.16293098444786 2.03791768996882
0.0198034575880031 0.961477442694531 1.86203519801264 2.90185967713169 1.88740516472179
0.0550281343372473 0.760610406210128 2.35324219135598 3.13894006141638 1.47050836073927
0.00952794973994613 0.899447562093117 2.07703774906335 2.86098497540627 1.97006234636655
0.0157999381232551 0.835003658742794 2.21242715606459 3.06299794752972 2.00398836402244
0.011488478965798 0.866465581997783 2.12955834006479 2.95997244822702 1.89174304513004
0.0175190480871147 0.904678453105965 2.20825374389398 3.15623651884522 2.07045675674358
0.0559356987242806 0.990130038799499 2.14587508671963 3.15846976471201 2.14919681583463
0.0330903601004383 0.807207396065557 2.14129094295861 2.85680599812233 1.64402875300693
0.167049307768278 0.749608578313637 2.18485831135643 3.00910756203717 1.76341569549185
0.0186980025482577 0.90254946775063 2.21724240806323 3.13654413880805 2.04130403334464
0.0543034418686953 0.762641274009012 2.35802264497281 3.32593445844571 1.71709499813601
0.0119487750650123 0.975143236263378 2.02868946061535 3.04011833960882 1.95974419254525
0.0167954247538992 0.870453280636178 2.23703235938495 3.04775949033216 2.06207075484629
0.0122634200783347 0.903611508066425 2.16669968413976 2.96800820413115 2.0915979931672
0.0146102645578408 0.985229737022918 2.03643964403571 2.97499044394515 1.89105366495312
0.0373993513702927 0.778957607427263 2.25614516674964 3.22723453938422 1.7267443927789
0.0243675349218093 0.875026190508066 2.27151498539421 3.10439882111181 1.9828310127594
0.0137629548049456 0.864744230557275 2.20971749499968 3.12780698526782 2.01725211063769
0.0133892295980562 0.852013450401633 2.19311982854959 3.12372011159044 1.8341360747312
0.0102149615658514 0.968237267197156 1.97372492420345 2.78411307101173 1.90748453011228
0.0322908759281908 0.835291028458293 2.05878291529137 2.89435088473505 1.41675564190448
0.0102683926052758 0.925555193341705 2.10777167796656 3.00892813649354 1.93054466589732
0.0168481791148646 0.868867534707131 2.03885679118962 3.09080834708963 1.89781675556916
0.0242266526291115 0.99489205944672 1.81464506598668 2.86518684429329 1.68528788353555
0.011572346511118 0.921687113954129 2.13528519886774 3.06147011381561 1.98611216323757
0.0802922348965601 0.876520035756432 2.35285426140387 3.27329977828202 2.082324500251
0.0243780033932131 0.993942512453225 1.81457298957334 2.73058712434861 1.9077575741202
0.0728433339987242 0.757224888931908 2.40384197994888 3.10132879143939 1.83783203635675
0.130202108306192 0.781235118852569 2.46674441093813 3.26954138280794 1.88337457712248
0.0172483712785444 0.871630150782831 2.23944386684191 3.0700877053433 1.9733420769643
0.00921748447262892 0.94006271259769 2.04505409046455 2.89487712885952 1.73933973190847
0.0279618764511213 0.96446719280656 1.82882431106147 2.79452817418382 1.8545636250039
0.011282068496944 0.939146679754593 2.10290350602048 2.91242168080125 1.98473137269721
0.0103004187919989 0.966861313797875 2.01043881099164 2.90764025624698 2.12625441001435
0.0119058814234112 0.965036076499907 2.0563607492829 2.9229690656047 1.85846562153383
0.0279936749312291 0.794900107510918 2.2798912367933 2.86644100908155 1.76321162044045
0.0131333689671121 0.896480725344361 2.18395068786294 3.1117506273446 2.03514556755706
0.166621884773941 0.785187959421959 2.07549283234494 2.77589380800404 1.5956544906836
0.0153542103427448 0.926486945574068 1.93373285226206 2.99643462745085 1.695015374582
0.0231601228182508 0.883418083910365 2.25859832949418 3.08458172354077 1.91927682653384
0.103954861173973 0.785161053602591 2.10684269498863 3.02887470531892 1.53662164590302
0.010987698865247 0.902114500642159 2.14938006301316 3.122701986952 1.93948472665941
0.0649030382450763 0.905287103405388 2.3027769799442 3.01459594286794 2.06881618037388
0.0101116544898161 0.956425394513465 1.96628149650566 2.92536067525617 1.66796945606392
0.0135479658410275 0.989665219416793 1.89570562074158 3.04170045773369 1.75320451815399
0.00907548912397734 0.91562710566836 2.06698193045645 2.91072440896401 1.8148437169884
0.0171547446304194 0.943358408106575 1.89788883089382 2.97172580890146 1.61696339897652
0.0242736385288727 0.945870455617004 2.17440469071637 3.08757351651994 2.10614267729295
0.01332160206214 0.957356170680593 1.91119208027263 2.87966891770967 1.72815609674465
0.187534124387995 0.719476333006908 2.49370594388772 3.20380645815886 1.77166664335819
0.00964792951425831 0.954747881935984 2.02478744467638 3.01506804022513 2.02839329619456
0.140782886124239 0.72346164930701 2.45133610012426 3.29193514335546 1.7200547152761
7.12260053151435 0.893614122889079 2.51247364869803 3.27437147306646 2.34324217086721
0.0472729276917171 0.770094067564956 2.34755468506543 3.05304971138002 1.93638240701604
0.0136186591379407 0.84820436221409 2.15277677206346 3.0558998396831 1.98658268555808
0.0172501207955083 0.963292120012066 2.11028171830103 3.1668213216359 1.99296011064485
0.0990835089125415 0.947709948522736 2.25885422636955 3.32617211504671 2.21051007169848
0.0150674342965035 0.983315790470807 2.04652702669812 3.00975468998491 1.90620232100386
0.0122294070210861 0.862471936839044 2.17796800599912 2.99267304976418 1.81249670189535
0.00916368938199324 0.942331049004931 2.0203808567254 2.98274027996583 1.81341190767004
0.031673363184518 0.933421665828142 1.86095701469237 2.81634464918022 1.7480879444987
0.0335498658561122 0.990268029707094 2.11034635909819 3.05425033246681 2.14287738106998
0.017205440959072 0.842113145509452 2.11408860980487 2.73740026735702 1.73461232898866
0.062960369981382 0.751514876296655 2.33485308029641 3.03159049621679 1.77617371579258
0.0120043914456702 0.954373978167853 2.08280260986967 3.1368296992996 2.09698226923876
0.0139656810770349 0.856810227214522 2.21119524423918 2.96709654982353 1.92724377183145
0.0148441272378461 0.864319178441007 2.06826603700286 2.91855576601049 1.86730430375218
0.0178625288828242 0.832306730857278 2.24716769609274 3.04828263028601 1.96065736388796
0.0145440750390681 0.860912828170321 2.22000090842809 3.09683343317777 1.88545668779599
0.0614875969444722 0.759124752119092 2.26046577197784 3.07250733263406 1.70483563410179
0.0113338845479764 0.943886312885668 2.09476054313378 2.92829047531675 2.01464505739185
0.0197689374745057 0.937761529910404 2.17101661675858 3.08367022414887 2.05536611372991
0.0104413132938332 0.881409580792549 2.10064994328223 3.04483955704903 1.77303342270662
0.0296733654573643 0.962745120974743 2.15873352298576 2.97247794108404 2.12410218548252
0.00905540342939831 0.919254190850443 2.06779792862842 3.03731193172667 1.95360027284158
0.0600747139549058 0.757013467542323 2.2804590080909 3.00003105252707 1.69572648532962
