0.0236954018505485 0.830223933405284 2.10885462902338 3.06807782332892 1.72797308734305
0.184848036183682 0.622858064986802 2.43844714112663 3.04914078400228 1.45153466540654
0.0651211494554542 0.827344896898554 1.9682689527599 2.80498082062202 1.68638513951206
0.0189120705790528 0.941226060124726 2.06484992762888 2.92788803138734 2.02709445002383
0.0189503371635059 0.838546806376544 2.19572881450595 2.96540978703477 1.94884773638918
0.111158979961179 0.75107447315799 2.09086871122972 2.76996624327485 1.52620075771287
0.0350900080818663 0.969597261628673 1.80496890374021 2.82475134173628 1.82137769304621
0.0440720387666762 0.874568774026164 1.91521101056557 2.83182550946894 1.67663671001991
0.0575479520499724 0.830914733832462 2.42938068281742 3.17038440050347 1.98998734177467
0.155946060612859 0.758365031466383 2.59409448898314 3.33468881535053 1.93601136132073
0.0300107517656366 0.899473233872234 2.25636570664341 3.04730201082523 2.08373703148632
0.0270899851907914 0.796494015258705 2.17814152294784 3.06706925623902 1.70412640512359
0.0253463402676653 0.870584046256763 2.00039327804516 2.92596764774227 1.8790305404167
0.719538338087212 0.787696062156168 1.86694129476598 2.44212312621443 1.61020401143276
0.0314520707605992 0.781448547705052 2.37662301915094 3.21656424709092 1.86845314844025
0.0824587177254868 0.71300194062105 2.2330495577484 3.08369077596301 1.59969695498884
0.0682848873720298 0.865708749201396 1.88620759979227 2.86252916283774 1.46332408328157
0.0239891784409497 0.935923988750666 2.14864379082683 3.08460776760933 1.92524558041748
0.0430361337369775 0.82306229572897 2.40473447457114 2.98209842451624 1.96407168508043
0.0211429699105518 0.815764725203423 2.21305559252736 3.0587305842619 1.86813953546678
0.0459499490816285 0.912312355251845 2.28792918794539 3.12081185003703 2.00516714171234
0.145546908636344 0.86799903432152 1.81753044231987 2.65808581381859 1.54596110043518
0.0297203539172193 0.994299053248269 1.82202961653223 3.01125551588328 1.70148859806056
0.0233307142762381 0.985156800625021 1.89738240930914 3.14113997663082 1.68523039555999
0.0187656184795498 0.944618250504971 2.04758784972223 2.91384261598304 1.83587478660929
0.0369144142599022 0.812328132836042 2.39371874578419 3.1143057804554 1.90985785351451
0.0188066050225136 0.894714057784419 2.02372036288857 3.06228621338802 1.72525487519068
0.0242872656163213 0.792035202836921 2.26559924655783 3.07382392618924 1.64713566981674
0.0191962435194754 0.835546225917041 2.18716372573974 3.04010611143865 1.76211691611423
0.0441599590332577 0.977668447374399 1.76522516898259 2.7918791746739 1.75328314353761
2.67368433023621 0.610520582105918 2.90028360879509 3.66694453117081 1.65913582393916
0.0186128150470051 0.94922187878716 2.00832731141504 2.99435695516306 2.00217223313815
0.030344824800414 0.935069129238936 1.86523228828145 2.8401765732799 1.76080449657259
0.0174698049959474 0.868312028626516 2.15909640031117 3.09289895246594 1.8537706871259
0.0217393004245032 0.949886847742477 2.09072434381162 3.30964173830545 1.80623240733711
0.0168991198564505 0.903933727652539 2.08041380852655 2.9636852792513 1.73052660283279
0.0262484341711713 0.962546318169107 2.10185195856214 2.98688949424764 1.90060979598723
0.0208331242495225 0.884691820880211 2.21350583995897 3.1012967107477 1.92627849191207
0.166031334073006 0.80134006769368 2.55687430273602 3.22467249993709 2.13164139759225
0.0494687308051582 0.847023464008628 1.9563615948802 2.77196192901921 1.84424513584585
0.083155115321152 0.742047021808984 2.14673519242876 3.03020871146046 1.59444262549224
0.0680623816745547 0.86533027615694 1.88723870505895 2.93122872344835 1.61168295558878
0.0285099672351515 0.787264326854773 2.3517660560505 3.16904615697316 1.86978520816616
0.0184880969778983 0.84677618327727 2.19364235002152 3.146736709181 1.95072927496447
0.0219491583588479 0.868432910999672 2.24727404714508 3.18984776829166 1.85597285715562
0.0816114976462687 0.6864902332562 2.52914460861162 3.18647353125954 1.56999969764134
0.0173031101972035 0.902254934232535 2.04936592417003 3.0080595982113 1.88748520367158
0.019945992975955 0.964725933915763 1.96847317873476 3.11889411519133 1.80636255729589
0.0363838562139072 0.749777095636629 2.39110094128062 3.04865152008414 1.80186767122418
0.0251806109608576 0.789126531754006 2.29907388455034 3.0507860971611 1.69760748289439
0.438583847450597 0.698518943553282 2.72229353082788 3.49925701539842 1.87831974995239
0.0441524692087853 0.736509002042267 2.43524445005669 3.20429265292534 1.94692038810748
0.0255244619080741 0.787456780059792 2.30337250752819 3.24282846003337 1.89354602517206
0.0215567546139604 0.92164036898403 2.15623964851334 2.90420180743581 1.93150693716596
0.0245765152940217 0.997312975895797 1.9432503666526 2.8913145207147 2.02527027486172
0.0222248076263457 0.808257164367892 2.26501733545082 2.96458707786678 1.88395511404749
0.0451642549883263 0.89269075923031 2.31894756495381 3.18235545294538 2.20032505231154
0.0206251383210099 0.84208614315929 2.11573571767339 2.90666529900528 1.85261819166925
0.38455013266015 0.578859884336063 2.49493054807057 3.06597093843559 1.57468970590177
0.0641052177190272 0.858099842872639 1.90697783014781 2.79177662491467 1.57343172773424
2.29179166168244 0.916045538132838 1.57009760286835 2.49773671538487 1.3840097791196
0.0220146618648635 0.887677446464058 2.22163071461827 3.11034407590564 1.9787274610204
0.0971513693561696 0.658816508701403 2.43954543590411 3.25806827217382 1.51479918693107
0.0214190722167184 0.919515348749357 2.15912006082204 3.1520419637858 1.97887064050725
0.0409564246194944 0.735269948544198 2.40555157194743 3.31270950497984 1.7209345078283
0.030706079183131 0.813687711864297 2.09863340530686 3.07829372844863 1.57181507829421
0.0345524428497076 0.907062134658593 2.26284291998098 3.05777705577401 2.15629877273078
0.0172378294976877 0.88975859106403 2.07389037706949 2.93781179847652 1.74930313876616
0.0464570931267254 0.989479190133919 2.12478705137759 3.13948383006917 2.12347564685516
0.0254883785348665 0.785467773453246 2.28872612068498 2.99204911107457 1.75303863360648
0.0282377180440236 0.987176893093974 1.83465310879699 2.8516094670495 1.84020137609606
0.0242830384203028 0.809126485867309 2.30979752650331 3.02095961062853 1.62932236230736
0.0230748981599728 0.875557239444425 2.00831470566577 2.99886497792555 1.76840470526445
0.0515405498579424 0.739456456683902 2.47282857111451 3.13631817479463 1.93848096911693
0.0401471932855146 0.845226074233984 1.98494302227661 2.77615987400428 1.69897930379871
0.0189661392701387 0.953184574506385 2.0109075981383 2.93756061970784 1.83661308910638
0.0275268412185483 0.961083849157763 1.85343732886615 2.63669822802846 1.70182203712767
0.0199568199055986 0.939575458516507 2.09239852395075 3.07997639820306 2.07920726679989
0.0186291043046187 0.94907372252729 2.01395655458294 2.98553188500997 1.92285031428709
0.0510209525203568 0.90121527916132 2.318197807795 3.17962173997301 2.07344806846493
0.0188740306637551 0.952844030247392 1.99978788299124 3.02282096012914 2.06887383115805
0.0400532212728057 0.862587764743926 2.34948874817321 3.11541877282758 2.18920400865837
0.0252653675890699 0.916196336692185 1.92132863279861 2.70943847614349 1.60493031110629
0.0199355049108343 0.845006549287314 2.11966421757016 2.96978044296191 1.70038640021265
0.292883960621638 0.935310033468846 1.65553720557177 2.47297053167418 1.75214187992805
0.0222809155499259 0.973245824249928 1.90514738549062 2.98203831000233 2.03653995879164
0.0262166260458326 0.916206892504583 1.91487287918969 2.67072411091112 1.80128591559025
0.0223085261038308 0.840427748419695 2.09662628245544 2.80353435798597 1.79135679783096
0.0190036199935241 0.858430878136883 2.21479265846482 3.10664052270463 1.98723994276445
0.0180580742068522 0.90451722465683 2.02314879917567 2.738248738763 1.90929979925463
0.0310330936213296 0.799615776879922 2.13561111720674 3.10067343487353 1.75338193818788
0.0731098069892049 0.679949162362158 2.46521882193184 3.25295056980775 1.62108247378207
0.113684159733092 0.732700311697522 2.58197986263776 3.29516937357173 1.92869173017232
0.0180799495460484 0.866670981273114 2.18644504829756 2.99145742116846 1.83194594638361
0.025987562318297 0.865408640991772 2.28420481348234 3.10669710583911 2.03137371518804
0.0240598592257432 0.799406019918186 2.21183910303539 2.96582907070447 1.80217340337457
0.0390122494642493 0.75639735940554 2.4199080582796 3.23635390261639 1.80571999136172
0.0700614877480118 0.918926965953324 1.79158161670059 2.72910743676836 1.68960166022564
0.0495085777954514 0.719866292325864 2.31789582696201 2.93715584655851 1.60902800447033
0.0200794182492834 0.938299264217597 2.09793433655513 3.07984904033548 1.93886508195456
0.023974994127793 0.949122121491252 2.11720815248699 3.16333066470059 2.01223726893497
0.0193131783401231 0.834126055512626 2.18898650626377 3.01072780154283 1.76183085163005
0.0536624881895906 0.7090309042221 2.35053720629665 3.2114787007748 1.5506962936617
0.0180494245229966 0.892295969440769 2.04352731618661 2.94714477516214 1.82593561930611
0.184606719350703 0.699029304755646 2.1732942070611 2.92579717578226 1.69305204378705
0.0200727931371894 0.893755215993907 2.00602175191833 2.80357244239894 1.83182738667732
0.0203655812816382 0.884368203643326 2.01949878548696 2.87672135314536 1.84006136238866
0.0225339152977357 0.928967307259186 1.92668706452184 2.87524152909265 1.80629953781632
0.0175648386696674 0.863481628621966 2.13933338086808 2.87759160121918 1.90079416945597
0.024106181600877 0.795221278456114 2.23601060061473 3.10100565408374 1.89387180951886
0.0216923935087651 0.841087249459515 2.26959578488337 3.13237814409824 1.82126658152263
0.0280897857740107 0.904024874826196 2.23869513498213 3.03557922614749 1.81458275102174
0.0346339749515367 0.918060221124934 2.24344803241036 3.16900070212746 2.00989584617556
0.103428410220693 0.652592068562652 2.47544511300891 3.08469507522107 1.67336447327151
0.0186640186229867 0.932519691346252 2.08543120679279 3.17984967568519 1.90480146753204
0.0466819943095975 0.89309192457869 2.32194704833378 3.22309952050092 2.1836276754662
0.019070189309263 0.946301340565981 2.05131739851527 3.08011391359787 1.98602307047377
0.0327883529460721 0.994283471624368 2.0551315750329 2.93562361917678 2.01641174654068
0.0363427345773495 0.777136671654335 2.40845887459157 3.16808997661436 1.73883228511243
0.0256430317155326 0.862400854872917 2.28560011665674 3.1863245092575 2.01995400662661
0.0366021322466268 0.983237892150464 1.7873332775576 2.73910915539466 1.6357814146173
0.0337526711945388 0.99979370978659 2.04343500681363 3.00942250170768 2.13692989395844
0.0318467693507854 0.982056368719633 2.08592274433782 3.16136198633346 2.15040794590453
0.0341151509574325 0.895905352737114 2.27996741493103 3.17138888993324 1.9614132638244
0.0520710570041884 0.91661304328103 1.82471169560574 2.76690444995014 1.61114958546113
0.0418546265122648 0.803942787642208 2.07432576964725 2.71556559079055 1.72131796555661
0.0428338994390849 0.913630872218454 1.8510018522079 2.84609016316974 1.82985032004637
0.0550172438474037 0.812286446482263 2.01983574693975 3.0193305217625 1.76155425345782
0.0199883387378325 0.843528863828574 2.123175343665 2.93508586919687 1.70445557336647
0.0172384313550551 0.87225843505391 2.14002847125962 3.12666397967606 1.88287361334836
0.018321166582848 0.847926589195523 2.16945311050944 3.02048822489214 1.89073647783392
0.0544717042213019 0.731197670884596 2.48070614055678 3.30961162180372 1.7216136452133
0.0195848890727013 0.915240122362914 1.97963482549381 2.76761953223427 1.69431784027746
0.0192615172533252 0.843595882013323 2.22351453065564 3.20054829506469 2.00082385682847
0.0261040708991345 0.920667918868522 2.19621948432946 2.91727672542824 2.09895935776988
0.228555749437782 0.988542434613777 2.27896109274935 3.36748714221335 2.25831176647807
0.0377242178582633 0.963721604831367 2.15978784402053 3.06219161191336 2.05253211950233
0.0484460482075955 0.720288060957965 2.32416111093281 3.02770229713101 1.48519152037447
0.0252860357447912 0.90172748261292 2.22540625765409 2.89260286974248 2.17427163724262
0.0393049554397197 0.807615446346678 2.40651765634032 3.31840383836439 1.91335853596206
0.0169251456892991 0.905780516112062 2.08301952981759 3.04234189365754 1.91604061321022
0.0177333128991825 0.899514059119965 2.03919697239478 2.9515760260194 1.95757231723252
0.0346654467892656 0.844901547325898 2.00517689787727 2.65487599464759 1.61454547630293
0.0384984587730196 0.928235231177799 1.84186080994393 2.61193589904521 1.85828323856546
0.0169909598277722 0.898461149984277 2.07171871516693 3.05136210042639 1.78828767324564
0.0191221474562399 0.859782883259769 2.09379594235295 2.91596309476662 1.95593746790941
0.0614910559891 0.917987026331989 1.80560176713999 2.71036875918924 1.6645054796235
0.0267846025637435 0.9224099783084 1.90229268115407 2.73237591327758 1.78531144472344
0.0300973334406541 0.934033891162575 2.19239733931177 3.12847708545385 2.01214904219411
0.0292705635057068 0.977423420624736 1.83027272705803 2.86305795401295 1.90654887846896
0.0171725403085621 0.910616092689046 2.09326456096886 3.09117824487043 1.84909365224319
0.0327111331470681 0.902490917352087 1.90287224590725 2.73620685085793 1.76846805855448
0.0370720320195808 0.758253427322049 2.23273812864194 2.79133938098516 1.71243483671361
2.30694754065297 0.680202530916076 2.84645106679995 3.61617768990722 1.78290431969743
0.0193442729187043 0.851279864286789 2.11311079467339 2.9527230261643 1.88010101616448
0.0309477802397885 0.773005114536194 2.36702718135481 3.25803154812309 1.92921337343308
0.0203873202760365 0.950304337676897 1.93648961341821 2.78792034421224 1.85530115586129
0.029028345425332 0.889655499595321 1.94207915177702 2.8714252625109 1.70677472072361
0.03748226319962 0.740130021146547 2.36993441720888 3.04822858933956 1.74278604284477
0.0575760622611139 0.819245299908673 2.4423196700299 3.21565440150524 2.02488106175971
0.0249557705579644 0.841782366021147 2.30235274377123 3.1993070872457 1.96651231157125
0.0250873377234513 0.851193741195359 2.0438995425262 2.71802914511965 1.60418663695925
0.0192527297089464 0.953642521065996 2.02570697169022 2.9565796163545 2.01895161303279
0.143665422577861 0.887952564464506 1.78274953621963 2.59196840381472 1.68942085308194
0.0452321563312233 0.72477434685135 2.32742126300396 2.99804091226778 1.7817416098985
0.0678405893232844 0.685049457617082 2.43804321573903 3.14075041338621 1.76300145925314
0.0584059517460655 0.797609855997341 2.46482504236892 2.97109700639703 1.89249380230758
0.0175354452602606 0.918409143634751 2.08985335272544 3.18953786955224 1.97638379017392
0.0341109360363292 0.780817909855416 2.17326211905173 2.88322686110945 1.80211681658993
0.060775904437589 0.881804486173426 1.86773295741748 2.77372842659205 1.63972530629317
0.0180033366813057 0.884371905675752 2.16788624986607 3.10760274241496 1.83894814621099
0.0245756805771686 0.79516969007955 2.30083264515617 3.32605367866286 1.91694283070524
0.0539711728097582 0.976767784054688 1.74156223531567 2.83407703152118 1.82903280632891
0.0708093674265387 0.788653382938106 2.49365729413829 3.05598813831162 1.9912143947421
0.02527110148795 0.963412895259805 1.8694371192125 2.78654440887152 1.78810751519772
0.0309681030784464 0.862583619887947 1.98416507509704 2.76112659188153 1.8324411845707
0.0394000392172593 0.852885351136976 1.971296292366 2.94075266672856 1.64762947562562
0.0207428908098803 0.863475245791084 2.05869144474484 2.84495382243495 1.74663757084439
0.0360471482345836 0.755454313332624 2.39714860953253 2.92048728775941 1.80819165145774
0.01720748538821 0.917392533782901 2.04267733301991 2.99259903551313 1.91444947214433
0.0189811805024269 0.882084496119285 2.04452819815746 2.94253945842684 1.82010275132969
0.0336126462546165 0.909519865063531 2.25488708913194 3.02002031389814 2.16695289547202
0.0202323505769418 0.967847196521542 1.96929575593814 2.82553733047031 1.87797341813057
0.0225832880610538 0.827011977380933 2.13161331612597 2.9651555122355 1.76718286529577
0.0236207995038629 0.801262138933491 2.29050926018206 3.1656437546802 1.91752348969396
0.551381602192135 0.831810431562746 1.79561165656259 2.54237791247623 1.47812302483379
0.0931035276829197 0.828982179842849 1.93055795301058 2.84439912343897 1.62456306159865
0.0182552837054995 0.907896236537521 2.0137857973365 2.93197447000612 1.71426976757101
1.34299402192224 0.512645467459043 2.77618253744202 3.28250698790127 1.42498356103405
0.019365202696611 0.953879206895103 2.02924221750279 3.01317749934872 2.04665259494343
0.0525506820607927 0.855822343980179 1.93192117873985 2.74106726401371 1.75172125956739
0.024330011100756 0.80616129082946 2.17781106201718 2.89931266494071 1.79651168286174
0.0181534790323636 0.87280801994853 2.18423560061383 3.00478085468828 1.86588418997742
0.0180177384436878 0.883901381310555 2.16884403434146 3.02974441312916 1.88163283816755
0.041278853377071 0.81061220144953 2.05984514703302 3.03674576824191 1.64239879964778
0.0419300082829825 0.928688444422381 2.24737707781296 3.1277140820587 2.02037952960365
0.0197016529205509 0.830959037847576 2.18354263564416 2.94950749572715 1.73890848758749
0.0286946003394079 0.821784810688619 2.08999528800825 2.86658388410145 1.6821063562537
0.0178811461606859 0.858703074705867 2.13721687852316 2.83807215045382 1.94480517553708
0.20602355559291 0.621435679181593 2.41843457482191 3.12827722563586 1.58043307834563
0.0238016044800004 0.822364770870909 2.13044047421129 2.91253940802737 1.77507839513484
0.0259905848865613 0.941961528190385 2.15062413353314 2.98910653111148 2.06264804769365
0.0340871577234731 0.803635194558801 2.38729015480358 3.30502174972352 1.88023060979366
0.0683678945243429 0.957506583825264 1.73894065100896 2.76174713962113 1.84189295187082
0.0488129599983393 0.832231780956889 1.98916827822019 2.96212018068349 1.76322446641733
0.0519693961709349 0.713137757260648 2.33799444015538 2.99925912850195 1.77541693261751
0.026917927365475 0.778351115455809 2.30445100256574 3.05042744900012 1.56709218348433
0.0223149008495393 0.968600917014253 2.04029276750917 3.03877879183822 2.07677867922659
0.234145796496372 0.634098738969498 2.34277372396912 2.816404388966 1.378488401949
0.0739055487736406 0.693399677484035 2.51470745630419 3.24996962845696 1.70502180202085
0.0476602678319981 0.819316775299928 2.02075549325738 2.80361318950637 1.71688725433586
0.0398850554219363 0.791049577238386 2.11492826118321 2.91901408095371 1.73077583051602
0.0180814459776263 0.871119705358708 2.18366427999223 3.01573283307404 1.77977139142914
0.0175630976377374 0.914633458899762 2.02509311061487 2.95901543900044 1.79660532474043
0.0185178938977031 0.912541787914801 2.00197725902213 2.98577983629078 1.92001497964099
0.103405992071649 0.91629685797303 2.35772099643905 3.25387107472003 2.17326653989274
0.0321210107562253 0.966744278336683 1.82142149867578 2.84817076198078 1.80982619529837
0.0247144369319658 0.87610308227922 1.99399533851052 2.78879442011026 1.98868860584253
0.178492193024311 0.619349171493082 2.47377113085883 3.09515605095392 1.36414022235481
0.0243611071193856 0.951984677670008 1.88596496262336 2.87357690133498 1.84985339163395
0.0237203214067734 0.875641020647701 2.25408929326729 3.04448372616116 2.01150642578262
0.116049639350943 0.647882150889216 2.53779381214667 3.1422419713552 1.65018655738553
0.0174778206157035 0.921674581597093 2.07711905601719 3.1309976564882 1.80647653141336
0.0230571951630912 0.978695539189278 1.89470568892231 2.75911248638896 1.9634134366906
0.0369575352710363 0.755140287499295 2.40451887726077 3.30519506195826 1.918774069767
0.0190600206438914 0.858410114746116 2.09883791676492 2.93274102198321 1.92360940017827
0.0443017156975238 0.771846850619573 2.44475819801466 3.08634356589027 1.98320878945533
0.0339293888523261 0.863756559543634 2.326812053665 3.05672390109039 1.95163464182077
0.0209895686978239 0.956719472844565 1.92446939709135 2.92565242806634 1.99072076295653
0.0204881148868885 0.948002720978543 1.93545952416036 2.85734622295414 1.91441353406122
0.0209677221930558 0.826676928589643 2.16077541209999 2.91809280396746 1.88280997515946
0.0175714123779468 0.906041302168009 2.12063983442185 2.89264634654796 2.08640104006249
0.0220859297111811 0.921674923029948 1.94034862259086 3.02561308201001 1.59029877245241
0.0830409034555066 0.739878160393954 2.15283617906879 2.88088326460494 1.71654552975759
0.0183628844678186 0.862981272918148 2.103107733929 3.17666352737756 1.78023559652537
0.0253443914700047 0.790522003240135 2.22994453652664 3.15086482569542 1.84028999515072
0.054281871720051 0.911455704258174 1.82853326065459 2.63911653597761 1.66661770050233
0.0337585654413108 0.963013314527764 1.81708077699203 2.8165065549206 1.71192773641904
0.0173193619083582 0.869497816982898 2.13456624024049 3.07164811568847 1.73070834610868
0.0483810738739724 0.886959025046708 2.33549668881226 3.07491988991494 1.95678144525722
0.0276901181192254 0.809147972301425 2.13209710807109 2.81658665009223 1.77591042412687
0.210396851129029 0.849062990060701 1.82582884112347 2.75914132835709 1.57173406961138
0.202992500882622 0.923896226220243 1.69805460737981 2.53944750201244 1.597021590208
0.0253946613431805 0.84670391008919 2.05189849105489 2.87900490649403 1.69294555170577
0.0179188697843201 0.89717851138692 2.03811958092351 2.81615562800974 1.88348714654754
0.0419867288925377 0.960400089336225 1.78961849667047 2.72105830539152 1.79168332250072
0.0500701808247346 0.757181336151875 2.17493426401154 2.96817651183046 1.59657351294966
0.0206632418311069 0.94655956077965 1.93324403834895 2.8683888833705 1.69173417407739
0.029613914968945 0.894102709683267 2.26325056980153 3.00621634729671 1.98559311952641
0.043256739384933 0.862934824515325 1.93971816987423 2.92728299656758 1.66370421509577
0.110438423178214 0.670863487670267 2.33234520097393 3.03088271665064 1.5942296758236
0.110114498742452 0.722427634699504 2.58302125225922 3.29262973162552 1.87343082099071
0.0399404697289818 0.921011360221343 2.25600854016536 3.3456198368304 2.13975852081964
0.0281091793919568 0.90719759475666 1.91737486252927 2.73493396902148 1.66913093990302
0.901323725650126 0.870413779691931 1.69578397500246 2.37272343768862 1.4911352508985
0.0434287269168658 0.73137155882025 2.42040901340993 3.13718252707092 1.76800098880101
0.26140911038468 0.651153179737079 2.69163110453462 3.29467901055684 1.65147249259661
0.0200428997964978 0.959450527982406 2.02683704012364 3.05778867781048 1.86694087576271
0.0194560046611784 0.855234227891318 2.22598293166863 3.13730165339403 1.81098281453788
0.0171439831393892 0.875418465223683 2.12616866436344 2.88972983959773 1.75706092077282
0.160762863729588 0.674430004947142 2.63519917062938 3.31049054067321 1.74886745327582
0.0253887590964484 0.845615008470165 2.05449752953787 3.07873494681129 1.7250164028098
0.0187606493761429 0.913502366183081 1.99593262356445 3.06799581721427 1.82994919165201
0.0263660073334498 0.860023745450153 2.29336256660327 2.96547497813848 2.15864437822946
0.0320400128499416 0.951561184557627 2.16398411667077 3.02901056274058 2.01759617820621
0.0776860612233135 0.85056636695132 2.43407642682004 3.43333552458933 2.14917798531224
0.0442034730336814 0.928000094507361 2.25487233829469 3.34881628371191 1.87100216698388
0.0227486392705856 0.951003095994121 2.09989531854787 2.85398548392852 1.83271393928428
0.176788773744074 0.791893426386493 2.57202525018127 3.37332689197089 1.95027934342352
0.0176888604909612 0.911703774438427 2.02376144326249 3.12006023592582 1.80745226705311
0.0323018331921807 0.83396531657079 2.04008464030444 2.92813893354446 1.84150215964654
0.0556051473858854 0.717673215258543 2.29251944983137 2.99825802073302 1.57389130098194
0.0370831934914586 0.855027396714278 1.97465867452714 3.12211472538736 1.47041809453276
0.0175744912208204 0.891872469304934 2.05718509991828 2.92440478474695 1.54282458516623
0.047801591174781 0.745850118215142 2.21941741426493 3.00908271764465 1.75871832890086
0.0192215339746802 0.902205255361798 2.16367051777903 3.02098041934776 2.04841790697805
0.0427121659137145 0.729104206221925 2.40461457526502 3.13152909484432 1.74351579752563
0.0264141272620943 0.849813457300976 2.30528135407775 3.0405316771361 1.897552003928
0.0252551598073939 0.796515368364269 2.20225880659142 2.91491980724564 1.72088340423861
0.0209182265343933 0.888166712727086 2.00566618224977 2.65125290650151 1.84294570977627
0.0302771393984157 0.928329699674656 2.20487484598132 3.30426054855679 2.11761645572608
0.0380980248746495 0.984960561410096 1.7798892329677 2.88837418528756 1.76578675607237
0.0188638029173065 0.931749857741303 2.09235630288087 3.0454437140447 1.93905800951512
0.0207718421737859 0.827515539155493 2.2551806162272 3.01665446646583 1.81712378286414
0.0187467622789659 0.902296527092558 2.01221390315152 2.88262256959214 1.81995673263058
0.0172355209905675 0.872568011764851 2.12687934169502 3.07899572172677 1.81687734157398
1.36307197324611 0.599641446687942 2.25474008006128 2.63018640755805 1.33678715197113
0.0606790570123943 0.713329355191214 2.28910415846577 3.00048206408644 1.5583089807105
0.0246415665560397 0.958365406634776 2.09930720344824 2.93897139023755 2.00845424745208
0.171329903072735 0.994962187294676 1.61380415362397 2.55953291152937 1.56075614455746
1.48418670331372 0.501940433308754 2.65616878073347 3.17181005533033 1.21928526382316
0.0195153869332915 0.959453629699861 2.00280657090642 3.0932883539499 1.806270761408
0.0288378953394631 0.969067324579156 1.83843715007423 2.90506179743361 1.9029462315925
0.0212464735940586 0.845947432768842 2.09545049994779 2.82571716850858 1.9720623138859
0.0998590077518062 0.808465665572669 2.50720606942941 3.32276398663699 1.93646120649915
0.0338499052810343 0.856012810738316 1.98491987446504 2.7808653673132 1.75510195074253
0.0508260020775257 0.853077391790683 2.38909768541076 3.09760306460672 2.12001020159679
0.0201795406996324 0.918014679325327 1.96742308668529 2.90973447643673 1.7716815723799
0.0219313611694251 0.831982767851298 2.12556720699933 2.9427411741892 1.75589073191053
0.0235003173387722 0.920895461650004 1.92829131527447 2.96636277863971 1.5772499429418
