0.0204073582417629 0.863042856436752 2.29154383749331 3.27243819786502 1.86696225180421
0.00911132991681181 0.89005942273668 2.16108232462252 3.00610109790459 1.8660863277353
0.0298847444453748 0.879670200633994 2.30662412955703 3.18341050581187 1.88593465844515
0.0110767004091345 0.941169385332644 2.12952282563686 3.07579238758631 2.07887122882699
0.00835524596145707 0.967101250022837 2.00179470132527 2.81402038969699 1.89788982552471
0.0200763627506258 0.96633656911422 2.13245422473565 3.22929881603259 2.01812028433057
0.239339511746404 0.875065883412574 1.88285175847128 2.70083427405784 1.60619575986138
0.0119682044219001 0.865519587335168 2.11602766326903 2.83717837753936 1.88284185285641
0.022719443905489 0.837092937375314 2.31189128910201 3.16766899672769 1.82738286319152
0.00882251776144308 0.914491658101493 2.1395615134288 3.12668844095964 1.87100349497181
0.0302631529045207 0.983800541626024 2.12142336561794 3.07980050564133 2.08872490274949
0.0154663674973453 0.99645881262512 1.84819368386742 2.66199416698652 1.90477272652163
0.0213187829285952 0.994358520475121 2.06657662096629 3.02223235307754 1.97718173665064
0.0394735348942747 0.979035701946256 2.15031346923429 3.16623560609858 2.21304787727958
0.0125514283688118 0.925869575393444 1.95599733802131 2.86544696143936 1.68156045281472
0.00933923521224896 0.982119547753784 1.95152378180287 3.04287508134466 1.95760343347433
0.00829546024204214 0.901594595047891 2.08125401759162 2.85513785442174 1.80321673947263
0.0103060088836963 0.992503948339984 1.9549088568911 3.06356618525822 1.76343798329098
0.0099964877402789 0.967287749509404 1.92619510411076 2.87466288922863 1.8140210612458
0.0160810099968481 0.871634954938315 2.26152390030045 3.26325419188791 1.96306398997734
0.0405834815094124 0.993756789746433 2.11614845942627 3.18960790141129 2.10575071191926
0.0186792580393135 0.990362236578673 2.06567284284243 3.22612173087585 2.01112074316976
0.00842388218220333 0.917960927798257 2.12532843961085 3.03473230620325 2.09615170996905
0.0143828750759241 0.862629860145543 2.09406546685298 2.77302102697801 1.78990729740967
0.0426654626291851 0.84223029631968 2.36557693973683 3.04689620035044 2.03899000469665
0.00853915908543566 0.946057316839326 1.97709493888264 2.7359454768166 1.97964295896344
0.0324537942836054 0.901892132388951 1.92792148268564 2.91802387066423 1.75992075514608
0.0084695955553064 0.968124679795476 2.00566282330119 2.95706244829579 2.04455803804289
0.0302206620161182 0.998531437324658 1.78403154225521 2.68462232131485 1.77320991179015
0.0120889568701493 0.892159517785093 2.21172384181579 3.14048435206322 2.04754718508961
0.0109148065833502 0.997990410621098 1.9317902149865 3.01071496847282 2.06245848007411
0.00877006754506779 0.904310047980476 2.05478421285102 2.81944590621393 1.6175644428776
0.0113401043302893 0.991921923708276 1.89784889261626 2.96884681703476 1.90731786440712
0.00805029723482136 0.953098603998944 1.98718485430285 2.92899942878036 1.85579412021535
0.0169064722526031 0.969279097795837 1.86185081665174 2.68345065065272 1.85253191125118
0.0103341301093794 0.872272185275049 2.1272190947926 3.01314029903687 1.89992928845833
0.0209026271296645 0.998890836184907 1.81473492562159 2.78735940657624 1.88888923565822
0.00929595282179973 0.880282311047502 2.1489279247043 2.90937033800586 2.04017124562157
0.0157711130234711 0.963701238188161 2.11782940477544 2.93513917096572 1.96031475806483
0.0155153194687518 0.845960997836662 2.14273442400418 2.90024445704855 1.91989244810791
0.00959764391227072 0.976057904686643 2.01727951292786 2.99296886974246 1.9888086785184
0.0077717529705823 0.936728674749068 2.01613211431348 3.03761690345484 1.8709483704513
0.042987558662319 0.871577515042175 1.97582862619416 2.78978977759005 1.83536406217245
0.00777377665823268 0.910881921781329 2.09389386557984 3.08161518044714 1.96075510425032
0.0359680492904621 0.791205517798197 2.32188603446563 3.09232688920917 1.71592764460887
0.0155467602160909 0.844050119627559 2.1507651828591 3.04278767537965 1.79373030618035
0.017561620870789 0.981749298369864 1.84493755633148 2.78391002526747 1.91945137038867
0.0141498642845114 0.922433425776555 1.95050333634248 2.98247854039007 1.74573500171451
0.00899409759123967 0.884616711287354 2.14296946369631 3.0987039482963 1.84063305427731
0.0136699889567535 0.965086021789484 1.88744267672823 2.97930398033612 1.91290836034807
0.0138210327362619 0.904709175675606 1.98879074109885 2.94779256928441 1.75958724348744
0.0265798272346555 0.921855093809281 1.90198104991954 2.6874505304052 1.70605059413004
0.00805997588933954 0.902380233772773 2.09794736896749 2.93136401612296 1.95837547620104
0.00886102067555375 0.894082077374118 2.15337366163126 2.91020761369581 1.90866307588807
0.0165001257057876 0.975946095371018 1.85664016468694 2.91933004258458 1.78258785654774
0.0108859460172382 0.917467463819089 2.16820728728131 3.16675077691034 2.22123249679051
0.00920694534420443 0.902561615022077 2.15990601683988 3.01618830007385 1.91976761107039
0.01208700263398 0.941635780561549 2.13865382369508 3.10353548235038 2.23282751182621
0.00830715880069839 0.928221626133999 2.01132829139842 2.95474137668982 1.80843311749528
0.014541825740655 0.943883271568456 1.91074002097474 2.89522394299244 1.89575323047717
0.00804715527800684 0.904758459737273 2.11650541516907 3.00667936658361 1.88675627436098
0.00813713501401296 0.963344097029348 2.00119892990443 3.13247730018589 1.96225229860162
0.0150588414805339 0.866671721174074 2.07536054993103 3.05890894150261 1.63626517195318
0.0313243436276359 0.808888808122931 2.33907762486868 2.92770905453162 1.86185802246823
0.0213587841925234 0.829160537872315 2.30045126954726 3.23860475443606 1.74151101782837
0.0155589988664375 0.839954845146817 2.25036014034404 3.04599077760728 1.95013854028386
0.0109198569071453 0.942530224049077 2.12506612059966 3.02453595615426 1.87943053533177
0.036570960520387 0.80513561429896 2.17822530591012 2.99057768960518 1.71288109017478
0.0197417086587965 0.980220270733193 1.83595318241634 2.86879693230972 1.7837577436836
0.00758860725059226 0.922756599756671 2.05716417095547 3.15142223662401 2.04256803152512
0.0251709157753258 0.867700846654867 2.30606257263952 2.99989058263854 1.95981955001504
0.00767035212588735 0.940391290299597 2.01753836943596 2.93062419283713 1.96324202787371
0.0152917994216406 0.997891784793121 1.84916354973977 2.75395116641904 1.69723515771154
0.0126831967754968 0.922571261124556 2.17781843583997 3.07325166775011 2.10221654630929
0.0200158036821554 0.999986169439719 2.04444976968718 2.95829894122334 1.95317743219036
0.00978084997895773 0.97404133045566 1.92710958193741 2.91834841437029 1.67770520639863
0.0141533425626121 0.934077266890347 2.16894226462371 3.13197086759734 2.04770555808045
0.0107876207306848 0.987913480837659 1.9070957820642 2.92272045922882 2.07839229120072
0.00760289737801942 0.921419350600345 2.08287897568378 2.95492218215983 2.03240313485433
0.0112358867838884 0.979372465332519 2.03724470273982 2.97490147339905 1.94057602107158
0.0122897440163507 0.854138570456032 2.16744473842979 3.09358889872388 1.70990049329103
0.0105151346748187 0.993887912907814 1.95704238654224 2.98287908280194 1.99245178348489
0.00963815385544235 0.955876196902382 2.07799621825402 3.13411951051221 1.87756797779013
0.0197794163077447 0.820845919929522 2.22617869324533 3.0643782409074 1.79996639107185
0.0441720140690028 0.78859755158362 2.36131365352087 3.27486939547931 1.81959586283304
0.0138536037476404 0.896283593670831 2.22316256583423 3.10135337670742 2.0299841185394
0.010908846782688 0.949237270226435 1.93352790353821 2.83022167069612 1.87343262525945
0.022077942587163 0.868484048118887 2.03127455642409 2.7448176951679 1.78048291180268
0.184647236123201 0.787343565883517 2.4857784061479 3.47527807840193 1.91392044820626
0.011060441085509 0.955921832011731 2.0977483792122 3.01705795376273 1.97031580885459
0.0207836547732613 0.86070701393437 2.29480894464282 2.96723144248584 1.94753422824076
0.0141134156894478 0.869496972137099 2.07533403890666 2.94489950513978 1.79161531612873
0.00835824625287834 0.927230263483714 2.11049728675963 3.03375614899575 1.80326203611064
0.00864477221859589 0.964344898507994 2.03047522102696 2.9240103458077 2.05488340553019
0.00850956334100988 0.965865843500426 1.96619563652576 2.82558162259575 1.80103794820645
0.267784574034129 0.839387712487431 2.46708898965181 3.42719714866587 2.08824960190836
0.0085917882609731 0.949179640233063 2.07259106877191 3.07266693274809 1.85241416533705
0.0116599024102252 0.894738053525976 2.20462590735446 3.05881160243095 1.83871888036638
0.0199522398149633 0.832339579625555 2.29208938975408 2.95750761373883 2.04855326767093
0.0171341018640021 0.85006587986456 2.27673631911874 3.08668124518454 1.85125639462726
0.0332244821754943 0.878707439187647 2.31495122934816 3.12709477881267 2.02749940622773
0.0338945984446635 0.837589793166612 2.35069674941959 3.12763447729063 1.978466618701
0.014875075657534 0.960106325879835 2.12056958427729 3.10061756208799 2.00826055769468
0.0316441066475143 0.807012865200996 2.19086910015878 2.94917148183541 1.79911027013271
0.0131884445949119 0.847383994435739 2.19020451269969 3.07774071328548 1.92291404020348
0.0157421296085057 0.930033481715626 2.18583249077519 3.16600589767991 2.14443958997783
0.0143691729806757 0.912702407279609 2.20541548927626 3.18398018276803 1.92108436749279
0.0100812984945805 0.886348919049846 2.18671231977519 2.99366275354641 1.72296578202164
0.0092114947368257 0.979375354620645 1.94965885039966 2.89328612068393 1.78045175399947
0.0299070171141665 0.904449295304608 2.27455162760439 3.12938422342214 1.84817936766231
0.0107706500855933 0.946821797031918 1.93857674869105 2.82937222740926 1.79822544942299
0.0126360740636527 0.865230615105899 2.10622763143213 3.03367752826856 1.78114993482133
0.00806808783458766 0.961837213776974 1.99831691821652 2.89078288620578 1.96890448261883
0.0291980869291085 0.998998144031257 2.0794213570526 3.10890288871513 2.01268784224088
0.00865986309011212 0.897052363782803 2.14628805820063 3.03854035829459 1.91162938400526
0.00922406756034043 0.8853027191757 2.16157534325166 2.9909006648611 1.83444090826717
0.0126471875824683 0.859341216282551 2.22775535475013 3.17036409371503 1.97638726811869
0.00869809527064155 0.969441371984796 2.01260937843126 3.00223852522661 1.94196941451741
0.0135547496829181 0.873053353347443 2.2400981887217 2.99513923403883 1.79984606323114
0.0101295781611693 0.956993795977405 1.93377423334834 2.82320863945218 1.85180435715031
0.0104565141887175 0.993574012050959 1.93036647620746 3.01479844437644 1.95883349116628
0.0085175999366828 0.901301607561142 2.07216514873161 2.85967341492414 1.91007772062854
0.0217322058430444 0.939379773668847 2.19453210336576 3.22218190935515 2.07941981029187
0.0908902409346592 0.786728835739173 2.15336154103249 3.09599160239418 1.67663651595232
0.00771418812207292 0.915211295087299 2.0943091534813 3.06010238224413 1.91976117322258
0.00897932062961149 0.919985445966962 2.01201564458262 2.9633023103191 1.89497482926278
0.012347488359005 0.855887652425811 2.15301666052504 2.95975256656903 1.99592863250177
0.00892832776844741 0.885296741897772 2.13174045721496 3.0358403907967 1.70139911208036
0.0785479013671214 0.911111563598769 1.86035002950202 2.86189017887256 1.58281613951235
0.020104806938498 0.844413625485201 2.10928920412939 2.99180548900043 1.77284203215819
0.0081500413551843 0.922222089306826 2.0283437155458 3.02641213838922 2.00113580991425
0.00875553402462648 0.971941654664426 1.95997677149839 3.12526288509912 1.95875386085497
0.0143574017705974 0.854353917922386 2.25015023443625 2.96095564638808 1.71745843721702
0.0196377942050712 0.888330615948255 2.26481753752124 3.02826997892801 2.01122451208893
0.010765505947205 0.869373442251485 2.12737954287639 2.87386003594184 1.79117976838206
0.0151859259530281 0.882833730917937 2.03038692131514 2.99992660078416 1.76284951780986
0.132325862327153 0.963842551996666 1.74317420404537 2.75552382194865 1.70841520101023
0.139881884611346 0.757535759527477 2.22123711732983 2.93891341011567 1.54725250898026
0.0102189783528257 0.877082274334898 2.18812414220833 3.11799878444564 1.97833867241681
0.0113849479647559 0.987750937877166 2.01131021640482 3.10663428387746 2.03748665864622
0.195952361112028 0.934490129271485 2.32086614494572 3.34693466765208 2.11119150715824
0.00918494621420735 0.980956100405753 1.96544514581752 2.97120073295417 1.95833396541528
0.0146232146575656 0.982760679303839 1.86275728030914 2.8769302522364 2.02229266978144
0.0120747751204155 0.854518686152248 2.17710593604458 3.08517708876519 1.98888702085509
0.154610609821994 0.915807803844277 2.34281725545377 3.52717520226124 2.23958075571586
0.0110489714136993 0.967141347476931 2.06983620699938 3.011639192094 1.96056703906477
0.0121467433714294 0.927907692106952 1.95573956086527 2.99478116261953 1.88183936418015
0.00845474281330337 0.969786544535205 1.99015441010931 2.89668853653208 1.90229259674062
0.00809561645037512 0.929359628500036 2.01563403975445 2.98026268337213 1.85942671077788
0.00775654379138875 0.943093211966595 2.05688113304721 3.06430115364032 2.04028028488768
0.0084061196347346 0.916224056966394 2.03412969629238 3.04824549477921 1.93529307145719
0.0414848704564662 0.988769580803582 2.13003134852723 3.02666435781317 2.07467647824728
0.0101322906667802 0.975660207951453 1.91940541662643 2.87756073152789 1.94314316004867
0.0180080798430336 0.86768787729067 2.27611863133481 3.18468167770244 2.04492349365506
0.00827531976352596 0.922383934151954 2.11531168824673 2.8425449886631 1.83968468561508
0.111455453759789 0.971060281658836 1.74045157385426 2.59129580499527 1.84826171517698
0.019262208416692 0.850870264581466 2.29133179213395 3.10189340295377 1.8371079058776
0.00916356950385859 0.881943954246948 2.13614450398619 3.01613868705747 1.86601636030543
0.00779200241879853 0.910230051819393 2.09521461878216 3.23493128621948 1.81621298075067
0.0109529415126449 0.942338712463197 1.94318644504419 2.7773355580813 1.99492713046226
0.0346227267894268 0.807019250424927 2.1777401344301 2.86905501945063 1.8611152492761
0.0377850007730354 0.787277949655594 2.30907968023572 3.00617613032162 1.6951209080967
0.0423835322156929 0.784172206179403 2.2657675892782 3.00063580873524 1.87392297838403
0.00793477312129289 0.908939712745003 2.07523141871752 3.09418727175362 1.89233406170876
0.0897184240887427 0.819133013883882 2.42862982240359 3.23816505713799 1.92986762251749
0.00984092573032242 0.981817307674316 1.92734200632889 2.84347551644111 1.79751622575143
0.0214531837937105 0.81593363004781 2.23701519663504 3.14606740617441 1.7677081494576
0.0233569886473203 0.84309102211364 2.31431089244096 3.12789653424061 2.28875830128586
0.00931932403290421 0.917911976689618 2.00993264496332 2.9293781702405 1.92061793390799
0.0191701602218808 0.891545003570651 2.2590467894362 3.03029243489436 1.96658622984383
0.00960927222258481 0.922589134778216 2.14328762771077 3.08220966005673 1.90491655195114
0.0260897462223913 0.97208280639983 2.13897835154537 3.01507660169244 2.12541084144591
0.0103936964539706 0.883337956605734 2.0815641835812 3.02688337284356 1.82028090598082
0.0168086367517624 0.836862898685637 2.2641488155369 3.16158233184402 1.86604669571299
0.0175311931035564 0.870914762012297 2.04644581503953 2.95792090570123 1.77188371657007
0.0100867306219665 0.984032168446992 1.92193956358238 2.98633016192178 1.75791499709948
0.0308675739330702 0.897142500218154 1.94096514907123 2.86649636044217 1.85518121836596
0.00797681099611443 0.940609808231304 2.07334046856076 3.00242229556525 1.8038055450841
0.0588455365986028 0.804657987711304 2.13111546661331 2.7329523275893 1.67239743295254
0.00849423452804871 0.969803173482923 1.99657852844971 2.87042890955131 2.06396725240136
0.0100246795585584 0.989531648068204 1.96327266607745 3.08234624474557 1.943320799456
0.00947589889507422 0.943420950513429 1.9615764770885 2.92137624432653 1.85670406694444
0.00857504573937584 0.891936675275228 2.11141226126807 2.9145247517513 1.94124554993603
0.0134784108533232 0.879386540384691 2.05301060335946 2.93814869855071 1.72949094794053
0.0184956960055946 0.895858023102543 1.98142321770386 2.80324690786951 1.79087023773913
0.0713625830422949 0.863449033968263 2.37791786935152 3.56660575502747 2.19175471631994
0.00775990975169178 0.951351263616819 2.02872491103233 3.08512421364727 1.81096059766783
0.00888358310979941 0.969788968013233 1.95222460892953 2.88629755810755 2.00513089046865
0.00761543625801401 0.94229619149066 2.02083047306465 2.96397477643689 1.76543526230609
0.011040685836293 0.981315925941835 2.02807464390818 3.00977464450113 2.01013923879475
0.0112924571505777 0.972910224245897 2.05716312062888 3.1525931121617 1.64658426872725
0.0086480788263298 0.88978555328948 2.12564701345969 3.10144498252124 1.9070963474993
0.00838261345812655 0.94445438801975 2.07805703908437 3.00930818360066 1.93569084611135
0.0204589274671276 0.832506603994826 2.29626516488772 3.14337114140614 1.78193292204934
0.00888606026360866 0.898531453786275 2.06868328594799 3.02668426481468 1.76421354574796
0.0100388634174256 0.874474171111207 2.17834522610683 3.04330311751604 1.94584452824656
0.00865563522440673 0.961166446214123 1.96051324823872 2.95431341261527 1.96200246607597
0.00784697106086449 0.908148107709103 2.09296391860924 2.91024826380031 1.93572088306517
0.0940785410738794 0.812350249742996 2.0750101800379 2.95153172460098 1.62237692614804
0.0138120712030436 0.941252485334467 1.9198089338109 2.77817163573298 1.90537918199814
0.00831701659553957 0.960284832578779 2.03163446374159 2.99018975998358 2.01260285218522
0.0105382574520437 0.896240192818363 2.18889106400393 2.96441367206604 1.98417833973106
0.0285150260369147 0.812328471692029 2.32878922470205 3.25740390458215 1.78678368945191
0.0138135344435193 0.975240417268993 2.0760478178206 3.13085270218167 2.10848384692348
0.0176873629054166 0.862632489783381 2.27727783816056 3.42272483528386 2.11153897293134
0.0171264475802331 0.875194527078563 2.03758305171072 2.7905194774929 1.66765148087055
0.00935906706640551 0.920111340297118 2.00461721817617 2.92201936124389 1.81037404497492
0.00754124050218688 0.92454739807641 2.07325803032621 3.00888886155471 1.82084539550483
0.0278503538437991 0.831081347441504 2.33441752993116 3.33584639251762 2.07538951353826
0.00885499471229319 0.94841238556666 1.9666507221633 2.90949976998331 1.65996459656847
0.0135685446634998 0.983142131356948 1.87123875405931 2.89078738899268 1.66263339122599
0.00936474576644745 0.895661337407824 2.16779212584856 3.03511943738752 1.94946651696184
0.0729176872923526 0.944991045393755 2.25622184686957 3.22494543705412 2.05347176109572
0.0250246872803953 0.982041755303791 1.81479929822939 2.86487359642803 1.69895636317077
0.0162345585464853 0.992635751628566 1.84437292017765 2.69313939883139 1.83013293263938
0.00947664845702677 0.980498529271135 1.99425256148038 3.07812983710615 1.96592690611611
0.03580758198781 0.877332408452726 2.32146792487394 3.17872616875567 1.79298438036021
0.0865550773965361 0.999038196048555 1.71653513140028 2.78406613143544 1.50928505058447
0.0221317311195271 0.841385967662365 2.30876013437227 3.11033585838364 1.83457060835486
0.0108299965426501 0.902990391478026 2.02107819323322 2.97008478619563 1.76596551845992
0.00750217644313729 0.92732836796016 2.05966043155119 2.88306499862192 1.87522745336348
0.0316595719597901 0.87209649054569 1.99470255386256 2.86903406184103 1.69443183111994
0.0111621968268293 0.938898066814568 2.13487592026155 3.02275417960143 1.99334832694155
0.0597350405319192 0.830273433086255 2.05621307763936 2.78078548138636 1.69505882263219
0.00983833465927653 0.961343420604518 2.06748602845122 3.09574550004559 2.02902035489208
0.0122965306622184 0.92800390239512 2.16553469565045 3.11753493099633 1.84090784046413
0.0159291612091122 0.846625611216099 2.13505807740951 2.82275493097506 1.77407868523444
0.0400001711898574 0.889622738589514 1.94050706707262 2.82439622817533 1.68851124096393
0.0284883157168797 0.917830173817324 1.90493810043372 2.7993865990249 1.87031963233024
0.00841829011845257 0.955102501719361 1.9715163799805 2.837880933271 1.77935282732486
0.0202415948841675 0.964562838474995 1.852575945216 2.88169559659636 1.76948406226668
0.00856247502006602 0.952877875442783 1.96899274454925 3.03232687961489 1.84280536946749
0.0105279456594408 0.877922383692804 2.19615705266667 2.87682122625203 1.8422947486873
0.00891808964147799 0.975283663756289 1.99449081966245 2.98489132849618 1.90044282259237
0.0652792185238015 0.772424757610592 2.24799106389826 2.96474156735304 1.73000636413138
0.0118488829210147 0.931321648964529 1.95233226934052 2.93872801415606 1.71627814456941
0.0550401965135423 0.936813968355554 1.8316063949959 2.69790840084426 1.76007531672776
0.00988221616694656 0.904207205628238 2.17125130687508 3.0856084967218 1.82302051496958
0.0116274510032677 0.971147225232816 1.90022376404142 2.64764368932468 1.93940590129286
0.00756643031197356 0.927482732219011 2.04666519966801 3.04861388991252 1.85112973440505
0.0155107453154658 0.858958841652918 2.09530782873552 3.19057455432905 1.80126973953472
0.0115287218040367 0.859491972808841 2.19691834757675 2.96052357749336 1.93739793223424
0.0172030597922991 0.981490920910163 2.08196884600141 3.10924119855702 1.92398395136029
0.0114253118861519 0.85894015357969 2.18041119636368 3.07086982738422 2.00390400620036
0.0116734976754969 0.947087144763096 1.92845706562549 2.98275206135173 1.8262704216841
0.0105630817732709 0.875018297310953 2.1957472032034 3.04656193914877 1.99287089521328
0.0264699523634987 0.935614100521687 2.21537120351747 3.08682715973395 1.97932004204638
0.150005921478231 0.956579379386957 1.74892790130624 2.61494107378384 1.79714565027008
0.148753102947132 0.981416635294121 1.71150286555749 2.84037791670532 1.66065079177016
0.00851209267695897 0.893278190333835 2.13276429104524 2.9073011510171 1.79383313027663
0.170069903387824 0.736143099052388 2.44148529895135 3.13885669539328 1.83915640517714
0.0115285125026523 0.859602574939299 2.19746557642808 2.95344120438756 1.90013795833564
0.00781343369411448 0.953602042532993 2.02372527103615 2.98279745868878 1.87836283956111
0.00859190492271517 0.907771552813874 2.14028166474839 3.03435669208678 1.88981799789538
0.00924261461136086 0.881401118168001 2.13028728481125 3.01227743231847 1.8204520610913
0.0256296367952481 0.889732052358515 1.96958729621363 2.79726276214185 1.7573199426862
0.00931529379237498 0.982161619796938 1.95450612766912 2.94121022281331 1.76489106094057
0.0130072790110301 0.937628498940906 2.15410245879674 3.23620783444595 2.16264629878512
0.172493978368692 0.733156939653943 2.43005285093418 3.14190882792843 1.77078062501945
0.00891133679590555 0.92495151454814 2.12708535229499 2.93692709894755 2.01217750054033
0.00959612019326272 0.877593994305704 2.13156323611097 2.83968063606228 1.87822114375291
0.0224204803182447 0.815635061587525 2.21796325863316 3.05615766665089 1.92405367088959
0.00927537525165811 0.981365851974832 1.976677059526 3.05887524784096 1.94464905295917
0.00853651817730017 0.954034749014743 2.0586427761642 3.13196559619092 2.04433636904616
0.00905386725059094 0.896018947243019 2.15960644853485 2.77562031755012 1.98881070456358
0.0782568993163746 0.898256157524952 1.88587504695435 2.94025670437453 1.78484798876112
0.0111781040844182 0.903262582220547 2.01620945950158 2.91754957855827 1.9644388617883
0.013762829599033 0.844138096146644 2.19615868594834 2.96043702084858 1.76150590263775
0.0198222892249786 0.820329077807589 2.25385590094713 3.09241988252035 1.82238756145157
0.0148652313083943 0.85448202903373 2.11693278953236 2.98652610530245 1.85102880519206
0.013262292925234 0.848910776740817 2.17045369103196 2.9180178794157 1.80790229010181
0.0130790820997128 0.847880495679762 2.20280375734389 3.02439111161175 2.03120810095319
0.00885052648948301 0.903955780065829 2.05359603555303 3.07476029982238 1.73546456244429
0.00770383902977675 0.93529489052721 2.02197309201991 2.8880523477782 1.89715941597386
0.0116932245673181 0.876043763337733 2.21682603322083 2.93838580338582 2.08732188954457
0.0378528667471378 0.8230870249029 2.36478182238645 3.20818185573023 1.90239550470076
0.0159647350921867 0.987369267416139 1.84968256553942 2.82796336679822 1.81970460814693
0.0216953195278022 0.941345325966353 2.19067745754393 3.14220477276167 2.25691421166918
0.0135578320281208 0.846227857678799 2.21935101529025 3.20812446907091 2.06492610436388
0.0189411787709094 0.909719169553855 2.23389251369988 3.06732260774108 2.21447199477439
0.0652077141659832 0.962268664821188 1.7810972999722 2.67784071215421 1.81925780621539
0.393331490884146 0.816291547698504 1.99259349382609 2.90557184736005 1.45325544566383
0.019462399911289 0.918559010312106 1.9306663159388 2.90640136208899 1.94767952418371
0.00776957603410764 0.942471597218006 2.00912217911756 2.99532370879345 1.9811984900698
0.0648005074756248 0.782566796302617 2.2009048147474 3.06824935057622 1.87153243675421
0.0172386934172883 0.996282556039756 1.83574385590312 2.82401223371667 1.91498344006336
0.00750167437043372 0.936438749459902 2.04774432576506 3.09675594190253 1.83896512056565
0.0248680677819671 0.814886828732876 2.30842544016655 3.16674917802725 1.94400112646489
0.010591291908566 0.876839688132514 2.10014348457791 3.10610693106535 1.98720981261562
0.0119312813778446 0.980993182157291 2.04140680177458 2.94213665198537 2.07843124149103
0.0141515282928279 0.940382477813636 2.1571316744417 3.25580036004628 2.03034325412604
0.0215846546178125 0.99838146075283 1.81209134860376 2.78664732838199 1.94462062257132
1.60673624206934 0.996026178323065 1.59158437933386 2.5651724640748 1.72387525907198
0.00771745558302938 0.936026234193758 2.07112063660327 2.99543894002639 1.94197462668038
0.00769530520935175 0.915959000376023 2.06928155319981 2.98821039367194 1.83859411847751
0.0123803619126125 0.947188854499121 2.13004748663629 2.98247512002255 2.01685442085375
0.00880414822750818 0.910785212785797 2.14320994355259 3.08216584319826 1.89635164764548
0.0136166814113243 0.925897184274095 1.9477172065981 2.90275600320891 1.60874556920746
0.0145483660540869 0.998152479335002 2.01384946350502 3.14158941544343 1.90035153436906
0.0256812730538279 0.872324194055707 2.0094832637215 3.01193838829328 1.84545478524681
