0.0946908527321645 0.889890068636003 0.694250333007402 1.73777042166002 0.591379918639627
0.234286684472377 0.728027365443269 0.964251426823392 1.73243192674112 0.68706653375839
0.0684809186863031 0.433381316030904 0.972873948250873 1.34314244866491 0.333939808763477
0.0832591621454856 0.905702058199725 0.654947367639139 1.52544788212586 0.744135797788596
0.0791963090907544 0.837366907430671 0.523107256857174 1.55740020989779 0.477392542351854
0.0489447173484736 0.763730552558095 0.723956573612774 1.43609641206879 0.638426288547523
0.0539160365483638 0.457840799613202 1.07581793087476 1.51327985623737 0.407593969891531
0.490663226169996 0.204784707026574 1.52984119973117 1.75262176098169 0.390871749428759
0.115325484540005 0.262728503497689 1.13943171330863 1.41449069537659 0.284787483713835
0.26873862020688 0.0317898508076592 1.41503955002686 1.47750733528768 0.0600879311467147
0.154095453247375 0.649923632100738 1.02035394029845 1.65491653366192 0.663887475246715
0.11854433973831 0.709294912151603 0.93373923597713 1.62599415565164 0.701371077352857
0.0668803624146097 0.939046924851291 0.51784850548782 1.4935425334989 0.570366421892461
0.192713470002894 0.207109673894695 1.16158381453526 1.55360147080016 0.162674715378783
0.203057891436506 0.213650228238553 1.45151363958367 1.62630178661378 0.360896093986046
0.0645792296387692 0.459802007541815 1.11771255505375 1.73184405443919 0.336572191093402
0.0583176917143595 0.420991257580648 1.12243998816194 1.65842675036317 0.484072686475218
0.0923647552719638 0.327441799195327 1.07465931231595 1.43944620132424 0.364601691873361
0.230334615759646 0.0271949602070404 1.46642384133715 1.69415869807358 -0.00918815771175967
0.14724611437632 0.663364199674534 0.627632958576721 1.09627867002002 0.317365784193339
0.0482151725831746 0.513935169262758 0.991766427988538 1.57659512300847 0.605708734429109
0.0493716597934507 0.737206323012731 0.702136290240545 1.49197874037512 0.453756220344811
0.175106554830921 0.184979845894616 1.20555245419807 1.33542686386757 0.219853260375827
0.449976343389833 0.833458042336508 0.884320849616202 1.83213600534148 0.686548992558003
0.0569363717440814 0.735231873490069 0.664478317138225 1.42141084316285 0.520334607457463
0.0549552732153949 0.448670959948742 1.08774996968722 1.65968904663771 0.707704674441929
3.09069515230703 0.764812483327575 0.359633289964854 1.07285405388904 0.419204551925393
0.0907178159627171 0.473910645021938 1.15185065541249 1.65223595820992 0.474890612772493
0.126818614662009 0.140047883980915 1.38924322945303 1.39429186147519 0.213344417096303
0.0706399886041355 0.394665871736392 1.18427144282634 1.45704348427763 0.382416868023453
0.053394501860046 0.477374972549396 0.96725303093261 1.68578432325434 0.490834113045992
0.0569752152209491 0.419643232402469 1.11498152837683 1.61315917994774 0.511593361996892
0.0456360723496858 0.598394553451837 0.872704791758681 1.31474011803632 0.446225218988767
0.0465659893206521 0.64561707058047 0.805444260802051 1.46416269866672 0.454770472630629
0.0540063629085667 0.643571685859329 0.76352381041344 1.48938429238769 0.587683784496838
0.0500033010784053 0.477855693395533 0.999086096952172 1.53317282161947 0.572427454330607
0.0885692987180754 0.475420397232953 1.1477356525951 1.75990823632603 0.60438179090172
0.0516991729673411 0.73966803844566 0.684032101057669 1.3143707881334 0.617207147860293
0.0651277155618672 0.390357558964604 1.17003728237015 1.5825395588524 0.392572731773294
0.336195249104169 0.492532258964294 0.758567840764463 1.23815428906848 0.365597208211713
0.0788766041736123 0.630846349938976 0.979141410592899 1.55782082219391 0.724729494285673
0.0722034197027726 0.734904637385336 0.85240334218715 1.59180041246151 0.569393254692421
0.0526669219119661 0.782491533653714 0.647491811460884 1.37306267935987 0.471523507412814
0.0487418775611733 0.708150404024025 0.729286999244333 1.40884718407479 0.630290143061863
1.70777079536122 0.0440592994980867 1.23340559917321 1.23871730284528 -0.137670850897609
0.0587397858405063 0.378916656017928 1.12918940316599 1.52814043383691 0.475000480844174
0.157825353601977 0.743253542114971 0.918998839175076 1.63488322913945 0.53623919442067
0.155740788285576 0.855075629722741 0.435917907793717 1.18363337923486 0.447622081492053
0.0976645656127898 0.812847828841163 0.51853086712256 1.2509713932203 0.393256120780429
0.0543868549789042 0.779661972595843 0.639144343945519 1.31246964839193 0.32889629763124
0.10195678843366 0.741877506197962 0.882968346595466 1.56490478657727 0.741044897378472
0.614473762520986 0.705417855697845 1.04530721341756 1.82751126595503 0.552671973622711
0.0614378983624323 0.62156095606301 0.763790731236817 1.35139485539494 0.417553638826944
0.118237925146685 0.308751865070851 1.32267474387467 1.64781132006598 0.466730221602896
0.0481888795799951 0.735643759491143 0.715610627557286 1.29139695584556 0.572241892974552
0.301945511818319 0.311411299582658 0.983345487299305 1.25773980527134 0.24132367785776
0.0840094221901308 0.279724198529788 1.28395583886113 1.5691458045804 0.360528303918894
0.142899757659211 0.162594623555097 1.43536962591728 1.60969948483429 0.0309215345742483
0.0601639181820195 0.454098796023723 1.10839754503754 1.65220724901154 0.672484954505566
0.0708583917256924 0.655599231239156 0.939461533589038 1.70755424931979 0.755995762351708
0.236063200063957 0.733709679784936 0.521387640343029 1.26906902900372 0.507858270977024
0.0517213716607081 0.64348652996772 0.773206063439599 1.38829703594573 0.523069536888655
0.0611340479000982 0.890929264602464 0.603175482869705 1.44506730753755 0.585242180422482
0.0783056162731861 0.989786742496301 0.448601997261917 1.47453444073778 0.440504508671654
0.17508775746051 0.0937789164458128 1.37029690294636 1.45749775130648 0.209034789485972
0.0543458134771621 0.793204663603382 0.63019453738239 1.44131323730362 0.424649528348664
0.0457786436747608 0.637573180130626 0.824333877589119 1.24429712807174 0.737458125351199
0.047451515890209 0.720719573079753 0.776006734643272 1.59130293632386 0.589668386264538
0.0671703990014721 0.8229518785139 0.560451479421401 1.49909742006544 0.375106464388441
0.0554579949563869 0.805957354009692 0.713841592013072 1.51933713915838 0.565656817663915
0.058967795623496 0.456696670581343 1.10195248259292 1.55959899843754 0.450686997929434
0.522910340597133 0.387502633967118 1.36783812967073 1.91725157198599 0.532196201810128
0.0595488828444354 0.472886214821274 0.945895623098013 1.53689426558161 0.310374818931105
0.0880993447119431 0.29931630543052 1.12548613579861 1.57628378006284 0.427712256446212
1.01285835822468 0.685528998877814 1.09174409930293 1.74510738717008 0.764967401569145
0.118310270414551 0.83186998984555 0.481746533354736 1.26879185630159 0.363602468555601
0.0849982925824511 0.399671720052447 0.985659185803587 1.41250068194059 0.372966518580207
0.0721907296681456 0.330046216572471 1.22629390407478 1.43815069177503 0.281580090118099
0.10344391865588 0.400305585756212 1.23276001107389 1.53849152919818 0.495938559988394
0.0571729483845171 0.869718270955438 0.590464999551698 1.40232016394067 0.500223944058056
0.16224075228616 0.365988477853988 0.961652528261814 1.39213534306524 0.374822575287908
0.145174661637677 0.793768639956097 0.498657996382453 1.38950258210115 0.567205068405083
0.0479744022313137 0.748567534131476 0.733726831504183 1.39761268377674 0.558800171172471
0.0537827689574311 0.826700332090702 0.665915257142762 1.58017732907142 0.634067201886457
0.0512310932516902 0.706272957797441 0.825397841170489 1.48730090682235 0.598698306481761
0.0641189416777906 0.379502886295061 1.06627836531855 1.3973620576993 0.447076720183315
0.0605877461488276 0.814352116230889 0.587241624511999 1.46914947313852 0.560778810663739
0.0566618001640424 0.632993138840221 0.930180132120228 1.60707194656935 0.646777767830436
0.0629164879848603 0.804436863934484 0.745492774820046 1.64968443512037 0.592155401123668
0.0883853616549226 0.98495729688633 0.544481017076232 1.41747284997861 0.333089985583766
0.0507903835519011 0.773550531132225 0.667506032964156 1.46203413330473 0.463946302672463
0.0534204435045231 0.677840330073968 0.869067583420459 1.46594159791543 0.44627217271919
0.0456156760727557 0.648703944083266 0.845556791570666 1.47297711552005 0.566143961101896
0.0740063889548824 0.325164029192748 1.12040211080401 1.58082457176026 0.297724629747266
0.0492870055115209 0.734782866999554 0.775535978077551 1.49649031245548 0.391074369576438
0.0671692247671307 0.71027913704836 0.871121777682707 1.65607979790429 0.702309239821217
0.121666858774628 0.499168798435027 0.824441747575883 1.43339540388714 0.350981259957575
0.0523674737321497 0.618818163769631 0.796461826648956 1.4967407747917 0.367440988017486
0.0607089252779993 0.818000887459695 0.719870893598108 1.33081031438063 0.66544811939477
1.89469641647095 0.424819652085735 0.748133800888926 1.11704125156687 0.352138353616978
0.0964412150779187 0.565752056823178 0.770122784683666 1.42424654972832 0.334221259994731
0.0775751640448304 0.91978488455624 0.467102110861804 1.63540688316188 0.635518779334089
0.109056599638699 0.498947423485322 1.14694033331132 1.55483455066798 0.619881290523853
0.184887875470547 0.129749610278013 1.28924321532607 1.28131579847208 0.18715021820796
0.0526775533442107 0.823431844111098 0.639760971023498 1.51293319560074 0.439602643397747
0.0819609155446323 0.550416033688963 1.0665335066271 1.69602701359233 0.288818207859492
0.0514536688676587 0.566849462369094 0.859797935752845 1.40149344310945 0.458463672638928
0.104176540501116 0.385719783343996 1.24607421997511 1.89761775438255 0.509237385558466
0.134109361694519 0.4162028835187 0.91541592304791 1.25353849562977 0.177048369536967
0.066929603122995 0.322614694150921 1.17447308697713 1.30743809515599 0.461515685106988
0.100075227190505 0.620253140709182 0.706750731864708 1.415458900395 0.299367476223901
0.360270587695657 0.934557310538792 0.302444416131239 1.19876549544385 0.345119069826607
0.112883918729215 0.992601374802468 0.574316760963545 1.65745501976359 0.565509506288076
0.182657127236337 0.0883083160481134 1.49654462666452 1.47638259797887 0.0920460828346413
0.0686993423908842 0.9020616094111 0.623319906659627 1.47458938481474 0.579758784978125
0.0805800327938464 0.413639173215914 1.19052127975522 1.56929695480237 0.276795349296694
0.0611586732246979 0.405831104182307 1.03659318812477 1.32139431688336 0.493407855631644
0.0829800503738888 0.774409650502044 0.572049568958714 1.42218732285667 0.323470829694552
0.0558350933331228 0.403130670653361 1.09744120927549 1.26211299077066 0.544312178603033
0.338575726900178 0.612193107294114 0.625456227412705 1.22419218620134 0.245877355829687
0.0784318200001065 0.28807566578587 1.26175403053204 1.40186881712027 0.312989006564092
0.0807526944368484 0.303199295609941 1.26571285001278 1.65090666764644 0.358476984236927
0.0674374178946464 0.322599524429751 1.19653814517907 1.494704772163 0.574451738303995
0.0805120876685009 0.787801383511023 0.563597332620831 1.49368183377952 0.202479059118718
0.141578261716862 0.131036018411265 1.43528654768516 1.40703414540514 0.152567613293648
0.106652553858922 0.560002486903535 0.76682911976481 1.35491404187221 0.360907079060102
0.0527294627033173 0.602228905216716 0.813129970757059 1.34476257502547 0.361252020392922
0.069742062136473 0.750137031199158 0.617034762194438 1.31460584142311 0.367217812373623
0.0788187769475842 0.92560082485627 0.616495226017182 1.49305322758277 0.478415722882791
0.0468837931532007 0.535720076223694 0.952952709720679 1.30516836689019 0.376157258625845
0.0982139162208543 0.252568833753081 1.32983006969734 1.66234063952248 0.35855419205875
0.0597901213888432 0.883722672185723 0.559486118838873 1.46231837537651 0.613839730524291
0.0654026317301473 0.331612478308684 1.16469559708494 1.50863077457601 0.316777467182424
0.083396066456564 0.381360789616021 1.22132418612239 1.56281564010768 0.524922492577049
0.453268837319768 0.753357637092705 0.975791347179183 1.83968115151117 0.736820594797336
0.134763947944451 0.138805962287464 1.42185203475898 1.49372549737182 0.246784199659724
0.250679632407654 0.824985000603983 0.427863797553718 1.30320378007111 0.362652506065796
0.0487966983298132 0.561991703580978 0.965025817113823 1.46971097913377 0.625614434861631
0.0906837448320423 0.22755071609234 1.2624121357458 1.52751054720467 0.408913472991741
0.462303159499959 0.721325582363696 1.01257254713866 1.95237300081528 0.683883102360839
0.0566108456811848 0.847768496595438 0.652500393247123 1.46085971592032 0.72303244320375
0.0495333174871044 0.557929734549918 0.973739114252221 1.66684830114696 0.681131243574182
0.500937741885633 0.615645726437782 1.13199110576245 1.82145344780328 0.602852015489629
0.335958059138921 0.73071767711056 0.983871061686186 1.69478012115641 0.656210512680227
0.0764224503627383 0.89802340748173 0.483407432973244 1.35615752006612 0.377102744639734
0.0552332583143574 0.419777336201806 1.1001562863425 1.51521042611258 0.566824703868166
0.0651982229025343 0.346414438553007 1.18696367471974 1.45066109688526 0.486083504245235
0.0645745398630167 0.517330333337892 1.06703779161125 1.51467607388425 0.43891985716948
0.0835221814817303 0.488025714424662 1.12913594919995 1.52409751198495 0.477509521947421
0.0681731822986927 0.731256111536386 0.63788522404577 1.34094958628878 0.552141143745873
0.0682797529005853 0.3884384997572 1.18185210557096 1.70726430483394 0.463502178994871
0.180745270053247 0.138229218124046 1.2778022692843 1.59953409648074 0.263793067437106
0.0510951610451292 0.699221153798636 0.833255556158083 1.6256507708602 0.677630363734785
0.520800456296423 0.142941673722756 1.58360609854074 1.76452462934098 0.370817322060979
0.0955124430530114 0.948282833347653 0.413647918564808 1.48315095549016 0.32897033236199
0.0710187898130893 0.302845445672882 1.18708063658067 1.51901479812637 0.210183177018026
0.372466419824339 0.00184530604330174 1.63478205797213 1.70500685515385 0.117747104914936
0.0481049497414205 0.604458895093849 0.920368857001559 1.54154313229228 0.646128986730241
1.34051941764903 0.029469734316408 1.26856394560036 1.43636031170615 0.0372383474996934
0.0582916841226364 0.388821837781247 1.13077722192555 1.48847828689125 0.800675623707693
0.124629224416748 0.4347087993026 0.899322048392818 1.4304875981926 0.360060435006389
0.0620012216030726 0.566764774709357 0.823203963636802 1.34296715671775 0.540475390338122
0.100105424308507 0.2128901121651 1.25633367945288 1.51640461043702 0.230146859456568
0.0511328554315636 0.794535079662772 0.697333651821136 1.50834576154243 0.409800156051967
0.07628347969874 0.554706902258053 0.80838906128193 1.52507953452409 0.675240206560199
0.0490788425092897 0.603221318188893 0.92825259896375 1.52802315115384 0.30550942423154
0.0713868935798339 0.933702219165356 0.579843883119352 1.49440429843002 0.462622788141819
1.44568430036377 0.152914470051764 1.6388145158144 1.54632160662905 0.264100521295065
0.0678861370260303 0.353810003690352 1.09386901835632 1.54461934111464 0.390823029457193
0.271229994756605 0.885087095962625 0.792560548299543 1.89002866861621 0.698781314755348
0.0489048102911752 0.72452215871406 0.786555502403133 1.67501454703137 0.596528609309694
0.117027188401357 0.192961526973027 1.25536977581298 1.29941152995232 0.202490885722018
0.082959363330175 0.477538693494043 1.13808954944503 1.59667785423981 0.483315786566361
0.0654054642715159 0.669309736415586 0.704525068924058 1.31611239041672 0.458684615820117
0.319493882138881 0.0277941497077684 1.39540369909739 1.51683895700018 -0.0209215125928802
0.100322615353226 0.974622051473359 0.389548820458178 1.51801262947938 0.501542008114584
0.0522633210670655 0.451417286306495 1.06312216518842 1.5128509418251 0.531613107316929
0.158626053024205 0.921217747219884 0.376582149559531 1.16262972883717 0.385542671878827
0.0453725166595683 0.635933276005557 0.83570326459606 1.45219097041849 0.46273152365029
0.0764738670162889 0.278420072331431 1.24551133283097 1.64152507011619 0.471670882582565
0.0711529910096143 0.429019267950262 1.15927620599924 1.78079159386247 0.50450202389518
0.0513162894722973 0.463736111251098 1.00767468436192 1.36284729418121 0.311808627711778
0.137030275490189 0.223470617368159 1.39971330577669 1.73724869847747 0.201343274991847
0.0634286529185485 0.358491886511385 1.17426452513153 1.44181972969084 0.440427674991148
0.118862072644134 0.734973601749555 0.572835541242759 1.32620270866594 0.43466678293771
0.464657225190297 0.306395678871204 0.961638888275296 1.15699372187497 0.457976620411817
0.075842774187982 0.334140025525623 1.09937201647449 1.48910244956022 0.509085106231852
0.105058808876719 0.754128384876853 0.565718140005878 1.24519195878982 0.237627021569187
0.108859474253188 0.606803592708256 1.037394614099 1.77772512027111 0.472777295406932
0.050898400373965 0.655950720873352 0.764434730883144 1.42159144448172 0.571135315140403
0.0500341140448544 0.700223984131602 0.727068911963368 1.32518889932601 0.540108762644921
0.0631479475601464 0.815534101743437 0.73140284101278 1.43219899593717 0.746410245408053
0.0458609035429867 0.572935503061262 0.907402874778209 1.71335951383545 0.513257770531706
0.0495027041717237 0.741616164354569 0.767645161135016 1.69043048705639 0.566348418785412
0.304063854900885 0.787436267326329 0.451530771785367 1.27626663300883 0.334643792301835
0.0506963331443665 0.510094823046707 1.02004844073726 1.47794341947453 0.643970775544386
0.203372136924283 0.101458235736788 1.51535149004114 1.38907864975961 0.150994329034873
0.0800556323305264 0.280567229479569 1.18240370675103 1.61969126431171 0.321319716742663
0.267405947292481 0.869526123770083 0.38160343170994 1.04632666210377 0.378568960519454
0.382236868724744 0.204814515556728 1.10675136683921 1.28676513831952 0.160586085188478
1.34772098131741 0.352882194986225 0.848047832411627 1.12125361428033 0.253789130645306
0.0705411481884626 0.582363678444876 1.0160764152245 1.61991377672448 0.780380958743602
0.0643967307909904 0.373642006223117 1.17573071380794 1.69705204902516 0.293514180778106
0.0833949402917601 0.957229675061108 0.578158890130385 1.39252891289329 0.538164315253196
0.0644296863634638 0.436290790642199 0.979942498963318 1.41802569149623 0.363625733529014
0.0942938126794681 0.998724908675122 0.388412466757375 1.21785735736882 0.279391851241737
0.0712709588806883 0.593558733274368 0.773277016225385 1.54492272003297 0.472763373335733
0.0675875829311552 0.373675736303784 1.18862355206328 1.5274451748098 0.32204134325948
0.0635181375097429 0.53778489289385 0.853192381682682 1.36942344795824 0.384622086873183
0.207804595905981 0.114669060892232 1.51361135591817 1.51434854611882 0.169325802389289
0.318498651854333 0.805963965137193 0.430515434260134 1.24025096183166 0.478130452047466
0.481381106180312 0.946491393790433 0.27349084971916 1.1623804713061 0.325231252897956
0.0488480466012775 0.606236898187082 0.828806365920191 1.53789320694817 0.55221585295793
0.0465165585821763 0.574457463755313 0.931818300756438 1.52071465747297 0.416689070904377
0.17824451281133 0.381920209104251 1.30043709524604 1.78626696939327 0.422446466366114
0.249582465764921 0.790291409735837 0.461593600024197 1.35278271737427 0.433843093101218
0.793614707979208 0.167072476637523 1.59231363136009 1.73634917279042 0.289504476477556
0.0547638642360475 0.822353259640718 0.611888981590858 1.42803268067862 0.442610187634466
0.0468849390747863 0.563239976823118 0.945384780839082 1.63364177102901 0.608702846116236
0.0895978412442458 0.230523417167567 1.26042476336055 1.38983300505206 0.177539695320902
0.048633982605071 0.531616999873808 0.987705516779732 1.53852695866475 0.64260024444893
0.085618036209372 0.642487564514533 0.975775818246603 1.62310078042567 0.658380280674968
0.0743004735462588 0.306686778821813 1.15394341488153 1.49278116589152 0.408204636848902
0.058428538080379 0.779554186086469 0.763456372618514 1.63560759307936 0.524292105027172
0.0849334537955677 0.745528565390982 0.859702196956708 1.79247065206429 0.430582308346974
0.162940355028077 0.155941909598788 1.46000694642136 1.76890527569351 0.345038461322469
0.102420459613227 0.339032409446137 1.28191262391023 1.59399748981363 0.468822480308048
0.053236886550963 0.736234869720151 0.798030848800828 1.52800886314943 0.621645875585418
0.0587654153179962 0.452781619064313 0.976462493899011 1.34763378394046 0.356783010904881
0.0609292713653338 0.858673545317934 0.660572699613144 1.54009474266932 0.580704674303796
0.0805588624257261 0.965170676046327 0.437211396023508 1.48554613942364 0.506472053466746
0.0907776777437291 0.367746168774786 1.02005689915207 1.49507246665043 0.345538077225916
0.0573033032086348 0.642376271634884 0.922125790510002 1.42708335940115 0.74380888663815
0.0950514268589609 0.31093594254681 1.2917365546464 1.68745427755198 0.328663069968938
0.0941004843200372 0.283408943280057 1.13908618356206 1.54903219812451 0.352214453577497
0.0940796747394147 0.646794072258317 0.980888112612244 1.62236830175979 0.66312794711342
0.0679794708639542 0.316297181209466 1.18627575405242 1.61054704735934 0.45130255410143
0.0536366969934984 0.44090562231224 1.08062364507384 1.57756275192485 0.55633563117643
0.0844493398065441 0.958057732101366 0.429446115150559 1.30909072541525 0.488155848725192
0.276002797567313 0.408319947472935 1.30805156466655 1.75933494445319 0.570246668855897
0.065888020544102 0.41282591215758 1.1578192280222 1.54667825852388 0.529770323436967
0.272542074046804 0.0336844986056115 1.57946827136058 1.57537337831817 0.00584600590910914
0.06455137550808 0.346833491706175 1.18197932571308 1.64196953020197 0.548283809277579
0.0542353900606176 0.828849371720654 0.666719483912375 1.54839571471594 0.589894126652271
0.14949781366493 0.219841587067408 1.41331884200881 1.59303604663853 0.285386880417633
0.059793797524405 0.892124404838111 0.57810234950208 1.44435035863182 0.510966415208141
0.0602718241248248 0.366315642290325 1.14021397024577 1.81010817813287 0.444964573803315
0.0568110164000085 0.75530599519282 0.788781566952819 1.57675443275783 0.576731964889349
0.0499359204900215 0.774396751680938 0.676927939704158 1.52598276845022 0.518753355443721
0.0766737421067148 0.334855275303315 1.23863699917933 1.50562529257911 0.494763096611565
0.0677704233144117 0.478933263132017 0.915134805884394 1.37021974412724 0.392378325460097
0.0519717236529855 0.49296615306899 0.95344704062606 1.51067954102379 0.456295239572749
0.189943625793986 0.359347291965833 1.326068959807 1.84528870906705 0.543532622172039
0.0708855602413914 0.427132311472137 0.975556830031074 1.41273940726971 0.488450053214825
0.0512016477189468 0.515039885945348 1.01981432724261 1.50845428195031 0.447197846496523
0.0552889992123066 0.849386882805054 0.605297974624802 1.518052457157 0.656866067024177
0.390254907112044 0.735765430124066 0.488015285744506 1.39436206831792 0.219854639679951
0.0995348345410565 0.307015196244298 1.30128367639289 1.65929722567962 0.599726032408315
0.0969193082870737 0.255011930050034 1.18115138707122 1.31544926567189 0.165108027320234
0.0999415459101772 0.198314256099091 1.30316114626009 1.43540169800336 0.371945296887004
0.130556647025872 0.695587549031735 0.604187084155772 1.19380941765431 0.613278782330332
0.0486671130033779 0.501351944302776 0.974218247063354 1.51691836593997 0.498548217939068
0.0693758427715448 0.952659422540845 0.501998708850749 1.54547851310051 0.384645525595582
0.401464080021985 0.100660794484962 1.59328220298062 1.49938591594002 0.280672727528786
0.723478026748964 0.410194871557298 0.811054732824797 1.40181296201155 0.301828981195156
0.0728291014901112 0.33691029457739 1.10421654094037 1.44819591014743 0.340119493632261
0.0713967886904697 0.331716160967776 1.22253228774266 1.5301000403327 0.375786124861894
0.0656565846200617 0.390701853770798 1.17175472404562 1.5816716475343 0.314293319625399
0.0471526575664808 0.726271690364992 0.760308725972189 1.41835212220453 0.59242667703141
0.0598788763281731 0.818589524397216 0.586928582670265 1.37600045724289 0.560728758955922
0.084194600384554 0.92166787347251 0.633971465138357 1.51703157287266 0.410581713500474
0.145435247757706 0.524869301298466 0.779703600619893 1.31093665817814 0.466352672203753
0.0979740256009153 0.352842603002846 1.03059667837262 1.15242588081147 0.291447297056516
0.0592749127744803 0.611742252551798 0.780216259709292 1.35844783150401 0.529189636405401
0.394760386047341 0.587594860355815 1.14857018469309 1.78719653819267 0.725866299830086
0.0525194829263854 0.652798576612216 0.893433379129221 1.5822720762546 0.465259803786774
0.0594620186139534 0.868797061418737 0.562601198242611 1.32509256541721 0.521496175199983
0.108677632988883 0.639415881806943 0.678570523841904 1.43969000233753 0.482081962459034
0.0771399196378697 0.953166661820449 0.452570869539273 1.45685632695188 0.300038921944269
0.0471253299969553 0.642414180528505 0.803003123006494 1.37962167845348 0.836605276065934
0.0624638230577111 0.875482055899774 0.640569027993203 1.42626685318034 0.569169011524808
0.0553163348711624 0.581884632714059 0.826002769981981 1.60627545014017 0.46053808776267
0.0605109275036852 0.693309125287581 0.87473426111913 1.64993344834973 0.739828989048381
0.0830279181375086 0.802897487004773 0.788622836208996 1.32394214971344 0.716653975897374
0.267746247047932 0.835421514638317 0.850416112513918 1.82278849690036 0.60544967268439
0.0703412612110523 0.393745418412877 1.02341096210389 1.45868978817433 0.384912832598209
0.0952106048986515 0.881236320148686 0.706270057713146 1.55382322924233 0.543394172167122
0.352229842481941 0.600534701926898 0.63570226804595 1.25515099026009 0.195372817290121
0.0466644438360808 0.705291727027545 0.755537159823937 1.40194399484948 0.867750160948338
0.116149081755384 0.379166917175826 0.976091144609642 1.43998677066616 0.433009464517607
0.0505688761189754 0.570706603951444 0.968371246445653 1.62031037627805 0.543409090393287
0.0538780757926075 0.516214642062685 0.911334703145318 1.4363372582609 0.453345848033107
0.0611453128090459 0.59409213992305 0.794556091886807 1.30516189373571 0.400866715547632
0.0675036518003054 0.390968993694231 1.03568655808487 1.35561915922858 0.595190876662046
0.0655433162807443 0.915887895076205 0.583461651706073 1.58253522975525 0.446874848933951
0.142229756961477 0.750048639143976 0.542589676601428 1.36007561128384 0.510549344255671
0.0762057451384531 0.468773127159874 1.13527546449193 1.5487398302099 0.69341740274596
0.691713566107511 0.870678833059823 0.323503366215875 1.21296418202041 0.297410450114033
0.0867159975143053 0.915789514673524 0.64699482335293 1.32760276640239 0.74778191690111
0.0693592761728349 0.95322006318227 0.505536742382066 1.5230370854133 0.552335975938261
