0.0131626698963515 0.895094096689765 2.19472456085768 3.07781106009732 1.95404126415488
0.00894459538896832 0.974163215211329 1.98461152221257 2.89008152112501 2.11568653087414
0.0158289298757042 0.830775666771909 2.21628318512261 3.03738355059463 1.90332984924318
0.00969049548425782 0.986077089238072 1.93935450161877 3.0331531662824 1.84592371118425
0.00942323868206197 0.949195309814892 1.94905970081049 3.04222809284282 1.79242968658445
0.0117632918366266 0.97443638147129 2.05124346247657 3.09573703749947 1.93889429727469
0.185451828245592 0.722174533454398 2.27219618091599 3.01592397327132 1.48095795300428
0.0279365939849486 0.987615202873153 1.79280946579825 2.8316726391468 1.79544370026251
0.0101644720805934 0.871862060517084 2.14615674177665 3.18775065481988 1.83715598131185
0.00811072867647469 0.919531721619185 2.07854842851899 3.12103876098894 1.89933327891965
0.0141809999112905 0.937317486418338 1.91206115996479 2.81429259609702 1.60559098057968
0.00865738253399855 0.963750490197362 1.96161781183279 2.88842059322559 1.85102229835011
0.0178483040165456 0.961700215995974 1.8574819201352 2.85065798957454 1.78327076913644
0.59268745290346 0.834184585323873 1.89686516182013 2.93833630531662 1.66628043473638
0.034323590844332 0.91317319116086 1.8830793260435 2.79749320097498 1.70935507323308
0.0243341843949223 0.824216948304174 2.29899905275194 3.07852897898769 1.98378866316174
1.89337705721982 0.602413227899479 2.60431022884395 2.97103254199572 1.48265398944068
0.0102078732129692 0.986618864342547 1.91561350311093 2.84316857236795 1.82435405737089
0.0174276811979462 0.985607708143512 2.07047774661553 3.22404697323792 2.02227055341308
0.0220280075679725 0.933239968334225 1.88042622645141 2.86370090480284 1.73570711842259
0.573707722864233 0.757857516738388 2.56579754648621 3.2660338680917 2.05057982174897
0.0187618242295844 0.833898303263543 2.26462347969359 2.98649421484388 1.81391847461829
0.14238498833797 0.71399787271621 2.38279183802227 3.03119525976009 1.6243320399012
0.0169418850127651 0.944564302789089 1.88476642153448 2.76339755248888 1.65678064933264
0.0220466248224699 0.844790130620148 2.06437081911954 2.92039682821801 1.66338457493074
0.0171637324081701 0.854118784262976 2.25297641339219 3.05964141488018 1.7101164608739
0.0106471061581075 0.974540343275616 1.9057984383471 2.9852783296045 1.93896478047107
0.0254292269056581 0.837970808024453 2.06864784342123 2.57561558221247 1.72045689663862
0.0799898849071205 0.741180934953519 2.31424106747903 2.94164749591736 1.8270372195248
0.00818949611552501 0.956393717332537 2.00563049945311 2.85762543013899 1.82555489732741
0.100141468541566 0.88122274110452 1.88178746415403 2.74110639189986 1.68788272037873
0.0109943881380769 0.924047562455033 1.96238806016182 3.05376801600822 1.94475539753985
0.533049312039392 0.68318459878145 2.33359377912135 2.9683360904387 1.71190291854048
0.0201992542280234 0.960035940414243 2.13742309231744 3.10760226143869 2.29048481675103
0.502433110490225 0.980650191049453 1.6514455390393 2.68064739687857 1.59629964021128
0.127213720359616 0.976243329735773 2.21550584886977 3.15852035927327 2.16846964588684
0.043977186306912 0.771785020400314 2.33635355663726 3.22572451564716 1.70885579503963
0.011545752142469 0.999597377673875 1.89199921190958 2.87648549542777 1.91060611150176
0.0132151543467402 0.883745239866311 2.02205911956673 2.76125280137631 1.63670743610263
0.0121851541695463 0.889176162497955 2.01984102673973 2.84583665242979 1.79682923150229
0.0866308205333313 0.858610414718105 2.37222859972932 3.21495435500097 1.89700015866016
0.0437275217113131 0.804186239162311 2.11558499972949 2.9298753711689 1.76786242006617
0.0110972600173266 0.999190755778482 1.95706687146643 3.13476672331328 2.02810802878526
0.00963866644114547 0.883822730751527 2.14479582566731 3.07741009071552 1.68546498101649
0.00965481203524072 0.877582272557935 2.12817038425496 2.93979970106217 1.8795545691101
0.00935656112277162 0.933441045710918 1.97167641583788 3.18180921329214 1.696540009398
0.147755071463248 0.829188963398978 2.43003792283418 3.42563702246567 1.94399867334225
0.00827792623231543 0.957741289751091 1.98350437722833 2.91439168813499 1.82573592147358
0.00875122492884861 0.906958915343809 2.03896170014592 2.95489012438924 1.91060764297841
0.0132898239630987 0.89532577822586 2.19562973536048 2.99609183649939 2.1044404904333
0.0333743911114231 0.830745945211914 2.33100093756723 3.31649457345844 2.1297862596276
0.0279828869546749 0.867371081921778 1.98748188212663 2.94258364018673 1.70327999789439
0.0313926197974659 0.933193059958239 1.85560723325576 2.76080189904098 1.7251947575045
0.00846672472953741 0.902736210690308 2.10109845532867 3.16390538097229 1.76856515065507
0.0152799617068316 0.837888557114377 2.14444674654754 3.16271486164128 1.793375229817
0.0113702969329487 0.860545910183427 2.12718066294035 2.95627177447033 1.76826060350917
0.0107852568905505 0.864980505375534 2.12775886051302 2.9081106573557 1.92903322874537
0.0123363290863614 0.925829101728646 2.14962969336048 2.93525803962656 1.84495397492591
0.0090618039100631 0.88843450023485 2.12100598195123 3.09876429702662 1.9191473136222
0.00852697339178887 0.966666229296193 1.98570211551044 3.0961065143287 1.78128742583114
0.0136122691778845 0.850733901867336 2.21411924329841 2.86877560914575 1.94526342452793
0.00792544086892379 0.943117463474716 2.01611244454611 3.13587292774748 2.00265189356507
0.00905304790751346 0.914734618458842 2.11755313340116 3.07962258994695 1.92666885097401
0.00887974467945711 0.908326833478025 2.11843907541129 3.22745702537027 2.00362470200396
0.224989320151499 0.737889226092796 2.19160323056939 2.98507049937133 1.65551626483527
0.0254390240701128 0.83452548845263 2.07838524072226 2.92739695412097 1.75124318820462
0.0106968043661742 0.865692806920569 2.15498888257327 3.06067623964543 1.90236867453803
0.0805543074241273 0.947364214063849 2.24561051980621 3.37243188171372 2.22455596224238
0.0153640939317819 0.843698005989244 2.11781417039784 2.88372539405119 1.6586226036115
0.0215512068350726 0.902579382815195 1.93513392321628 2.76523997556123 1.76017887047938
0.0187036194586052 0.981316227281171 2.08698736885722 2.9997770350445 1.93648797771923
0.0190992407489765 0.99669115206324 2.05250581630751 3.09191808428066 2.13861374141906
0.0571668217907013 0.823999400614229 2.03881107478649 2.80202804583786 1.7535265724604
0.0690662590478791 0.940323507812171 2.24958693623242 3.27742407750016 2.06462231988234
0.00808717047402971 0.947521643296294 2.03071345855407 2.91739717356653 1.95603239748133
0.0475881742961635 0.788530775233244 2.15916488054892 2.86741623305231 1.85359382027228
0.0100413314710217 0.983566435225673 1.91838345879773 2.91129289139142 1.89986611240606
0.00790198091129681 0.925848244733787 2.05418206973261 3.13738560446138 1.6439036739531
0.00805596438325665 0.947046021868875 1.99850215036288 3.10978383658173 1.85163066287641
0.0111664948597258 0.874594121008268 2.18156290105848 3.03519054232441 1.93738375575825
0.318501261921364 0.746649287184152 2.13890546241826 2.869124545154 1.54141718577738
0.0150350039226366 0.943958076737557 2.140968634422 3.10592633699782 2.05326109593462
0.0102742604179461 0.874405654130278 2.09765157743699 2.8951865958187 1.66260777415723
0.0163368921704869 0.847312924902568 2.24673635098792 2.95446807639007 2.09105652590398
0.040561659197365 0.85931762576517 1.97859356753064 2.71267720226854 1.6433816280536
0.00941071204612307 0.979497182201443 1.93846658488724 2.57267055568632 1.98410982343725
0.0132214726592444 0.971780006706684 1.87685779373009 2.75920785181383 1.70812520350957
0.00906540761538219 0.939037112898205 2.08369192195864 3.2492853536925 1.85538711843203
0.0227770030526855 0.966976860877335 2.13341781955554 3.12295948438995 2.12367823918806
0.0178755042709556 0.958770881822622 1.86097341723545 2.6841431883167 1.82971365990453
0.00866786028052596 0.922615570783283 2.09845905622587 3.13943388543127 1.99178140947657
0.0116829052155743 0.863456076690065 2.18720556995534 3.03209122600591 1.80424667598398
0.0150976334235483 0.998501235955815 1.84317564205112 2.99823215651343 1.93148635646219
0.00883092564508016 0.937586338984864 1.9771576313857 2.82890427038986 2.10751486124427
0.148140107349346 0.981741862574316 1.70281547429765 2.58099345960047 1.73233548262997
0.0199911963840764 0.845826040530943 2.27374951945672 3.123168673265 1.83692948251402
0.0187621475656917 0.966290133262154 1.8476549676438 2.85901915451216 1.91134591496613
0.0319043007871257 0.887255559005595 2.28010325184361 3.21242448292917 2.08381573761736
0.0118433398923869 0.986143932619393 1.88270809728 2.78280269563458 1.81636230604914
0.00925262168575648 0.938579632838603 1.96611318195829 2.86729621082859 1.76341053664373
0.00915374959175568 0.937193712651277 2.08882206828417 3.03306230485274 1.97374133220944
0.0169179356265098 0.87229781569017 2.24192976645817 3.24524575635022 1.99776417902234
0.0151077374384057 0.851590904274138 2.23490743495859 3.26986627699185 1.98667395314154
0.00806795152105316 0.915011566878446 2.05405880115411 3.05310806810152 1.9618804107924
0.0134560773564617 0.982826412865315 2.04854477206412 3.05248961483857 1.99085327008882
0.0108572991769981 0.996278828273469 1.9641279104653 2.83080954445527 2.11814491422918
0.0820359091702502 0.916691852756284 2.29536574496916 3.31841038471168 2.09819493496158
0.0166752590920443 0.937295484593675 1.89688516623862 2.70594304124817 1.89655338822519
0.00951762981214297 0.909491553054763 2.01302252477276 2.99819307216815 1.7766566569117
0.0116364209069053 0.97863189170533 2.03902541572618 3.07150525163007 2.10465920963494
0.0338295136314299 0.839116336386064 2.32775302289232 3.13970061662542 2.0937094746081
0.00968150741264873 0.945394100741931 1.94877791218557 2.77921221376191 2.00627542042464
0.0113258656916685 0.863241485160769 2.11385623678113 3.00854056032809 1.78342266071052
0.0172095360084183 0.934305129256693 2.16930875814634 3.12039083515311 2.16765841092612
0.00922436523776182 0.893726668834274 2.0613016702078 2.99227178147884 1.81083089539187
0.00991106131497041 0.957464726983852 2.06379392234637 2.99285034519586 2.11018011520964
0.039530597433221 0.837802474696468 2.34097691161333 3.32924242201256 1.83332941624941
0.0135123587347482 0.842684759939283 2.18921761970373 2.8592269706516 1.9023022005985
0.0615198052740316 0.907055555157514 1.85951321016789 2.75218654043124 1.72415981095122
0.0105873494468046 0.996461052610263 1.92232378351226 3.15106240481861 1.77595042351652
0.00821778906689442 0.911756303799418 2.05116111812301 2.93776117680582 1.96739528473959
0.0155996029052459 0.945061340739202 1.89154426172243 2.84629180742233 1.93609738186396
0.00821469517721413 0.957691592786391 1.99405776350725 2.9300501823781 1.85526273137384
0.00836117820184285 0.919569832102024 2.02311471344574 2.86759484663557 1.79656349198194
0.0182422611898332 0.84796713320867 2.26210642686929 3.22620980866481 1.98431864994929
0.00847573892124564 0.901843496843444 2.06939080939736 2.80377967701288 1.93987433087631
1.76226994275121 0.976994090157934 1.61024173969781 2.65561205339217 1.66858007975244
0.0130555746088972 0.990042256919023 1.86619097112246 2.83375788090967 1.89002983816646
0.0128582144228745 0.871882497985555 2.20749846156351 2.991233672481 1.96951504253297
0.014669112717751 0.88805544304938 2.21368892546821 3.12730824334982 2.1052424611641
0.0092210014389788 0.885934812185729 2.09332056905615 2.93228229159912 1.67877745288674
0.080912254618148 0.931135528238884 2.2725257801349 3.19212415534292 2.1132033211091
0.00930474864590179 0.961448717571026 2.04194230963506 2.94143991009721 1.92578508381747
0.0106476365537937 0.97822494380923 1.90423560388867 2.92588302596862 1.72855440250131
0.0131018401102225 0.863797634330285 2.07744832489408 2.92927786259009 1.86944601586724
0.00787905400611604 0.938197550102902 2.03039869078347 3.01979094324911 1.93035317651466
0.105735463993283 0.731738928098066 2.42742782193857 3.32400106549593 1.87893655399686
0.0124310337168443 0.983423339430496 1.87630628940323 2.73509232288432 1.92534876224663
0.0501917108801953 0.853437193523611 2.34518858915347 3.31187525961257 2.00484367935285
0.0200700173110428 0.997115456449855 2.05623244779435 3.00865674139252 2.15850240968019
0.015370057756709 0.975540540572459 2.08087687657051 3.17944737818497 1.85988014871636
0.0187397981327978 0.827432307737645 2.25942917137821 3.06849051145014 1.82852406988553
0.0081890278812648 0.918476645452162 2.03383266908334 3.14451084250216 1.71351151443402
0.124523338178415 0.947037826481356 1.75903628264955 2.6788964808072 1.77935895303873
0.0078764375366858 0.929208738562036 2.03685796366933 3.02340930240867 1.8157175560747
0.00834356154590746 0.923273667681976 2.08673251523311 2.93958272564822 1.8965409050931
0.0170983434279856 0.911261504921001 1.93828087611423 2.6529754141452 1.75602779965448
0.0097690195706935 0.967263533238635 2.03765265597506 2.97845860904539 1.91873949083139
0.0131984949666071 0.862378614102906 2.08065395236901 2.87554452797677 1.87139497599858
0.011779116017881 0.90057714159363 2.17545198811728 3.1620867178934 1.88697910363604
0.287620943022021 0.962617482480627 2.27590375504581 3.34033272002626 2.06835180468834
0.0102785928557566 0.869630215716617 2.12942504171761 3.0426209907761 1.79397563205405
0.0520246637857004 0.786475142160666 2.38085246988308 3.20534764419309 1.85487064486406
0.0106859111712476 0.965786931775277 2.05745788035283 2.98261165436605 1.99578507691626
0.018199772033424 0.826573032198212 2.15469906717041 2.79636720463487 1.83929384066733
0.0116300278379053 0.874808086170828 2.18975481268419 3.12736348900629 1.71274802929006
0.0145073830755697 0.880628854373706 2.01813196489091 2.79652162601688 1.84245426163446
0.00791956076463162 0.931346066316874 2.05178928151128 3.03568586851513 1.82238007240708
0.0085391548737581 0.966995026678119 1.98044917622897 2.97251677110651 1.94314895902422
0.0186951282061419 0.97866701690522 2.09281025239706 3.1944538251741 2.0913573940516
0.0100201962743595 0.939232752150692 1.95150728786234 2.87368875602891 1.66359947179843
0.0108242526349259 0.964010229956073 1.91068688133495 2.8643831612907 1.78933017173832
0.018664382098343 0.840283114788203 2.09782100362967 3.11280268507033 1.81545011439829
0.013389005334858 0.842995072446374 2.17549245570538 3.07630664080492 1.59018717155999
0.0115223698703064 0.877733369584027 2.18749738672742 3.00980822667258 1.8223051107517
0.00990288107721481 0.974160382530971 1.92057558118456 2.9214480926938 1.83315016421234
0.00926057144856302 0.935298406181474 1.9707503191674 2.87245908045119 1.81820678277866
0.0202841596867092 0.874706898969588 1.99776765530182 2.87827482548582 1.64724647974225
0.0378194754721685 0.87130051128683 1.957374330935 2.77556742732661 1.77558562736046
0.00844591418264912 0.932558490974111 2.07772511322137 2.88056724967776 1.87686544872725
0.0203266872858152 0.818330652368563 2.16898978905942 2.87974572478407 1.6964426764438
0.0281938594196893 0.917044853026553 2.23301461137322 3.08683465425784 2.04323212927209
0.049369774562108 0.774328320407431 2.21195731339645 2.96561477943738 1.78947191053703
0.0307715708527681 0.964126053876039 1.81271164712965 2.65285464916452 1.69845409010914
0.0218025219459832 0.811788867807766 2.26683990471644 3.06395602125617 1.77605588009177
0.00889178723993919 0.890184445700356 2.09882019859877 3.03235465069031 1.8747436604666
0.101512584859621 0.755728663245501 2.44682687665855 3.17399711426069 1.63692591038263
0.0133628480518367 0.979542084272473 2.05578540083213 3.03538751364935 1.9731782883269
0.112918028454788 0.867284275024905 1.90307222932603 2.74647338677112 1.68267841393049
0.0129000972296564 0.920523699965234 2.16222731316326 3.13504941274576 1.85895252741779
0.00850024918367658 0.914452509035355 2.10121381079058 3.06801435759562 1.96305512717375
0.137909675840296 0.964023760658714 1.7297093162422 2.5300569599791 1.72499961160353
0.0119597843488819 0.998220180460187 1.88168549898151 2.78477378042638 1.91791241400693
0.0215549246184641 0.814963613095308 2.2713236155921 3.06888982652628 1.88010897889984
0.00881663425638777 0.900234013107209 2.05586889534784 3.10353976585695 1.87923218689607
0.0109824907095991 0.977494456549171 1.89887355907454 2.83937909495528 1.79301528131547
0.0101473213688531 0.871778750697225 2.14419529654803 2.9813019760034 1.95675049645155
0.971851862618435 0.624463028784263 2.58766718181335 3.1711961481579 1.6409373052585
0.426797647184117 0.715905554761152 2.21838618101353 2.89168712077153 1.61665775308805
0.0238804891001376 0.805978452231224 2.27645776030697 3.08903139578332 1.78174268617763
0.0107361680352418 0.891093979716687 2.16930616867027 2.90984675402869 1.82564311902287
0.0207771428832408 0.835768530640814 2.27973850103539 3.15718361740878 1.8641726839469
0.031695836460931 0.916913848186196 1.88176301630129 2.7712898383875 1.77194985198735
0.00884729677301683 0.917256063166497 2.01211265516239 2.84116452200148 1.8593154782555
0.00880448189492868 0.955356491291079 2.04331589001292 2.99181225283796 1.91868936474872
0.0163849849555135 0.994669248801414 1.83506621859561 2.58221371236596 1.93340114974669
0.0172980903767116 0.991830694066356 1.83099374342946 2.71979109035774 1.91536542820728
0.00874865390983011 0.893013233867198 2.10110502825004 2.9053905346332 1.88491366833111
0.013837313544802 0.841999178137534 2.15640971539597 3.13887488607348 1.70286748366889
0.0145572011359149 0.924104581754503 2.16962304850995 3.08071171707377 1.89089709155984
0.0103112938134618 0.873625637165463 2.15857675946831 3.32231158418087 1.96744051516714
0.019906408154104 0.817727138740401 2.25653636776622 3.11825586746558 1.8033207461598
0.0109499546070406 0.987569782024565 1.89755390614323 2.87655458658206 1.88642934814547
0.0103104133723872 0.969207225518313 2.0431126088189 2.79227245773519 1.94539061034941
0.0122151446732616 0.860591689447813 2.19642761874208 2.99480138991767 1.92289556682605
0.0281342562538932 0.792542975688677 2.27306415436247 2.99653123398497 1.69732968010732
0.0373018135804016 0.826516615444318 2.06496375331892 2.91696132844616 1.6777231849936
0.00794143590287726 0.925086489859327 2.03650335237369 2.96309851154003 1.95209882051075
0.0101469481704022 0.965105546891278 2.05036486871382 2.95788720810002 1.82367524956781
0.0108016486375896 0.871945494613893 2.09140300143277 3.19464147058793 1.7196982879389
0.45765685769915 0.696422989870905 2.28851723158168 2.99834761155901 1.52966549903305
0.0410805205742822 0.919219977570961 2.25385262881034 3.09967912698193 2.08514930649704
0.0089232814420703 0.914424463999334 2.01607428370123 3.01580904174394 1.85689600555838
0.00987174730809178 0.981977944856364 1.99460403242582 2.88233556344832 1.86452604282366
0.00927109024161936 0.894223056099836 2.13579774535556 3.06172919262227 1.72474667686457
0.0105198888451321 0.973512170131239 2.03561315977556 3.00471677479633 1.91182622228968
0.01277720344959 0.847904885983554 2.15508351398497 2.9364586464676 1.8273463318519
0.0607325755862589 0.770631839647523 2.19881601562469 3.03129432283049 1.54053375135019
0.0256829750258425 0.797380670465185 2.24539179323819 3.0212110523187 1.64940569885467
0.0231407276348987 0.891385002706083 1.9513566267795 2.85705417293485 1.78486249108162
0.0116692097488804 0.894579034464368 2.17970465231186 3.19613640699969 1.69180413334651
0.0287566223532357 0.812315344595612 2.1348354692127 3.07143826248221 1.76571820270241
0.0244635013898865 0.851996929475049 2.29174253300878 3.3257879244792 1.94343693851099
0.0143946934767425 0.947434280078442 1.89599194299386 2.93720517215738 1.86833147169951
0.0175569132839756 0.90638246122342 1.94500615160624 2.70531383639999 1.74528554472498
0.0101809725122497 0.967848460137417 1.91785459951056 2.90309400918229 1.73459681477518
0.0256489418572064 0.827722939889212 2.30553717297686 3.14030874208298 1.99124870629171
0.0227971040558832 0.99718423819546 2.06760345943852 3.0389670108117 2.08747331131089
0.0180050592375963 0.891970046619327 1.97119935249152 3.02386434605648 1.67197576696947
0.0263655498383502 0.975671546772802 2.12689050268494 3.10012633986753 2.17392023736174
0.0150223583355495 0.863056673010363 2.0589399908937 3.08709695697573 1.82434360212319
0.00846211661868981 0.912860902564926 2.10079084310299 2.97872739518843 1.89233041164148
0.00787480417739481 0.92928743733379 2.03712911512555 2.86164077035448 1.77430448836019
0.025299607854187 0.939012974815695 2.19162338380323 3.27282914807969 2.08380980815308
0.0150118863014209 0.838108341121635 2.2212349075156 2.98381139006981 1.88436095388268
0.0085382453916178 0.966526839045709 1.97581150133931 2.81762425936372 1.89956129591697
0.00790374272903386 0.934289938952712 2.02295071761923 2.97503682631154 1.79546744455848
0.196296090791936 0.743074177977665 2.1847761693704 2.8608813085224 1.61193396876669
0.0193050798228736 0.819697176319993 2.17551338092466 3.01276374715578 1.82301226682605
0.0186809512408697 0.827508643411927 2.25887192710561 3.19798498691143 1.85700181423618
0.03834280770763 0.827587097931169 2.05976761806867 2.93946650212808 1.54552148005766
0.00930615513469656 0.889699445041458 2.13595811836171 2.98168781234399 1.86462425180086
0.00880299865612035 0.902597121852184 2.04919856506952 2.8488268738584 1.97834948708368
0.0160084266453412 0.850622385446742 2.24390973608641 3.03795485732184 1.88950338838052
0.106488067475656 0.984229624544556 1.71588128326543 2.74793886686592 1.68103720761599
0.0111600471342803 0.973300380874413 1.89862662520999 2.87211146855319 1.70943053545137
0.0123389901952898 0.921820927755927 1.95202566230151 2.83313898932681 1.84056774206233
0.028310763441642 0.88613109141049 2.27298156205798 3.18930576562435 2.02220452153957
0.0123754988994567 0.937021085460707 1.92699321899236 2.83817284732602 1.81443796288668
0.012040924693649 0.870606828861079 2.19659143745416 3.03630156244649 1.89415982936794
0.00797221256984422 0.937929630355528 2.04521186476792 3.05572666613165 1.96670649412937
0.0126552574222921 0.94332705591239 2.12433200938452 2.88545819155639 2.08512328224272
0.0140227575098544 0.849661891440285 2.11363186885003 2.86009685919485 1.919781300649
0.00842163741286948 0.936216088299277 2.07088379927787 3.15816288162246 1.91076085118106
0.0097029220730101 0.976303992889444 1.92556776465821 3.10858998590241 1.83425331321641
0.0079408890958825 0.944807686127993 2.01757484914598 2.91432145435798 1.72557268352849
0.0109310109218768 0.948027288994726 1.92693180585719 2.9635742971218 1.78191314216991
0.00827548447930936 0.959670544011345 1.9975418057476 2.8092986290711 1.88953484468261
0.00967400338769919 0.899799940529001 2.14417440861415 3.05017304384452 1.9111017786772
0.0092077593137265 0.885055314554581 2.12194285426861 2.94135580767365 1.90785274604139
0.00889830487463887 0.896472558326567 2.1219556672747 3.07584694090197 1.88671864680894
0.00978474700619964 0.984716274296329 1.92926011063155 3.00718508326534 2.03958568949313
0.0187237616525404 0.81745336182788 2.21471758403568 2.9175466228809 1.84128993612375
0.0103205423685957 0.985901412341819 1.9117374635172 2.84221525740332 1.89625035423701
0.0196482981430414 0.864218863088512 2.02543576718726 2.92480733319747 1.70000545255031
0.0124789901789051 0.900289505849311 2.18309735988551 2.9821150707739 1.7911131850569
0.200784685130496 0.946561219224466 2.28895610326152 3.25251228078942 2.22001396445385
0.0136612228049485 0.847561610515199 2.12907156231616 2.99279973407151 1.83480621425372
0.315023293493022 0.675649334216336 2.50446213849337 3.14127769671237 1.49799628901442
0.0115534469658919 0.983429447356787 2.0248521904283 3.10537666724553 2.12777457229707
0.0184021761589008 0.960334334746389 1.85650291695317 2.76511541287398 1.84300813294221
0.00794144411215573 0.922444347793114 2.04437107168776 2.89821086145579 1.85537994519274
0.00885277257927302 0.969929357432695 2.00001758397902 3.00238758908048 2.01291134809254
0.090945283697627 0.854304919130523 1.94094947770628 2.76653475906804 1.5802360341983
0.0224603951090592 0.839555695889733 2.07720441931023 3.00569814271676 1.74673155483061
0.00890948655403912 0.965283440651475 2.01945646901862 2.87869983053724 2.12639825567472
0.0173362787225281 0.903005713696108 2.21408531811222 3.08668828927872 1.90878226474673
0.0249454677466428 0.877896462274069 2.27220396639769 3.18428819979811 1.9098523396365
0.0111365633922522 0.925379033412877 2.13782200470829 3.02451611439434 1.98149472187397
0.0122542101835829 0.852637635399289 2.14165155672251 2.82431004478456 1.91234064174316
0.1970219215382 0.888231613801365 1.83700431312299 2.6983155238547 1.62352954142886
0.00836633458447575 0.937453799371255 1.99144205613895 2.84169885311895 1.88649023663163
0.0109979576592081 0.939159075154116 1.93826986081761 3.03441908222088 1.91954113494679
0.00960671604900112 0.895606905093006 2.14483848604783 2.95030409585624 1.83304153991125
0.00861076726120308 0.94646285930657 2.05750659984513 2.97098411606171 2.01411848619247
0.0159220901787549 0.988080919757776 2.05518557005581 3.15324625676537 2.09848844268362
0.0117804238344627 0.971922177940558 1.89160562240875 2.8911512591768 1.87512333466698
0.0116746839888024 0.915640166205211 1.96977394928969 2.83080005988253 1.88658755838233
0.0101965717159433 0.899018143390938 2.15486980428645 3.18169086470638 2.06612145759109
0.0108707770738296 0.935768564947357 2.11863357083671 2.98436922716113 1.89734277609645
0.00809324086381094 0.951043022798146 1.99608605414949 3.0616730471201 1.85781713880331
0.0109384724991949 0.998544488539905 1.91044625567748 2.82483054453093 1.92077833591777
0.0130602613425166 0.964168504700084 1.88584514262357 2.84010087000987 1.81019674202092
0.0090161834027622 0.976056488031679 1.9781909568798 2.85098493563539 1.83590319565223
0.00827987589733038 0.956390976909073 1.98196241109203 2.97483492713329 1.76164813735845
0.0820574993894691 0.846152968981134 1.9641955318947 2.79725065207832 1.77937675795324
0.0158989998276746 0.928452131665542 1.91507755496183 2.95615648565432 1.62072140859219
0.0299993342953344 0.79322252994052 2.21169276914647 3.10834309129638 1.77876834490483
0.0119585285106862 0.901116774325435 1.99560331549863 2.91939222288811 1.80879750862757
0.0150258339024121 0.834012429809618 2.17917718373289 3.02391146690582 1.74276388884399
