0.02722327718814 0.796125969328889 2.29151101382375 2.98224662956175 1.72055218518544
0.0104292342120509 0.937651291748347 2.13420187824427 2.8659527316884 2.01111799011687
0.00800330743445521 0.903749448750493 2.06572820627904 2.88367234810122 1.86281266496271
0.00767949166300607 0.908671969027207 2.0645312403451 2.99608293207657 1.87288497856496
0.0131405363032835 0.983767835511236 2.0541048937642 2.86611304123441 2.01824769512814
0.0135942619686213 0.916131327592238 2.19684133945826 3.10110877757108 2.01217433553689
0.079508932411728 0.786015451841976 2.15628357501967 3.00860312223375 1.74194543445196
0.0467303589499971 0.773345704767929 2.35588193175973 3.1185626022764 1.96435220490895
0.0191820285470357 0.842343546771274 2.29656262025451 3.31837908532436 1.86545638153331
0.0098914584513768 0.868579739565308 2.18692779795175 3.02437104930128 1.78328046503403
0.0847701795632076 0.885360186655709 2.35290918486242 3.14725794812832 2.05002016857622
0.0139979237040468 0.972914201534891 1.87776589534394 2.93749117754946 1.90518713290976
0.0153557849878926 0.975998763807599 1.86573613726226 2.97116324773781 1.86031722485781
0.0732081484553499 0.844268970361195 2.39257540421558 3.10484606636153 2.06850227345197
0.0224384578031025 0.991982781618484 2.08242872160394 3.21123528016966 2.10343540779126
0.0158586263309061 0.835202802426648 2.16633165037969 2.99052522270209 1.85000055480739
0.00729231437128152 0.912235731628524 2.08748565953677 2.86248549934201 1.99309984558379
0.014765110488474 0.934082775886975 2.17485265880222 3.14338102707483 2.08424751884694
0.0108882280430912 0.962986796763804 1.91562435336409 2.94873896035204 1.9375496984517
0.00971683160423328 0.870196360375109 2.18305557863949 3.05871585595881 1.79617427830193
0.0132405351321082 0.844286301256009 2.23526052198032 3.06499107560951 1.94216477363663
0.026002982876745 0.941298886511884 2.20302015153692 3.18863871279658 1.9797791063089
0.0482883190309089 0.775165793906459 2.25572048344123 3.14720486752532 1.59400182428874
0.0170820012932609 0.833169668836965 2.1604985881493 3.10799797378166 1.89936364832273
0.00816556409434408 0.966683301352202 2.02238208816201 2.95301971178485 1.92308579720713
0.00708780403377131 0.931077861444416 2.05883219153535 2.8850027652781 2.03025330032028
0.00776420681446501 0.942484011292299 2.07734437654219 3.1576755232114 1.93550037816129
0.00736429084215153 0.911426698707087 2.07652135815024 3.01276165844725 1.86944880110094
0.00790419908226274 0.96295950768324 2.02418287445065 3.08739108502982 2.03218699412451
0.0242121820417882 0.978264776754258 1.82640385948538 2.7497357812812 1.69821635427612
0.0178235387960541 0.998083680664403 1.83351176146135 2.78035427715458 2.04096510946592
0.00899984482316404 0.975617526625973 2.01823070320028 2.92238081793583 1.92718418302805
0.0452476989641786 0.80401638350956 2.14620048868092 2.96779283639037 1.6785070102882
0.00893805664696497 0.882102767999739 2.16920705794566 3.05535917285467 1.97030889551549
0.0617243537626196 0.896766328678534 1.90519348957228 3.00206613414112 1.42171632013914
0.00828513872274296 0.886560807267777 2.13424534537101 2.95636867216442 1.8476399763828
2.87583751591654 0.913539613439442 1.72624476354938 2.6406672788616 1.36878575868987
0.00714293946549316 0.921497663533851 2.06845678978048 3.08639262693558 1.93023853130139
0.00782558361762823 0.957029607759554 2.0415543993565 3.09099322310456 1.85496587252842
0.0138969576747288 0.98355759846818 1.86893345047918 2.82304816657394 1.93840294780834
0.00712094316394087 0.931245643392607 2.04474623096007 2.9912380182266 1.85210349014441
0.0197630756037519 0.866171903031316 2.28676275958161 3.05169816988934 1.96476242144467
0.00942869729606085 0.978703117013212 2.01837073620592 3.00522158661757 1.8999902648321
0.0337393620433268 0.877218431342107 2.31410770622573 3.20140016650878 2.09612908955918
0.0117174606637787 0.932173209372027 2.15675099941937 2.83980313246136 2.12872759878308
0.0117212219434244 0.852153374755482 2.16344392031221 3.23907760750143 1.88709034038693
0.0115789794661429 0.853482670233636 2.15991167591289 3.20110122843807 1.7975006299079
0.00758682308713455 0.90548000427275 2.11736337857272 3.21799612863469 2.02471753711492
0.0252683255952384 0.998162918943961 2.07543353454955 3.12624469704681 1.95773844252065
0.0101288926449447 0.954865595099233 2.09550374904532 3.02272590512847 1.98649863063101
0.0140975862420709 0.88060728004601 2.03893679578295 2.82888318311246 1.88706988964619
0.0220783555140864 0.95396681320462 2.16789610474938 3.41042004844913 2.01040113686151
0.033239448743002 0.802962077065036 2.18256650265222 2.84115861776856 1.59478272904716
0.0416019701899973 0.977470823538056 2.15802971596625 3.25310792221256 2.0148355643412
0.00916732005201618 0.879977571164226 2.10812164030557 2.91013405600928 1.73084123573383
0.0126603833651414 0.972204555577256 2.08055243251446 3.05320928438143 2.1894987612788
0.0276675179808654 0.926990916998839 1.89350695739587 2.62528695407686 1.85447403969343
0.0114797795811717 0.951866011437171 1.92308407152046 2.77524591634197 1.88990848298099
0.00861262461102272 0.881647743249474 2.13002830561362 2.90850542765697 1.89046926616174
0.0076354079189139 0.917080775652515 2.11468870396513 2.9441007332714 1.96342885153089
0.0121488318700291 0.896320857619562 2.01764048710127 3.0563768966094 1.8439905089939
0.0104969184100833 0.922644513447043 2.16047099799513 3.03370697232657 1.95966444349835
0.0234372341606903 0.900161480797485 2.26189181698151 3.09560146722096 2.19484279605437
0.018335547145237 0.901065481926015 1.97040598370194 2.89460828437531 1.74223413681354
0.0114812537515621 0.900450384669533 2.20065614640504 3.10008130733185 1.8251336745876
0.0171927693219253 0.846407207647846 2.11171871070593 2.92687607568794 1.68286896270342
0.010889726611028 0.8598947302935 2.14570743595275 3.0673785163583 2.08545266539927
0.0216927188714243 0.880004707300498 2.00267663964529 2.83128972955785 1.86470540891627
0.140519567469487 0.773429387348646 2.47256882283212 3.26205445328995 1.89872517272703
0.009033948794048 0.882552343428231 2.17298263991194 3.04821229389976 2.00810231143004
0.026088737084432 0.810266816873001 2.1867696090863 3.07852459331486 1.65547661731682
0.0075968790469619 0.925599514542821 2.10259004680165 3.03370993351877 2.15547794085029
0.0120267325452985 0.849607666302603 2.16962295290888 2.88956476074413 1.73974356448391
0.00811816163291821 0.905527485563691 2.14116371215479 3.15798315643859 1.96809287411877
0.0197248658670372 0.906697288695102 2.24070239406773 3.06048510973605 2.10052866314683
0.0338154562265385 0.862019119151823 2.01248752541851 2.93779924403356 1.86126089374706
0.0150909504092214 0.83158412120215 2.20528804925923 2.90794612420075 1.94709058064962
0.0131988163434371 0.963522253827416 1.89397437569049 3.07277874431514 1.9324238174548
0.104194924759479 0.740678458780254 2.32976619352125 2.85644139827388 1.69713978399893
0.00816599032919785 0.959731420764911 2.0458989897714 2.9883139545702 1.97474448673345
0.00887902472317631 0.883956954372771 2.10214664823915 2.9764922388076 1.84248590589793
0.0221469599645873 0.937053889534682 1.89090024238143 2.90550051033288 1.94727639338501
0.0474368672423683 0.825219001242825 2.08092354139055 2.83636259840081 1.75638757776841
0.00828638843664526 0.930483416309205 1.99911796907737 2.97992289104611 1.94559466541951
0.00772537083264772 0.905875684317376 2.12584790759249 3.04651450592902 1.81906917171306
0.00719062017696642 0.918094141593199 2.07317214908891 3.1091101810455 1.80003256687901
0.502841363837698 0.699352360388574 2.52160572471321 3.46718929056666 1.84601776249117
0.00758119232977025 0.925958505637678 2.10148123471616 3.0773360251829 1.93356485164011
0.0111460111588835 0.984984177816204 1.89637098127816 2.97851923506729 1.82102823273073
0.0419564397224089 0.833833972388391 2.06687167732867 2.89557540200741 1.7914365546294
0.0575367094824911 0.993415406349211 1.75413605733737 2.89554687052733 1.86686950271805
0.0080143284685842 0.936049822921183 2.09762177920616 3.06882916859647 1.91001803296986
0.08365719818419 0.746649124070534 2.36282083698389 3.01132117877386 1.9563930708212
0.0277785201483518 0.830773634667109 2.10826876020683 2.97405572721128 1.69050571192563
0.020193981743832 0.826714972255521 2.15877632144226 2.92256995147505 1.86324264144682
0.00854886692283251 0.928129343657966 1.9978064419538 2.91163940998086 1.95458466995111
0.0230104863442195 0.95307065362181 1.86330110091398 2.89323866675483 1.8465964667821
0.0287522718627114 0.875092093113839 1.99363256929837 2.9090256210044 1.73841187207466
0.00950010290761618 0.963664715233961 2.06512430422477 3.01854373122969 1.96791434412299
0.0162856136321349 0.835667356745762 2.27134497179504 3.12832152279226 2.13617574219056
0.0120559874877138 0.963346132001078 1.90352608389306 2.80726523162584 1.71473294406068
0.0329089451537142 0.860379637874428 2.33017187872021 3.37325701475968 2.03566369330879
0.00977678532815079 0.98641947910502 1.92282833846531 2.84243232020613 1.93500023959822
0.0145166063948026 0.982405674687387 1.86525466518267 2.82464600148191 1.88380810774709
0.0103600839141861 0.871472560067982 2.10882778382158 2.90597588985595 1.83271205077358
0.00768062994315152 0.93783225846126 2.00360964255741 2.80311220233904 1.9804304829299
0.00769609232279457 0.954365169182803 2.04409297746512 2.77413506941587 1.98051403949886
0.0100052829113566 0.876992592165629 2.09689039994555 3.00873710421901 1.87077971106741
0.884479529735901 0.676318740517463 2.51027590077897 3.18586573526919 1.5642480821537
0.00885689453744021 0.887205139705049 2.16895934713142 3.27917288906926 1.98945095840392
0.0461830117101972 0.994034928996023 2.12586240712504 3.06588215398424 1.94165542034004
0.010790280711458 0.999572765232543 1.91428477092371 2.91875287774913 1.82333092260452
0.0738155855855422 0.819757574218032 2.0664847501723 2.73971555380695 1.68024074401323
0.00951427606967897 0.914289191816986 2.16008667170025 3.28961475226757 1.87320963779512
0.00846898483196329 0.924760469714734 2.00557459785548 3.04101800671167 1.8747917590363
0.0168365944301273 0.968211061192997 2.11703636016874 3.03990763466649 2.1488713789441
0.175272069374808 0.803253050132504 2.06055041257738 2.93469036368744 1.6976850628474
0.00761035714989289 0.957501502329799 2.02782449592966 2.87240032291953 1.87696889707235
0.0138424830918266 0.955717654432923 2.12733711033368 3.06801300718667 2.06283858627508
0.0111093265341879 0.855622161620322 2.19990957071934 3.08204883604965 2.12618046553788
0.0167508446359607 0.826172520727569 2.20234249833677 2.85105745777136 1.84898585100469
0.00834883935719223 0.885435569985889 2.13564981523382 2.88677321726966 1.95811445123096
0.0160311044102086 0.9636076591187 1.87612360294929 2.73977284442926 1.89650782252917
0.0307611320371968 0.795550204294662 2.22933127024272 3.09726957573704 1.75140150976424
0.0169811434582416 0.967883179924585 1.86600076469337 2.82163380722575 1.88464685337796
0.00755566814819483 0.90647495969314 2.11558168043428 3.02967148476467 1.79637014544273
0.0572645738670246 0.923026305989769 2.27862760932483 3.26585601355558 2.03283380910694
0.0379404440351074 0.790702957444494 2.3590418894334 3.20146924455745 1.80153592002997
0.0181785477364672 0.949787517848795 1.88510535589446 2.79298508235586 1.80896521583006
0.00965350238701335 0.942594081679633 1.95663276242231 2.70996412970206 1.83002093247792
0.0104814308311397 0.987175364043756 1.90699787551344 2.97655108125224 1.85496009238943
0.0105014271650731 0.875003283207754 2.09381854469861 2.99425598188895 1.91418361202587
0.035253150192932 0.802237947302104 2.17807258589211 2.94757186960176 1.57577923640228
0.0160093969546213 0.829564005155182 2.25548276963065 3.10161335750672 1.74063856190697
0.00977401695921615 0.969876788665536 2.05289467358889 3.01949830757189 2.07781391392813
0.0444202954749034 0.839222766482507 2.36780913364311 3.13932771389606 2.00289728827264
0.0100613475189516 0.904093971635641 2.0227599063245 2.91235195206601 1.75183858396668
0.00807075872272026 0.897646720169997 2.14194697991752 2.92854440272742 1.82382236025494
0.0216273281374141 0.870720912082956 2.29015906268702 3.24511241687608 1.89233072008585
0.00714907683015569 0.935236521043777 2.06126947486304 2.98783668162219 1.89925286389811
0.00755594718583174 0.950100237202547 2.05012162980114 2.95582677427895 2.02051661106136
0.0283268618749708 0.90214119714361 2.27152487918425 3.18389572079758 2.11376536259804
0.0154069547488813 0.908871421931664 2.21828537519512 3.17093367811267 2.00731324467897
0.00729395239089248 0.943045960627263 2.01553757180415 2.87759512121771 1.88905988141053
0.0121175719201428 0.942221602390919 2.14180743598467 3.00850333600755 2.07955649743216
0.0124808426967473 0.890690899410999 2.02767382162423 2.92698341415654 1.83630302369758
0.00859047761435595 0.933392422066458 1.98796687855334 2.72497495003846 1.75794466464265
0.0548862625452856 0.985512099474416 1.76624691994151 2.80247378410026 1.71802451553951
0.00757221348050976 0.943118668091485 2.06893394078175 3.12831686541163 2.01664380620699
0.0203294381810925 0.955321706400248 2.15931651422983 3.03283925533934 2.00712625820493
0.0329575132252051 0.985887571028917 2.12466841550578 3.10879756178442 2.11627396454766
0.0281287377080287 0.797934290487358 2.23615297668224 3.18486678767196 1.508032383296
0.0304015070259295 0.857399395190066 2.03062717973689 2.90282162004307 1.69417277427756
0.0105645564517508 0.91288198376405 1.99786600771628 2.96576044904888 2.03714707527559
0.0397436492443435 0.980816685698113 2.14788537461171 3.09207744494053 1.99677891329846
0.00820730678086471 0.906474296659781 2.05173445334032 3.19220849826003 1.73255052107859
0.0551042070062686 0.990502100618323 2.14422782889087 3.22902176449795 2.24962640802526
0.059961777087603 0.761824385964511 2.29952270725241 3.08138147968625 1.75631174830996
0.16421020865656 0.723026703600081 2.38334965803809 3.06576571537792 1.58251666091616
0.0145312962413651 0.83817692927155 2.17298168855534 3.01884719209964 1.9342555341558
0.02860042726245 0.984629423892353 1.80749537504484 2.86700995156971 1.84726315128968
0.0125624580840195 0.853029264402844 2.13849837689486 2.89527644379755 1.90324664714869
0.461800142134811 0.698109134006564 2.50587174441307 2.94454453460023 1.79355364219604
0.0119389421313416 0.848288151990617 2.1981256896184 3.01046597910032 1.88683993093591
0.0262636627890601 0.93175217916823 1.88857093131612 2.70252939897357 1.45516749664074
0.0109166817071804 0.856497888568888 2.19277682898109 2.80929823242685 1.84557122265897
0.0139210088686164 0.917567934895112 2.19682837786702 2.93369788271053 1.94822088348765
0.00738394965051688 0.924099260918532 2.03937791608635 3.16957313900779 1.94536144132515
0.0110453013895407 0.856695026619613 2.20156559319834 3.03218758984554 2.00890475920705
0.210042638996063 0.715975956358383 2.37606193590668 3.12061895050624 1.8661595143321
0.00782877780264792 0.963385541682916 1.98229854728365 3.00027630915359 1.8133079027759
0.0327993448054074 0.792899611567351 2.33785987482853 3.04990684421126 1.8072488329286
0.0112874948390058 0.868117384144697 2.10329073424674 2.98980553863378 1.90489625832235
0.00750797347094935 0.943665847466841 2.00295271415322 2.94100270096645 1.89813254021703
0.00993145340823118 0.936442859132866 2.13049476982627 3.23689147116755 2.06497727524688
0.0113729068221274 0.859325856862013 2.21722674367414 2.92811947637409 1.98537063696968
0.00802085723221998 0.923839048604915 2.0176398765886 2.92873958218858 1.98036597336233
0.0088369616958448 0.877918975936126 2.14230061748983 3.03371461086814 1.96449600910955
0.00745136377641517 0.906853490749262 2.08858596176514 3.0756393629026 1.89788892340596
0.0079009848394692 0.896966366389733 2.13214167578415 3.07903568896593 2.00704766671837
0.0134726647374731 0.882017405926232 2.0402585760864 2.88604213656703 1.95564786413026
0.0106594060539974 0.896521151623916 2.03265322514777 3.06321557532308 1.83838626085786
0.0186003427563216 0.945651592064439 1.88962535666118 2.75152404121447 1.6797195876051
0.00750542638403298 0.911975400571112 2.11245325843644 2.81096642606427 2.00265251771833
0.0211428294417017 0.883929516740397 1.99589454660339 2.78534505708296 1.65049910397316
0.0258602736020781 0.998751407646044 1.80091382891687 2.79243428185021 1.84421435021568
0.0375586236273156 0.913908221445747 2.27088781749019 3.38944396057719 2.16604943181836
0.0107391396648717 0.909469489352041 2.00295549969593 2.98048692040305 1.71223069021733
0.00842748008497774 0.960968572637221 1.95819552542855 3.08254540960738 2.17607794160397
0.0140939106871012 0.962075822163433 1.8894558822947 2.88777248721212 1.53884150436846
0.0118589891448995 0.864277075147726 2.22858688193115 3.08509383189443 1.84131464816198
0.0112960273653285 0.905383685628223 2.00576439504823 2.92174240627524 1.86439933352437
0.0375974797243759 0.784771035408035 2.34496197699398 3.04135888027613 1.94173701930397
0.0191735704126447 0.824436578519718 2.17723487804526 3.02213651135464 1.78310386938009
0.0119412972896649 0.878839594643178 2.06268458698152 2.8880365371259 1.75185835515019
0.00766417455483355 0.954846754303783 2.04096620346495 2.95902772504279 1.89759901042109
0.00855668770615832 0.978159181538018 1.96381618734105 2.97498013377842 1.98253916566083
0.00958668670495888 0.989646313433902 1.93639229442712 2.8249858757196 1.88111337724835
0.00743680494793391 0.944940275231056 2.0582076583596 2.86581469858375 1.97661142552972
0.0222470184029793 0.996772237985328 1.81453314457714 2.80641815667159 1.78188625062049
0.0139280050269034 0.873780268867058 2.05755090991348 2.76119056731264 1.75896404557316
0.0113096263505801 0.965216825895945 2.08496498340698 3.13071148992716 1.9060549484662
0.00738770591747993 0.929504997255672 2.08787359475156 2.90419062139976 2.01596828478389
0.00822413422152514 0.956576107991064 1.96674401503876 2.92570329306986 1.83409442463425
0.0554649547237553 0.833539433632078 2.38605754978234 3.32358986189133 1.86955224556969
0.00868513568283316 0.888664951538933 2.16371139092108 2.98038219112302 1.89541837566214
0.0142448352269953 0.933971669773966 2.17197009943172 3.13014982767503 1.9145504785554
0.00803792803533744 0.969632381896998 1.97967446115067 3.05056646334064 2.02419040761711
0.0528662895933519 0.765490401100688 2.34636223390354 3.26794074030367 1.91812604591913
0.0103876175102108 0.972195190666208 1.91353753800756 2.86872533645901 1.80326847660364
0.0119300072170696 0.961049909600444 2.10081860586612 2.97590810779833 2.11495671871279
0.00859632243881053 0.886270676292241 2.10392396416284 2.97884406500893 1.834615529009
0.0187370836548524 0.84631203708996 2.10186547238587 2.84227028413925 1.58976945743753
0.00760041259278418 0.941370596194198 2.07400179322181 2.99757765082717 1.93138466511728
0.0146816427995499 0.850808777441582 2.11879053975669 3.17343612891732 1.89036112209038
0.0100907380501638 0.943166805904859 2.11968573822981 3.13733555241372 2.13785234642173
0.00918727127560971 0.904282720289126 2.03564352314196 3.12937099259216 1.77490426935389
0.0192619734887484 0.916578826609117 1.93653182209497 2.78299494211812 1.94667003741921
0.00782884756333431 0.903635035301148 2.13115146087049 3.01101553000986 1.86264861526426
0.0709312136155853 0.96650646186457 2.20944777110376 3.29720296502982 2.18045403655308
0.00981240970712983 0.94857479382147 2.10506430887527 3.01110388945199 1.93168479057247
0.0140369053876386 0.985784719466349 2.05592254552613 3.10111005999463 1.92805421924731
0.254892600516813 0.748998090861675 2.19026387518039 2.88906555322961 1.57452457863601
0.0134822877984285 0.838757213019166 2.21063678791782 3.02397104380833 1.92824088884019
0.00753126230753162 0.916345329315065 2.11095075062953 3.0508010569444 1.90167492025955
0.0277749420040673 0.995314223370948 2.08988797844245 2.96305143236346 1.9833625260241
0.0131096122730487 0.926555349838575 1.94974169312196 2.81228906636547 1.82105086049374
0.038546507964387 0.993068834012934 1.77859518039345 2.74623451713262 1.86704007545325
0.00786168790680534 0.943594370914713 1.99015438481596 3.03320336973227 1.82789680143793
0.0556250657566977 0.763258334064142 2.31539340846013 3.06251629781371 1.76737376296452
0.037814169744757 0.85582270528235 2.34347627917214 3.12343378279651 1.990509221684
0.00969650682177165 0.95093448777357 1.94461185820696 2.81064263678895 1.91399342383803
0.00786178199769431 0.946980486754473 1.98624184469367 2.86765403569696 2.01521312868216
0.0155858712170579 0.832667357425151 2.18388004343514 2.96498839777279 1.76902430864945
0.0129605438410423 0.860687447158615 2.10478762910622 2.82036847265791 1.86188515588654
0.0116378481377616 0.943327085388767 1.93381500708723 2.71003509938337 1.79365897615261
0.191505167594082 0.89035131661188 1.86681179871525 2.80662850684946 1.79418949250567
0.00925419313311449 0.887259799191132 2.17948978172332 3.17269511538702 1.7897046314299
0.00795272945254995 0.914438194451438 2.03953917573788 3.0959100909267 1.78764798551656
0.0107985054504031 0.967794555783052 2.07282624577025 3.06370629398375 1.90735174667514
0.152863857680199 0.725795166993899 2.37004338072461 3.1108420192775 1.65876916194606
0.0152274498113036 0.841336598350393 2.14783093285597 2.87890454953127 2.01611501224263
0.0466325014357826 0.874782037563213 1.96478458841073 2.97973120642112 1.70572089693054
0.00795716193985667 0.966760695798182 2.00978858819769 2.86378668473697 1.97711855252361
0.115249750551028 0.930964092224695 1.81270727196477 2.69567845863692 1.71938797013883
0.0296347006975442 0.793711782559021 2.25192984731923 3.00566327847817 1.73228891823339
0.00839248452834381 0.975548584740619 1.96755619694493 2.92338620439455 1.78904079870955
0.00717820928821555 0.921129067320385 2.08266248710591 2.96242784936252 1.89626264732008
0.0178836424217007 0.875020101981907 2.02986103091975 2.94312146002804 1.70120961259312
0.0086310972644262 0.922131673564749 2.00738338181501 3.09836016781536 1.78513341413754
0.0280569864230768 0.874201985025038 2.30555757890179 3.19112936561915 2.04967994031889
0.0501665076902888 0.855644585131906 2.36074105785187 3.15354157203436 2.10099766407608
0.0076697535676685 0.958060135912255 2.02974450946622 2.98616152607617 1.83123967924212
0.0115045016855926 0.986023788151491 1.89121311311459 2.8593586254244 1.9229557415366
0.0137154108021534 0.946232132819239 2.14582301327103 3.16921784657002 1.95013612931784
0.00906594895140596 0.938477898714603 2.1143354407479 3.04560721604033 1.84672005488424
0.0268471797008529 0.829161467396603 2.11638122982701 3.00298754386487 1.8240022925799
0.00991162316307233 0.944514412862641 1.95043023409136 2.92940735829808 1.97692443122782
0.0123626955341834 0.976993877808492 1.88725262555796 2.60438133477317 1.8557808007623
0.0195606392689219 0.849449269844459 2.29649734412784 3.17516991191273 1.99048952533487
0.00964589204953588 0.917618498354891 2.15739102689334 3.03982957208563 1.95868726449649
0.00825431759855799 0.889895293366564 2.10529765205181 2.99598930519349 1.85472021428765
0.00800744499822788 0.90176157488475 2.13913729206556 3.10207508631258 1.94329736577017
0.0102244229057616 0.983176199069683 1.91155080203754 2.90874546288843 1.89720178516104
0.00810914711988754 0.951855715665725 1.9739700428609 2.90709151808296 1.81173207201703
0.335012305428209 0.765558851291842 2.52400262052854 3.27906161372824 2.07771853038969
0.0329372712943956 0.950076934157404 2.20102439220213 3.16985333366932 2.23517914764108
0.0565429743608456 0.914749399410274 2.29120066399579 3.24633715464777 2.1766595181345
0.012602958748166 0.909689722531466 1.98533461168612 3.01022359107506 1.87170218966916
0.0100785737910923 0.863523230584885 2.16481196124179 2.76391693299218 1.8615186798417
0.00721870918650867 0.942056290707433 2.05074466577154 3.00835291416835 1.84053326714615
0.0818867210329926 0.753416103814188 2.40630594572834 3.06051169371457 1.79974676589677
0.00883526190161819 0.961835679071562 1.94783251107505 2.88335560673095 1.80812728790126
0.0169906755743554 0.870978877508084 2.04438712774631 2.82984252987646 1.72261734230158
0.00780014424941731 0.948436810286885 2.06464090832965 2.96525448878335 1.92968765324117
0.0113734497670203 0.966992719372509 2.08129253419872 3.16983838892885 1.97273608569046
0.00916654335758932 0.894230903886677 2.06159423932967 2.87994116627509 1.87439675278263
0.00791407488654314 0.941765969886707 2.08348063147094 2.91684589577914 1.87330222436135
0.0569815052124228 0.79387178669651 2.40492124034459 3.28673400730194 1.73507942212991
0.0574109651919605 0.779879218417039 2.2082127116104 3.09445521633534 1.64278944024779
0.0842674372797111 0.753709902018793 2.28027162933053 2.98681591640733 1.66538819093443
0.0365930606797302 0.781374524544913 2.29453362528018 3.07628076885124 1.70873385819845
0.0291059155798249 0.849807342428901 2.33049190508646 3.24464716220338 1.91160578600751
0.0197043078266269 0.89322886931443 1.98116181672102 2.77797865969082 1.90373645969507
0.0505170944894252 0.952222056560742 1.81751132051518 2.84056545767886 1.59555661482331
0.0392822841977873 0.917196127146265 1.89039450904832 2.88286106604815 1.85558095643558
0.0118537667888106 0.889005755386948 2.21615670036145 2.90568176533018 2.06558159509352
0.0153121325419472 0.959599460370697 1.88520646916137 2.88138478087222 1.8466372273472
0.00952251192253462 0.884992298515545 2.18599221867783 3.11241303136983 1.83128980151783
0.00759447996667292 0.947429510829334 1.9956091480983 2.91652944279007 1.76898577704118
0.00869525652584108 0.907641526096448 2.03711262710559 3.01945438787885 1.76667993390137
0.0311049124050358 0.789248621609379 2.28081277194503 3.09591874006511 1.84901390558243
0.0132696828845223 0.842335594743768 2.17822027164513 3.01374118771522 1.88916941829613
0.00793847924711521 0.94887445003438 1.98188037774603 2.93303777357896 1.80017995155185
0.00872902442340833 0.900749085677151 2.16070256975026 3.10831226893325 1.71353105493502
0.0125686810964701 0.845954500076102 2.22071207540905 3.23392451908229 1.88086697935729
0.00746007804885656 0.905759312377795 2.09809521623513 3.04571129318793 2.04154418188518
0.00888701983423172 0.921786898618759 2.00337456298445 2.91853559600191 1.75382743219769
0.037216614553096 0.934477171180147 1.86306400795445 2.84870349047678 1.70252835888257
0.044392619134605 0.866513562006 2.34243825184782 3.19120841088831 1.94107992427228
