0.0117439601965142 0.915106905682395 2.03315196697512 3.07764401334332 1.79872970576132
0.0188330607914712 0.977172281319331 2.07236675796548 3.08416388750348 2.07303588244632
0.0427139601368988 0.862401543570316 1.95667500629756 2.67724414573343 1.71590383902787
1.87532147857948 0.954118771833572 2.42340877040788 3.37412414327919 2.37871321161588
0.0154835497810769 0.883024992074506 2.02801910727201 3.04637499678248 1.65599911638144
0.034950675839955 0.787223837514312 2.17113336755086 2.8763568722349 1.79810580584272
1.21212771948831 0.783865830147686 2.67021009988771 3.63077666823472 2.07994263993515
0.0188884005663665 0.838958991034099 2.28455231083588 3.14197939596553 1.79114584727348
0.0135414563338199 0.968693612644682 1.96701925955466 3.07861118629954 1.68329935406676
0.0558426675390855 0.74245250699339 2.41067902347633 3.0826604018615 1.67863807252812
0.0144635236416961 0.871751699992381 2.21846434868498 3.18713973066974 1.99829537969657
0.0114944217671295 0.890694612570099 2.10247329010515 3.07198877428489 1.91679989595827
0.0153096885091525 0.844737364294404 2.13569265201848 2.91804334194778 1.71852920107101
0.0128590838432388 0.861792631550682 2.14723176695244 3.10683724840115 1.92299179762657
0.0170412123429402 0.823648233693062 2.20420203944478 2.93463265419265 1.8557725738717
0.018173737769684 0.83407163744493 2.1277853409702 3.02583211854267 1.61144766210386
0.0170419341613714 0.993586051506121 1.98595348888694 3.00075687984039 2.14713822641159
0.0111979538444113 0.909529995208944 2.07453545201547 3.03258333320447 1.76959979281655
0.0115905769092243 0.889316010136234 2.09831976914694 2.87785238629132 1.78213619449317
0.0210938592901723 0.997873775006318 1.85566000991123 2.91049716844458 1.76556844284991
0.0188535555734555 0.930420770884291 2.18105252064873 3.06048728399557 2.14699068497811
0.0202964449205945 0.840202635692641 2.29717264781185 3.22998346211064 2.06087548793036
0.0618249189144802 0.88359978374019 2.36540560603507 3.33598208314991 2.1746450085691
0.0143572577715416 0.853821474545406 2.21841713852169 2.98829066531299 1.89050361250743
0.0180524887104398 0.826435313739864 2.15864781353984 2.89201521583913 1.81092637251987
0.0141993143310861 0.870313070288426 2.07504177300078 2.87463431442004 1.93183534741634
0.0363489973901969 0.854461087669175 2.35728714490916 3.31240354153967 1.91833515156891
0.151406165846526 0.995366845920166 1.67347273236763 2.76124219208044 1.61052950375746
0.0657944721931285 0.92688143808872 1.81331009036264 2.65593958350902 1.62001686752578
0.1113231849198 0.702383952252145 2.40693325687456 2.92688683162923 1.83893410506081
0.0159860935293284 0.978693824936271 2.03221264828736 2.98047973787386 1.92441675563836
0.0207044190568692 0.832384586505928 2.10751292253565 3.00226265529858 1.67308487940939
9.65579691964893 0.596085692238907 2.36656718419403 2.98527323172414 1.35272948468029
0.0168209121077347 0.829460681139825 2.16975139286656 2.89006682141111 1.7655489862095
0.0296440172651147 0.809870667511544 2.12013425724743 2.88942740583551 1.63512671597503
0.0150487917396411 0.859106691740579 2.23283919682467 3.10453569081 1.83593586755852
0.0165476443991924 0.879366906352559 2.02484822739325 2.8114794445343 1.75728626928651
0.0117591195835317 0.891307158836685 2.08138857283782 3.06928957407378 1.79595977456755
0.0119449041765896 0.916542621138422 2.02462071696263 2.81708994497199 1.74972123008924
0.0427951875357858 0.799584083560689 2.10480372275351 3.03798127747795 1.62769970818365
0.0117798424104081 0.942213205343057 2.01979892071553 2.86559628714536 1.81773388351528
0.0574649469240045 0.761788046591195 2.44706823753511 3.32181890958176 1.91611361853421
0.0329835056573658 0.78275556577254 2.36752198664787 3.19968358626979 1.7246420182222
0.0157859065886948 0.988026346198072 1.98145322086539 2.97857848452481 2.05086895692227
0.142814841732494 0.85392192801456 2.46192986045675 3.29047767875131 2.07792551548843
0.0138716354615486 0.966224405829336 2.03414518893366 3.22685500791277 1.99747156683237
0.0162870465227055 0.90400605969987 2.20461693131032 3.13223072704092 2.02286429222744
0.137557317155152 0.799538741880112 2.00704362064919 2.92151176077572 1.69104829568474
0.0217377463471749 0.838185097151319 2.30893634839529 3.16434937582293 2.08905376331991
0.0346904702561228 0.891734839314842 2.30734676080404 3.14888558775647 2.18398114130951
0.0264633087235397 0.797625139494412 2.18275028132332 2.82269118970014 1.76687475054261
0.0327904353302902 0.804493675782432 2.3767347697811 3.05810482554329 1.89304828646869
0.0277281656881069 0.905239294878892 2.26653622359632 3.02970705167412 1.83813593444757
0.0344243962529134 0.9231258787583 2.25759293656357 3.12975074928407 2.12063244550284
0.0129822681722393 0.894718866125162 2.03946345496259 2.93188465993262 1.97085181503642
0.0135311167678142 0.906264614622154 2.1683671435646 3.10827441809661 2.00259905908301
0.013703703716663 0.970502687299267 1.96408675779272 3.05844160016984 1.93321854869742
0.0344792746872021 0.971541778313221 1.80746451009763 2.59949965511753 1.60909619879382
0.012325944983834 0.951761333771808 1.99563874243001 2.85660002339542 1.93603416662753
0.0179693079385902 0.933612623465666 1.92191948273869 2.88403683342669 1.9214501464126
0.0156846861769733 0.955883420832223 1.92041205896056 2.81452732269623 1.64016243960566
0.0118307408102264 0.919668955541532 2.02395632726885 2.98362379781233 1.78123669838663
0.0112663902693038 0.913895251704958 2.059031656584 2.78065240151372 1.90082094262525
1.32021166943522 0.666269644949889 2.23639047729742 2.92855029204078 1.60361217467231
0.0206794069218127 0.861218546779047 2.28726447886087 3.26113673169638 2.06413373079716
0.0122047917560517 0.952066257287361 2.01777412103939 2.93958817556297 1.95937066007926
0.0133129664134058 0.860299206468281 2.19218802808877 3.07884319089912 1.8688303282967
0.0180086637674255 0.963271985880354 2.10293817346475 3.15230016054418 2.09181234759905
0.0518866003622438 0.84458759976757 1.97756627489851 2.81167931042438 1.671073300109
0.0164543876805757 0.837390867388255 2.14164085877066 3.06851359630623 1.78012946315006
0.0443952392548978 0.755065516047689 2.38407544408435 3.11262302200475 1.62557215142484
0.0259097239457432 0.787820782894941 2.24402363989835 3.03505535145414 1.86431103701233
0.0138641795399966 0.960958040416161 1.94770987751027 2.8967395385863 1.8087036254743
0.011541753915834 0.929317768624067 2.02753635850161 2.84691229051111 1.89256842193855
0.0195298119775065 0.838856933617827 2.29081187049165 3.10120511943769 1.92252060620601
0.0170332155351539 0.953225565021428 1.90826460371335 2.80560589152086 1.96833964797642
0.019823932150573 0.907692768329346 2.22596152884319 3.1500749706567 2.02236075664953
0.0154675256027792 0.968792933143691 1.91804549326736 2.99618831284453 1.89471590806943
0.0303946488102541 0.790228764481952 2.18443733479304 2.86748708995288 1.81675514922191
0.0224974502648139 0.958540393897525 2.14516615731657 2.94396101600149 2.15260631685062
0.013189337598288 0.951310234119624 1.96387543891496 2.87159557423671 1.96179721334014
0.0175795512505593 0.880679355568925 2.01300329057984 2.87793639193914 1.74948353185634
0.0210841602573661 0.93283870746566 2.19048140191103 3.08942346366652 2.09649662500442
0.0113074908398995 0.918716854497402 2.08659616326644 3.03523287652919 1.95722808030588
0.037129279331281 0.986460578017561 2.13327011907887 3.00960514864525 2.20097476069298
0.0237215181750488 0.795054003437316 2.23112613655826 3.14650720265654 1.8920616622586
0.0146650465436408 0.841012669554035 2.19598303243673 2.95326906602424 1.87257398732264
0.0170070738357814 0.981348399236024 1.89673791000781 2.85478006514297 1.93281218644839
0.0892409147440773 0.714570792225898 2.35816039274374 3.00118764824429 1.90169327511002
0.457063562980733 0.945349889981532 2.37865780772527 3.16057846877426 2.26185873346474
0.0121833021315254 0.941816737300045 1.99536105367691 2.82076327663323 1.93033101006058
0.0138361263648198 0.866259552344953 2.09317218080302 2.87298189599879 1.99606010227384
0.0180549791639215 0.835566715228208 2.12418914748359 2.93302991679362 1.78486966362603
0.0208688920421953 0.972257989894552 2.10202667943911 3.18952333980149 1.94399463465076
0.0173789387385739 0.823350176214599 2.19069651310422 3.08438899617392 1.86671211231795
0.0139240021338623 0.860412384704829 2.21083795816629 3.14109784443122 1.93260642303442
0.0129744909369895 0.861327711768856 2.14047671033912 2.8681433243803 1.85531964817468
0.0474508649269645 0.985296747292685 2.15873690964915 3.23882085208513 2.13832355249328
0.0122277865654149 0.933513826069625 1.99769923594867 3.17423633836525 1.79278519492957
0.0357931087997855 0.909319013804855 1.88648009770296 2.66640756539967 1.69512481284561
0.0141293741865343 0.901117846928092 2.1843472148456 3.05738360365121 1.94580410182184
0.0583397816409274 0.979838296266643 1.75448231763567 2.6576599470371 1.9585986127045
0.0704135181792329 0.984100401215142 1.73601543749191 2.76804400447083 1.65989615078457
0.0147896800213521 0.973048569786607 1.9318102255102 2.94086452132854 1.96799793678812
0.0166925422495229 0.995753043040948 1.93511396291145 2.81099147586989 1.96152320737416
0.130112453888068 0.7039609048902 2.50492565184865 3.26107049322025 1.78643921477501
0.0384560152602919 0.825284708596695 2.04800682045586 2.75704508906222 1.67268210399304
0.015086874451877 0.837642238485517 2.1850424183755 3.01927933565439 1.81244758775139
0.0126731234064626 0.930869548783759 2.10914884856036 3.00007472627369 1.87526193249965
0.0420721095061418 0.985213056027855 1.77654239527907 2.93848285100836 1.78357288171087
0.0970698338249233 0.813635474885088 2.48079039752783 3.32737628520263 1.78075932296739
0.0179930735396981 0.937878351687446 1.91642101762456 2.85585054843561 1.92172779663622
0.133930114961818 0.737226985633978 2.5474442787025 3.28321907886588 1.92584500891127
0.0261507999246775 0.855338016259077 2.32187041973315 3.14155752688934 2.04707326453889
0.0499265428507734 0.992675341744838 1.75522451165725 2.91222893402458 1.86543195359485
0.0129288331934835 0.93656612333138 2.1018031739224 2.96936191812182 1.87308793282204
0.0226947750106989 0.912754358564243 1.92411639296313 2.7801661974358 1.64214205667979
0.0116254249740981 0.893636478146421 2.08151017573338 3.01461516812764 1.98908245469995
0.0170326010841267 0.876111981668494 2.24536775737539 3.11360581438901 1.87145424632041
0.0443811358521041 0.91003869187211 1.86796518666349 2.87410805425237 1.83918197395454
0.0207987662697756 0.813399901661348 2.1743655152821 2.99261300244906 1.63899569774884
0.0139150855095723 0.921923951274731 1.97843464253177 2.88654839310701 1.64110632634388
0.0234051773827266 0.925848656604798 1.90101470820978 2.93809398488719 1.72377503597763
0.0136930413430528 0.901033610521634 2.17812721828363 3.18875311440433 2.00333205969404
0.0123536446060745 0.952873217719378 2.0306438172921 3.06174248917046 1.96614210235323
0.020010366471187 0.870504932002703 2.27430310651684 3.0310623813368 1.9787988109055
0.0124975977593211 0.956741102760818 1.9998168556675 2.98623917529985 1.73954439637105
0.0150543312141696 0.969815490442158 1.92500367847369 2.84991380192656 1.85950051447887
0.0237293504999954 0.799610135602082 2.2020358546552 3.09776037890576 1.91915471050917
0.0150829350404154 0.843692495805109 2.14573727750182 2.99648974333727 1.80026655517202
0.0342175802907413 0.9943328265916 1.78989098364931 2.69458615100474 1.72051338128762
0.018640417203955 0.838212474175187 2.28199115002649 3.18104558527315 1.91807512724231
0.0171750073402899 0.82233512082481 2.21424693495 3.05715836511123 1.80856537186482
0.0151009442970159 0.882823693197212 2.21826351927757 3.14947190934693 2.1426530792028
0.0131496286382524 0.917339785896854 2.14457494236214 2.9897071736415 1.93658778389743
0.0179402510526108 0.893824920280832 2.23269606410428 3.11060756638484 2.08825113266107
0.0258990946926178 0.959569459616022 2.15916063606622 3.11501649604653 2.12964520236549
0.123679294623051 0.83127157833745 1.94412363673308 2.59631374763102 1.50973005430058
0.0120535016285268 0.940412769530376 2.06659214437633 2.97373965550156 1.8802149725682
0.0622304241838272 0.775052687320597 2.46074796992017 3.23978898827625 1.83843309101587
0.0115478203319483 0.914532315885902 2.04160437832082 2.89634029606307 1.97693224663473
0.0121278604923881 0.934954397999616 1.99977627655109 2.77758848685688 1.94748929519844
0.0139110174834502 0.851062894050827 2.14981585382242 3.03312491410303 1.77688115930938
0.0162022273879436 0.871498368433288 2.04575085778813 2.78095609772089 1.85125665164967
0.0498646753144328 0.929657376663095 2.27661718166137 3.20455186668443 2.05279089542078
0.0114161186194778 0.898605305184036 2.11973725463824 2.79018157484597 1.94621091494353
0.0936937114199186 0.733193689559299 2.23750647083204 3.08966878652343 1.69325213442325
0.0176330842850351 0.995488634996358 1.98923004014235 3.09803227340557 2.1270837352351
0.0211686485293849 0.978300528095228 2.08787810298839 3.10420434224433 2.12816227154647
0.0158109282723291 0.835690806308129 2.16453586141647 3.06590428736966 1.82162716114121
0.0127082693309733 0.86506285122224 2.1357725259611 3.09628105940886 1.86126571749779
0.013011918633979 0.871538148049481 2.09682500243527 2.94127007053525 1.85753311104825
0.013725818371666 0.890833044547424 2.03464640224311 2.94082297708139 1.83850458803967
0.022660116498697 0.931027578998304 2.20219448147908 3.06017613773297 2.00630347879766
0.0191343874774874 0.978179698195695 2.07215350160813 3.05280195960585 1.83012964965929
0.0257410434569851 0.965162469832162 1.84341372574539 2.74746461156794 1.75028321080279
0.0125009505805106 0.952379693758575 1.98662611001547 2.87671616469338 1.79734178551248
0.0128916757981316 0.96118085565313 2.01761236249066 2.96966789163388 2.02786847095802
0.0127094747778919 0.929844773303265 1.98920103043136 2.97830645829865 2.0739775691515
0.0117983429748899 0.896781095329873 2.14044195345021 2.82401951187523 1.89402654208317
0.0119076586027797 0.882836694052862 2.14867441112453 3.10949847107144 1.98615278159708
0.039705588063537 0.863050800189392 1.96150683267105 2.85805257335344 1.75495612857176
0.0131199643589898 0.961552539142236 2.02829196957063 3.06169077027368 1.96112204383917
0.0150403461045243 0.880829211606925 2.21943667545132 3.05882423769107 1.94685579889961
0.0208659207833108 0.90226361635267 1.95076220333047 2.8375624195711 1.90598937564085
0.0239284219219732 0.792835503124224 2.24717148313015 3.08270377678752 1.93892347406531
0.0216910213578673 0.874041997212058 2.28103459021003 3.12883954744715 1.8745229875288
0.0188236182674787 0.85597748700288 2.05870213232935 2.93050012742399 1.63343326476178
0.0118550783575039 0.881792458470743 2.1093477101883 3.11869558382982 1.62573316889902
0.0183267325872404 0.865271655959909 2.04052846692224 2.86272429961369 1.71116326787846
0.0309078956272157 0.797944359083025 2.36662529305594 3.22144622273468 1.7091122381239
0.0246842238780668 0.821093813243448 2.33293274974602 3.02879584211862 2.05670274134583
0.0215065649368058 0.850590243233039 2.05275777382902 2.93433426093014 1.72504836299003
0.0240144672477382 0.854914216904787 2.02862552233793 3.02557799774044 1.65534352803261
0.0134444977088231 0.95652950320008 2.05823312542905 2.93644585608015 1.99087361830762
0.0217794736710607 0.956776439260148 1.87096934282347 2.93557904323117 1.76431513317799
0.0155796121333796 0.898826349766405 2.20484002749467 3.12171329548637 2.11025046160614
0.0118662345048804 0.943591194541108 2.01414829090219 2.85751516134442 1.86737616073114
0.011255956526982 0.900843542331432 2.09302630096451 3.13598540190317 1.94028792075214
0.111125625186828 0.899282210267662 2.38148301403245 3.27807898819686 2.17118880604105
0.0122110728319613 0.895899814768256 2.05449502483452 2.97853045582551 1.83992649448839
0.0312025932712372 0.820792526350186 2.36622832876388 3.11774687082211 1.83382527475405
0.0116314163063376 0.885494895085621 2.12725245152496 3.06729894125722 1.77498487608461
0.0675579186530928 0.990342045806286 2.17564713367101 3.13515784609847 2.27338847553115
0.0162947852696534 0.977670814578207 2.04101787150588 3.06106626894484 1.99506326190764
0.0784904952519265 0.89709342516826 2.36240150411056 3.35898263253345 2.06217779827435
0.0203957606717712 0.988836823061821 1.86069085133774 2.88028738525385 1.8760269723659
0.0153810845666362 0.91083848223685 2.18525947216819 3.02159648934378 2.02779904966748
0.0295979615148464 0.776257511977576 2.28183765700933 2.96827871385495 1.74897733749044
0.0283346853788146 0.804317321519494 2.35398697653922 3.18242903775467 1.8279935189412
0.0501507956710902 0.982176622695454 1.76420803695405 2.73247721361823 1.93169053277992
0.265937653722948 0.721864415444392 2.17054879676643 2.98038002019316 1.48695513356115
0.0669947343511254 0.786732741004979 2.09543738297031 2.80191735508291 1.5545745202288
0.0497766158734978 0.770761074441882 2.17827467595078 2.97605627131308 1.57650732631541
0.0651743148937076 0.745935837650605 2.23708549469829 2.99808707183217 1.6711988486013
0.0200139302085505 0.948632574612477 1.89000298912675 2.94077715186278 1.79610990049942
0.0177608966651796 0.959137831378238 1.89677104674957 2.87081363869975 1.67637577004048
0.0607694978333726 0.809438828129295 2.44429362920261 3.33972099852479 1.93023105948846
0.0122255209919858 0.951246863333118 2.00239893195185 2.88616472258994 1.9750363219504
0.017173422398909 0.867259568397787 2.04594768266632 3.07902697253167 1.64519745769757
0.0197283832845764 0.999337060331567 2.00525477032236 2.89138635611555 2.08586072345924
0.0119297218544826 0.909331390385582 2.13015569440568 3.10932048948673 1.83377833069837
0.0246293929586841 0.98542721641815 1.83347331553109 2.85556417770693 1.78756639885701
0.0120075446207299 0.896372471963894 2.14808922919943 3.03597723391916 2.01878774238235
0.0207341052988772 0.90792718288377 1.94200029596943 2.56372228203494 1.61545446132517
0.0667417794683821 0.892732030365158 2.35773981758531 3.33047848588128 2.04698443622112
0.0174808510514728 0.949430481970233 2.13151334976026 2.9596370085176 2.05347695375315
0.0132024991092472 0.883799409263288 2.18812915755372 3.16894013950993 1.83871220054502
0.0610460544597684 0.731901348909223 2.36401691905836 3.05972090309985 1.61750307333636
0.0134452911712601 0.911026222744459 2.15985494685115 3.17169864653576 2.04191651509687
0.0219832399706779 0.981351363031503 1.85102394414689 2.83334774915161 1.81672000711403
0.0212956366909224 0.809738818562048 2.18447967107516 2.93054266261397 1.76415273203185
0.0130966077500478 0.870289387708146 2.19117217797875 2.88877878133807 1.77864441764583
0.0269538656123103 0.814798908855784 2.34718296596177 3.24289283277305 1.94179003860235
0.0449189133680277 0.799621502755149 2.4179822953047 3.24263961936128 2.04771888967439
0.0187360576366509 0.944111667700897 1.90363838242662 2.96782542196217 1.80661916905168
0.0119229541491257 0.88405587743014 2.09601838210004 2.94618260010223 1.98230492097275
0.0209850015351207 0.901298517942116 1.95176145562772 3.00710637955149 1.93952732632873
0.0138118429378823 0.953934511164076 1.94966745832505 2.84686118884823 1.91638837078679
0.0117784053855603 0.918928148245575 2.02667638673273 2.80741047563351 2.00384253579524
0.02144669044569 0.817841437838495 2.148908614435 3.11822231178031 1.64671689484679
0.0113260691198382 0.897126297012677 2.09618380368052 3.0010954548691 1.76977580975839
0.0203072284495221 0.892556000776026 1.971145069854 2.81136080517313 1.81072335355152
0.0140576397305756 0.880574248484529 2.05198680886642 2.90819822551377 1.91950800317431
0.0282175567381763 0.977886323037879 2.12572349881992 3.13191022271796 1.99641453329233
0.0140514033555532 0.93485665081354 1.96042411306355 2.85022862707519 1.86173164138956
0.0499359167073583 0.997302011057768 1.7515589999494 2.72634311143817 1.53574276573084
0.014192238792704 0.960141811483276 2.06307840745175 2.99664394589045 2.02706190829209
0.0179713979149994 0.930888631349831 1.92544916205479 2.89449998768514 1.78964600129694
0.0502238122045906 0.959144748764042 1.78910971527188 2.5737777655076 1.7026202809855
0.0134078547866989 0.968683297734832 1.99828282747757 2.95880381796434 1.87695668656789
0.0942258059198755 0.780272164208891 2.0831190123278 2.77947856416671 1.74949244812873
0.0269448363895685 0.985283976087911 2.10128110102713 2.89868931370617 2.08991253410524
0.0173753721104716 0.830292225289303 2.26106632515577 3.13665536050186 1.87296176279109
0.0129375949778604 0.950863515104961 1.97047519232054 3.09489705155458 1.95435938113366
0.0161126030856856 0.837998189688069 2.24484957637992 3.096192028437 1.84882352528101
0.0262599763161812 0.987625720822302 2.09171892274201 3.19450792688819 1.83226010577672
0.0421426593452887 0.774762827762596 2.40630910216375 3.12431519509375 1.88967842680414
0.356534419455566 0.9349828529449 1.70497193470328 2.6300888860166 1.38267323285754
0.0194012366393548 0.81258769954261 2.26513358845202 3.25838016308832 1.87938178073925
0.0161067531120689 0.870702503111518 2.24072765711048 3.01735884929796 1.85089531230809
0.0114922531582796 0.894170503876306 2.12580708822419 2.95630537811488 1.80643519416006
0.0130052801035406 0.928820665944929 1.98438723794974 2.74432630498793 1.73147946332161
0.014743366438964 0.841551330995071 2.17099137483427 3.05836965679281 1.7628786627231
0.0314674364069963 0.964443537575379 1.82337648535807 2.84509373090773 1.94748779612561
0.0894148557752752 0.780214264620116 2.08767288396928 2.96433096644616 1.51439088798397
0.0189214087055512 0.872356873719757 2.26475010786134 3.17999283456789 1.86404489819843
0.0305441702254218 0.990416061421346 1.80466570158556 2.80033635029649 1.79444366998969
0.025214642185533 0.803692749605003 2.331312549984 3.1195710968355 1.85463985024056
0.0317921391837837 0.932638570312855 1.8615190474876 2.77541143971568 1.58552371142838
0.0520169411310095 0.980258073494084 1.76310205702116 2.78958523570998 1.76468105120251
0.0205528284611166 0.95338013789703 1.88161218580185 2.80676671054694 1.80366235390186
0.0190647602308995 0.963744079087803 2.1105839049582 3.07510584400159 2.02479491243656
0.0121697785420715 0.91499319082028 2.02069215227842 2.99678856957774 1.9810736805946
0.023098567918028 0.962333271503507 2.13969579522012 3.05407028180789 2.04021986813511
0.0115929686505463 0.918855399330879 2.10232087745117 2.93698497939764 1.98595647935807
0.0147400595702753 0.971935661811047 1.93215376605364 3.06316279341579 1.83665842297326
0.0115909793066191 0.887171113169605 2.10900423654569 3.02869073685845 2.02420760176772
0.101568979717579 0.714607848521532 2.47916463002238 3.03533526115164 1.85888662139782
0.0161472205957157 0.873837803410581 2.23859593523035 3.03776442463805 2.19212266763522
0.0248397170266891 0.937111954502063 2.20083748457166 3.20191796751193 1.88971923999538
0.032225935240495 0.896458717349614 2.29390445455248 3.1249705573009 2.07880580542723
0.0112084030051464 0.905003664492542 2.09380387226186 3.16522264888983 1.80915717308577
0.0347490231754346 0.803932806229425 2.38485412502409 3.00255757941957 1.934415362821
0.0261809165691623 0.811240381224274 2.34214576266077 3.23129703818547 1.91062146590974
0.023902448213177 0.800544063086108 2.31395921724687 3.20766148384581 1.83416008323475
0.03496540455352 0.959101748349474 2.19027836852649 3.06415934317819 2.20900298648746
0.0449841179738982 0.983236885928013 1.77239033427902 2.72418393544825 1.6626709447537
0.0639116513575438 0.927982150356556 1.81367098950165 2.59116595478605 1.61799072488881
0.0182993170866509 0.869538043744795 2.03108166720655 3.09164042454146 1.76222569253241
0.0406678906960605 0.924872917093606 1.85186073936057 2.83981192814463 1.81853501025632
0.0347202757316419 0.775943750108265 2.21950702664213 2.97521469249995 1.72014526104537
0.0113806120523425 0.909677964117725 2.05781680999112 2.8626280164507 1.77322734926165
0.0204611868096529 0.907599961694935 2.22996538454443 3.16711599125389 1.98640990104092
0.0192128906085511 0.814102791480899 2.26595099721025 3.06658170490747 1.85921910246584
0.0129993466896015 0.963996949959941 2.00202504368229 2.96228408758568 1.84556945816893
0.013526352920135 0.911940722659148 1.99903344841197 3.01704240123328 1.82476085505811
0.286016898234546 0.839776746163177 2.5217614827289 3.40804207154569 2.07807386476796
0.0113940317644886 0.894949636697495 2.09536632846445 2.93126905889225 1.90256956198547
0.0583771872125437 0.868827509156709 2.38095465249429 3.33866567708198 2.07364710928238
0.0156112384048199 0.966536721230391 1.91627216952522 2.93214770200352 1.74947246872903
0.0291697851874575 0.811083991172408 2.11870332210898 2.74992117393709 1.85611592366443
0.177745451961396 0.701465085199436 2.2906109627919 3.05064896159535 1.55139954625239
0.0158483943325537 0.832483826117687 2.22296466452629 3.09780621578651 1.85660380012156
0.0197783610908807 0.931206678197617 2.18572430444788 3.23458928352647 1.77283045942853
0.0122696576490448 0.897254340163328 2.05003038343449 2.95987140079376 1.84176243268917
0.0248083907059596 0.896463932887021 1.9420041679841 2.72516355273436 1.73155548996592
0.045928284135816 0.755397040292273 2.3952684574194 3.25686203614932 1.70829884268148
0.0118731196285712 0.915227435407501 2.11906292463815 3.15464568802382 2.01641592309493
0.0138918690959159 0.926163834787479 1.97308866691644 2.8707177394908 1.77693880227061
0.0139290373987703 0.958880172583701 1.94624006858818 2.9868613834118 2.05109525098398
0.0120377781778239 0.945956763884372 2.04458694149153 2.9039555591635 1.97490328943268
0.132615303851963 0.694342327724097 2.43117757012747 3.14287439385494 1.62472536489677
0.0203953420884343 0.989445537351258 2.04852637621089 3.12615230235793 2.05258013667246
0.0778342440036385 0.719483841577098 2.39876554381354 3.01474783984168 1.65391823877722
0.0181966516701006 0.884278874801711 2.24647708292046 3.18497985282879 1.91023401906246
0.0172531352648134 0.993058354159955 1.9937963983505 3.03483624531231 2.03009122438584
0.0132742179518905 0.85610605302967 2.17682044852662 3.14014082923447 1.92416803742354
0.0126067644753595 0.892358955657817 2.16801443094967 3.02100412859709 1.76803019170217
0.0869746403086229 0.733871856052891 2.24530471281959 3.10500582183947 1.71224113002406
