0.00913341206493287 0.910206001190456 2.01336792468678 2.67907985093055 1.82724248377387
0.00812113911735041 0.969883778578241 2.02779313906067 2.96011201659697 2.06006815000626
0.00740043547525295 0.936395822675696 2.09211673841105 3.13499823736004 1.95840208107382
0.0079553710219074 0.90075114170845 2.13966928533787 3.02534558453872 1.85036721072146
0.01079164085321 0.944648423657384 1.9300048168682 2.93482756189291 1.92619259849996
0.0342657178289971 0.808837825377522 2.16268033290419 3.01501467194787 1.82379793524275
0.00775220311414734 0.96074829074833 1.9730795257176 2.84416874371027 1.84241690382791
0.0185266367467855 0.894058047923997 2.26291215093498 3.14706247874749 1.97679985029125
0.0392939806657281 0.905483800438101 2.30432202509077 3.30849106537764 2.11344794443859
0.00842426549558575 0.977241054216697 2.00672341303179 2.93289841741579 1.89135084030688
0.0268913578135529 0.831241381921449 2.10653599891435 3.05809450315638 1.84269529121246
1.43543878570952 0.962948999645122 1.64511250449665 2.66603659103835 1.62484041859256
0.0682207450096195 0.93547900367845 2.29255762635611 3.3269348977439 2.20259396534926
0.00776041097553692 0.89733210290031 2.10569551239988 3.01655837473163 1.86145233129014
0.0110241524294906 0.953802220886501 1.91606792173731 2.99250488022641 1.87017507828694
0.00746784423067028 0.92020203700729 2.03316994039474 3.0025425754956 1.82926423697566
0.050147613725396 0.782686986656907 2.32512856322136 2.97289178437479 1.79961428571497
0.0119852902929255 0.855588817219294 2.15330928303461 3.07540288990413 1.89386499403413
0.00719433512809966 0.952833321012554 2.00414444536035 2.91342854474592 2.05915255494092
0.0526974201265986 0.797282111513166 2.36878222060281 3.28560743695864 1.8233168832829
0.00767093283579914 0.921171289992225 2.12227026277752 3.08185617279318 2.0822241825818
0.00809784167349233 0.962115147148046 2.05474703289447 2.97366695814435 2.00097869734487
0.0514017462936912 0.838677850649212 2.02874421397121 2.88403333086921 1.72811070171196
0.00765013685680857 0.903562609446862 2.1253453627618 2.988814784379 1.9179814490029
0.0199644123325349 0.876871403534068 2.28297549945713 3.07182418724914 2.06222751269951
0.0215233079472236 0.974513894865615 2.1457359955581 3.13036380591972 2.11758118315225
0.469364768200161 0.791972911467671 2.02680035116606 2.78635439550187 1.61750265681212
0.0078789450134143 0.904767332305125 2.05974875294519 2.75558788714745 1.70499015848344
0.00700267771427791 0.943400024029273 2.05433880448282 2.85987360034322 1.9339382712438
0.0101856571483339 0.958785589442144 2.10510501020967 3.24113272913867 2.18083562631444
0.0114039433732684 0.992571911247524 1.89329451365719 2.99000054946614 1.91735056433391
0.0344508103271559 0.867563672281493 1.98356520288007 2.76302366640742 1.55952146322693
0.073544296164644 0.798283384453598 2.40240695759408 3.21637852414337 1.79124744115868
0.00875344132401415 0.957325309531844 1.94576432149037 2.90802972018259 1.80199010184513
0.041270362929986 0.975741357720344 2.18920442804069 3.19664309494153 2.148290151816
0.0606691356064116 0.836917280571529 2.02223690454647 2.78379577946384 1.59596795292315
0.010157266803991 0.880390847556876 2.07870319991458 2.85253093402562 1.78430621853643
0.0215993925665421 0.83241168013706 2.13077122284881 2.95871681548682 1.58724506597
0.0416402966692972 0.86539245572088 1.97587555322563 2.75280977831024 1.76723210314101
0.0114969003953064 0.946307610351652 1.92049887616879 3.02049066718711 1.86985274753
0.0206810377006203 0.98692412019371 2.11230093464849 3.07656705230161 2.10384418948484
0.00700648029280178 0.927002840328796 2.08365261724764 3.15868400067322 2.04069545727806
0.0190736548516998 0.824755079325402 2.21636602870303 3.00450545276598 1.71267411804882
0.0127800496422198 0.899222486821329 2.22194191322885 3.20065966864658 1.91128437488973
0.00935941324811269 0.901154149387245 2.03134888901897 2.84021482302783 1.68888267929336
0.0808824796800288 0.76257445908891 2.33579223042381 3.14005290925392 1.63135760408413
0.0115866314244884 0.993711251997818 1.89102379467479 2.93573925471909 2.04233753865215
0.00882444511044383 0.984641137589335 1.97232812253833 3.06060709970247 2.10078751053234
0.00755297693712571 0.909061305833884 2.12336542830129 2.92321028107122 2.0261583321505
0.036476932595465 0.87373937400522 2.33210792015478 3.27747053538614 2.17028121830718
0.0215862990482817 0.871514469401396 2.01019401370606 2.91778187011072 1.74102873505756
0.0239173616632846 0.882774300012335 1.97478569096184 2.80717318559138 1.67279613115947
0.0126441601258905 0.899615035124141 2.22040019928024 2.98568819899134 2.09348658353485
0.0125399223006062 0.991113586813598 1.87697206774903 2.93455015488495 2.05579566569708
0.0071202449355877 0.953509672162688 2.02163703953335 2.95072783363292 1.93117924974269
0.058892516213111 0.869968349737268 2.36548374457708 3.31933373867801 2.02183431271928
0.0109460037329909 0.907928421754855 2.19557259006851 2.97234348674221 1.96728424550253
0.00869419728629601 0.897140534661775 2.16446514174007 3.04018584220199 2.02145500689531
0.0079490253635235 0.972404791254152 1.99998740452798 2.89685416811849 2.03011315296624
0.0901144036846514 0.800359777694255 2.09813494223335 2.90234118568203 1.73166053606662
0.00820439183191344 0.891080533457748 2.10258866571044 3.04813993088821 1.91453747887022
0.0359414005594629 0.864013123086393 2.33810958058812 3.16521243122465 1.91533701116507
0.0193955996455882 0.926900584033523 1.90273655527509 2.74048559674851 1.83095408520465
0.0127773166369133 0.938687863030966 2.17091155800233 3.11634601471574 1.99983051934334
0.0101080403964051 0.868559509324074 2.16953111329288 2.93660288748742 1.95951032000674
0.0076259880367859 0.914812598159188 2.04030319697767 3.04046774935274 1.98543416720537
0.018713593139202 0.874919211583839 2.27810654356537 3.24607575487906 2.05467849445813
0.00708492994736528 0.951801089155542 2.01835087696438 2.88431233640661 1.83723000483432
0.0323597560646397 0.929875933712875 1.86215036616748 2.92281933916816 1.81493286649753
0.0383007961834498 0.854600000543838 2.34811018835567 3.24311839427835 2.10157481255942
0.0215102351430346 0.826397265409271 2.28043740291628 2.91906933131968 1.96923500354593
0.0125331878800574 0.896602082844762 2.00247355645272 2.83990194013923 1.6104780442908
0.0122801339380904 0.968406755835582 2.10618378498278 3.26216864210741 2.16499870764618
0.0173268545907715 0.977327010401715 2.12030587107901 3.12331993201828 2.01667492758508
0.0157210273599736 0.884094150378116 2.25542619402109 3.14237583670927 1.9541145801153
0.0599327548250121 0.787765755138803 2.37130780214889 3.23749894465775 1.88151100704019
0.00693958704875257 0.943229342480561 2.0292933983434 2.84699509576558 1.91074152013751
0.0297380991907195 0.932702112873665 1.86295015350713 2.937615072072 1.7547835453266
0.0221292186593948 0.850433713417349 2.30194193121462 3.31131223358288 1.8638471539814
0.0263086880428713 0.897871666495448 2.28661866918787 3.14077222597142 2.13593065287897
0.0172056017651184 0.843424407092432 2.26580917208222 3.1139988950142 1.9041747808507
0.033392174494542 0.799420290734943 2.22173989837768 2.90738171341632 1.73297663490594
0.0490907817415107 0.798477464089409 2.36184631731904 3.22024788847091 1.68019570216909
0.0128444348688165 0.981953789181141 2.07615166973282 2.9222504405835 1.90937770801379
0.008889430069356 0.89208054227825 2.06845398756691 2.88921956232856 1.93419872915862
0.00797692465506612 0.966923560095071 1.96581388569161 3.17355892526284 1.85304504466186
0.0102841672253951 0.997661988049631 1.93997461157379 2.9412322897657 2.03019423603087
0.0104106237307914 0.880820446200312 2.07218282663164 2.93716162719587 1.77680058425624
0.0108504531574635 0.88451105930382 2.05323384089559 2.89441991228369 1.89711847886854
0.0103704300161898 0.991773957334084 2.00538290631393 3.02943265252503 2.01641988255778
0.0339925325439467 0.804358610202464 2.18555818725192 3.06720810596331 1.61997519882007
0.0148590980673378 0.870698513517744 2.05020132133274 2.72813273980742 1.74661386780817
0.00698604128589327 0.938468586078584 2.02529113962019 3.07717400479714 1.97135729269891
0.0121708469359528 0.860351921127175 2.11896673380557 2.98588776298578 2.02012088072094
0.00823379392153403 0.959908542259494 2.06535557043391 2.99441377890468 2.02393857703655
0.0140107114593104 0.959172679905717 1.88425286145506 2.94375019423088 1.84284425723109
0.0272253755270207 0.8123961124014 2.29499011971218 3.21850074362136 1.8840798084873
0.0342284916644868 0.913923100885974 1.88642089645319 2.8193806719008 1.67316419995295
0.0134062645513056 0.8985628742367 1.99059167621007 2.97920010814876 1.83426645261044
0.00715327120828615 0.928598122482837 2.09228318718337 3.14541967599567 1.85719088442679
0.00995152327461927 0.959730954895602 1.92330924878953 2.77887696015918 1.76564608287423
0.0256227720727328 0.919796455922154 1.89480177380454 2.69264167346455 1.71436821551288
0.0212874284299694 0.986549788673722 2.11578593043652 3.03008220034874 1.90224295775425
0.00695281396664774 0.940611974260353 2.05650482368792 3.06465250071846 1.87893278663105
0.012381490357462 0.88993173007843 2.22498602598354 3.22882216354099 1.96474335831081
0.00888022497354467 0.88675014849625 2.08909887591336 2.94676406946081 1.92483815665982
0.0102731773741086 0.866458748312108 2.16125691106221 3.02862688836268 2.09514876896155
0.012758495949169 0.990176483567224 1.87442987708017 2.86076556147484 1.9635995984584
0.0129466206536058 0.856068626967892 2.22526750436064 2.87503680236008 2.05565176860697
0.00852891033205236 0.971939701983967 1.94745284773006 3.07639224110124 1.84257482691346
0.0144549621363145 0.930927993969387 1.92063623015495 2.81767679472464 1.61837527610561
0.0568776050502689 0.864572581806312 1.95833197871409 2.77539705236124 1.68251778776407
0.0455054375246436 0.960624065162757 1.79634472840561 2.81854698504747 1.81821263496638
0.0312886805479652 0.967828555679569 2.18787352358456 3.09887179155941 2.35334849488816
0.0133847584091205 0.852718492087431 2.13209519346732 3.0503651435045 1.639256582502
0.031394424826585 0.931960192415564 2.25318804135992 3.08808579271099 1.993700519573
0.00779587365987831 0.95926931295694 2.05265398433871 3.0169175557562 1.91902224752641
0.00843721168425876 0.913590667213066 2.01962444582924 2.86837181375305 1.88141466235963
0.00807764906155117 0.938888988924694 1.98090514582501 3.00521286209624 2.03100321541096
0.0714304492403786 0.987593605411048 1.73992859066542 2.77991192114375 1.59791363304076
0.0399672796451531 0.964546757193157 1.79913659280771 2.79154013140247 1.77054583220643
0.0303260440731029 0.919892484668594 1.88336996844698 2.62495582957425 1.89091994374594
0.0415717688852708 0.902385743164709 2.31154139092397 3.2823050355399 2.02445659856564
0.168605494433607 0.761139726694378 2.18056004587995 2.93417862493248 1.72787405984046
0.0578171166022047 0.940967002832605 1.81078393352577 2.63445816097855 1.71395653928072
0.0279163567395444 0.807526148766271 2.2123284518615 2.99816143033963 1.70210242553368
0.101861481707681 0.811690690467657 2.0569376202926 2.90817178605359 1.74192037429452
0.0106182700044193 0.997044872528624 1.91800613305574 2.77882382736257 1.9681202663278
0.0229358477313326 0.842143695724458 2.08786404361926 2.81438163274502 1.67003977140514
0.0143886228022647 0.871491508951402 2.25067949329118 3.01524748218418 1.91331374405881
0.00804666985598334 0.913391213983675 2.03001652174349 2.6968623048303 1.97088920987508
0.00900368875178715 0.905238703491442 2.16876191858896 3.01153477220128 1.9637928920264
0.00801060352084447 0.962342158315222 1.96295368728234 2.96905189284716 1.95609425620371
0.0088119640293323 0.964186326959854 2.06799147000221 3.23165085553841 2.08408289252024
0.00794401910601041 0.972625439850124 1.98501282374138 2.82200249038487 1.84963442075959
0.024828199231627 0.906611802313975 1.92160064883384 2.83114347335302 1.78324390389106
0.016542677040645 0.995157213932382 1.84161264908257 2.88451759855837 1.86721899614086
0.0149977111279183 0.843642831090956 2.23625381133433 2.93235028039268 1.80067342173222
0.0142734764674481 0.958814010879955 2.14377241659438 3.17343717482867 2.05031284611487
0.0118546545071509 0.864907371411779 2.10498490141432 2.9374209566422 1.65426093216133
0.0177754843079977 0.940710724358887 2.1976018031775 3.10437801484508 2.16483341250265
0.0124823258143728 0.968026013863481 2.10899936367286 3.10245353789276 2.10583371476393
0.0185523759484463 0.854835260850562 2.28237574603185 3.1357503693017 2.11287853462321
0.0230304698255106 0.822498698772212 2.16482673165471 2.83163267319456 1.57946544340294
0.132733744300053 0.869323040474781 1.90282517614938 2.64772881229091 1.60897436655177
0.00795511275559687 0.894140789885311 2.10547823551802 3.03485970674046 1.91021822830662
0.00886105636408811 0.979656336257302 2.01512579137982 3.07235937510825 2.09084875325388
0.00866442741193484 0.888727011496015 2.08892377107817 2.99753702853567 1.92672281299974
0.0107891804349476 0.991462504173022 1.9037582659719 2.89091689817935 2.00524360879186
0.0082647481330432 0.92148922503219 2.00648623859081 3.05762079373191 1.93469387155559
0.0166031909361953 0.957183814999527 1.87099011239084 2.89669762686992 1.824947706114
0.0118626749717203 0.856828058816285 2.14818654387257 2.93833523457265 1.89022426205822
0.0213228285889056 0.989295886066264 2.10883927784641 3.18561505289863 2.02522179364751
0.0155187837862092 0.850976185454485 2.10944179375026 3.04174261512431 1.87893164624115
0.0150110371941448 0.970033492546005 1.86655378574343 2.69185761948816 1.76154444725192
0.14518231250934 0.88678216547436 1.86229582523273 2.78036500359269 1.72613710236633
0.0121154549884454 0.978768999105549 1.88413225049676 2.63630137460918 1.84016002854483
0.0132438744298231 0.953337113456201 1.89663193638387 2.80121879650166 1.72716395497846
0.0361942079672862 0.804975250929149 2.17209343848283 3.04271340430922 1.6106585311029
0.010960963600168 0.963533232114231 1.90700462235518 2.82626097647533 1.81687773535161
0.00812175851457218 0.959010452459527 2.06460023743899 3.02631421677605 1.88726383143281
0.0203647451637475 0.908177647624072 2.25561960316321 3.09676518004402 2.1294274282459
0.0101254543674378 0.99297365535387 1.99153714934087 3.01449471963758 1.9567319789192
0.00745987135753527 0.906230166448044 2.07833724533256 2.8678026406943 1.8146472280121
0.0221076206550795 0.866047925641254 2.2980572206522 3.08137221096632 1.89780170401052
0.109290436747615 0.752716535938909 2.35690120658523 3.35261759642313 1.8414087836483
0.011695179186589 0.886666298719329 2.03604583048689 2.86730316709341 1.81421584866779
0.00727757908836714 0.924070458504426 2.10363757681202 2.92625003764129 1.97823008156961
0.00740739275723934 0.905153025712751 2.09539097340601 2.86338135797618 2.14994684237081
0.0171653458646317 0.960407699439858 1.86432287047964 2.70679903895852 1.73305720519442
0.0152509983882628 0.980284092359155 2.10030766754732 3.11674396636164 2.05705374117639
0.00772558634035146 0.897974032548953 2.10567956467299 2.93177240407921 1.82034736958365
0.013293287104244 0.900784018724402 1.98651872711679 2.9694972731591 1.7479326512149
0.00770642691975733 0.898386205313413 2.10453107135617 2.92846001979432 1.83676589505647
0.385635618576763 0.866043923165463 1.8630974071685 2.70094162314764 1.68280063805316
0.0131120155624613 0.854348913279121 2.22526518161467 3.08653099642995 1.99985470685741
0.050305102215672 0.848583264252423 2.00454824992 2.8189151479122 1.53476466889706
0.0198987159666554 0.855462040859827 2.29038435548435 3.05880008431713 2.06377540853735
0.0183633271984331 0.897720537382619 1.96297052903432 2.82471689930725 1.7578605285464
0.0291138951859112 0.905587175381514 2.28484521131581 3.29723435041312 2.08687118117005
0.017998569184313 0.864426755443865 2.27825119020809 3.2171296342044 1.96137698415421
0.00758180190650902 0.963518194408443 1.98542453910949 3.07018238850744 1.99275121665004
0.00732757867590372 0.948329587861295 2.06343515096815 3.00746695118185 1.95057454249641
0.00768169824954857 0.96750028634805 1.98879568936319 3.13040482771719 1.95373033408225
0.137661309985391 0.827555597765204 1.99794622654594 2.79619695437824 1.68882638017956
0.0119310941593726 0.959892371088065 1.90030789847067 2.82804036745098 2.01191576282953
0.0127796909890794 0.975618711896916 1.87929860585242 2.94029881575968 1.82444806121715
0.00901965993836173 0.959979227122268 1.93846984936566 2.87556485397443 1.94225192764635
0.00979256355256251 0.978238818189197 2.04572204114116 3.07961071715881 1.81767884315112
0.0220213933862729 0.89330492321277 1.95778153604984 2.8093456533874 1.80760238295958
0.0102882683240861 0.877056834130325 2.19628084365032 3.08564832581517 1.74767904070217
0.100348480379766 0.941151143734405 1.78251063926619 2.89034666904222 1.67994330969035
0.0127815521506392 0.991290840540131 2.04695569059909 3.00698772405155 1.83696656521553
0.0195091352412121 0.990065318948219 2.09873647852675 3.0380520138619 1.90829164620323
0.0101686436141709 0.868740452238265 2.1751203419997 3.10748190712321 1.86455963665674
0.0179032157683271 0.82829997368369 2.21233217049062 2.89047054660912 1.91191035260662
0.0253880547465978 0.886706155234916 1.96141711145215 2.88604419979106 1.7273719415781
0.0317188902610468 0.821272607685961 2.12300140863702 2.88739777558716 1.67718300598247
0.00841324503778582 0.90331456236483 2.04647548372661 2.88247508979709 1.85443860258272
0.00767362488261695 0.964388923708326 1.97998307265526 2.97939985687672 1.85050320162124
0.0155609229223959 0.852930415886451 2.25766461674778 3.09829961684776 1.75930983259001
0.00901219036485998 0.878934481132577 2.13273831673353 3.0732682029136 1.98104837937271
0.0100006260735277 0.948372006203402 2.12481661241281 2.88240575248833 2.14188086397407
0.00848931668351 0.954420886564445 2.08587785593443 3.02185856857208 1.89939053912672
0.0179389393591998 0.84786509012613 2.09893658450562 2.80179184587517 1.63388749947127
0.0387952752683897 0.885864907339175 2.32533981229528 3.14779079478569 2.10019522465045
0.0113585354676517 0.948129191043898 1.91947645057533 2.64646326447489 1.69177205222978
0.00909603671656432 0.877846609161463 2.13787232206081 3.13672347757371 1.63196091736593
0.00798510783919747 0.959011344812277 2.06029480086087 2.97328623033845 1.96260687190603
0.088117222735415 0.776921282962777 2.4005534594069 3.23019959204898 1.83143800585487
0.020248900303433 0.898411319345778 1.95350157342659 2.88782377177206 1.78320027632544
0.00724848603349414 0.916749184925537 2.10605828031877 2.87672825718296 1.88861526374819
0.0085480084640907 0.892472097569635 2.15830840439638 3.02855042740846 1.84035287848613
0.077790530806172 0.849908663388728 1.97462272952039 2.8868949219915 1.72580905814118
0.0112730678303503 0.977073053531313 2.07254007955452 2.96349520561512 1.82680194124368
0.0180148616158314 0.981240483831204 2.11425561234941 3.0701258092724 1.94393950150553
0.00824115839955042 0.918576735213994 2.1410467273055 3.06391590777675 2.0304598769422
0.0229302416154848 0.970922087141453 1.82948567903381 2.76109437554629 1.84322636644819
0.0099237921430302 0.894859241472513 2.0382622959157 2.71535933752243 1.8733490156293
0.0179864111958179 0.895136415279665 2.25931833585884 3.20842064015951 2.06759120209754
0.00769599956473029 0.911656929556186 2.04614067834601 2.87507242887704 1.94132772529648
0.254484955948575 0.813399499455997 2.00197628320007 2.70959892891667 1.59776892582741
0.0188221404280191 0.98666338955948 1.83250670074809 2.90807612219418 1.76982719170628
0.0278066543272266 0.831589324619403 2.32289253858209 3.27038964818169 1.95881302810628
0.010134572701243 0.995698656707733 1.93439819230915 3.07293630548912 2.02290530409465
0.00932213845404481 0.97972177045158 2.02958969615 3.02219433327957 2.06191563492511
0.0127150655191298 0.99474909719663 1.87560242730132 2.95812645631105 1.93747457951124
0.0104618001098457 0.912788486696237 2.18478822401222 3.12935475695013 2.0837784219196
0.0101752978990731 0.90914291595809 2.18476839295232 3.06872747486189 1.9670201659953
0.018384747083851 0.956859145502048 1.86282664530442 2.91743864239969 1.6480397759364
0.0159084918301763 0.846064778920881 2.12518527403032 2.88939774980634 1.88898191152003
0.00760984270678526 0.923089010631219 2.02141667388541 2.95043340925508 1.72099823602145
0.00970603866289885 0.889595472181542 2.05739709683917 2.82855739723299 1.77504227715315
0.00915805374361984 0.930405687370872 2.14383198041239 3.01669969255415 1.99262532036624
0.0285572188519451 0.934055293682437 2.24363804552647 3.2650478182821 2.05496677538147
0.0069061346235132 0.93655774345599 2.03652954962971 3.18012722594216 2.03238889397897
0.0117609672639429 0.87108641509207 2.08294157595106 2.97477163544351 1.79005941100098
0.00689334993761265 0.940072320687161 2.03860391427797 2.98183541105287 1.91887233063108
0.00932847339803627 0.884376291118758 2.17743817737737 3.10482277380746 2.08026645297922
0.083277045918887 0.88073060249554 1.90175235382862 2.74270788829379 1.50748698021842
0.0128013735692979 0.853052193954953 2.21475847617412 3.16354670571754 2.10195594966469
0.00766807242486227 0.967756862024995 1.99519723996971 2.90543847678325 1.83189640644294
0.00707051750945579 0.925792792964638 2.08981472529239 2.82747934309918 1.91965234532566
0.0102473084621008 0.867520399969423 2.14098631271111 2.87088231867062 1.93171867249113
0.00744704988648553 0.944779603237414 1.99295436698847 2.80991360667357 1.91159192214424
0.00985972010103524 0.921244929340489 2.16699914576019 3.30705350239359 1.96883451147746
0.0176068364650269 0.829387037404581 2.22323055256885 3.00652771816615 1.90884531533611
0.0230620414314829 0.894708462970035 1.95124312362705 2.82837529057742 1.52411294326711
0.0105410123806034 0.876149817974889 2.20114151245109 2.89692601660265 1.91069096742669
0.0148893315903438 0.897687195951239 1.98195234813946 2.94695511524947 1.81824634360069
0.00938444907546505 0.922157533514093 1.98427972833867 3.12679544481289 1.94106797468165
0.00861090816315534 0.981017234913212 1.99322946119624 2.78378396504681 1.98788200013336
0.0307301120885203 0.841821985712785 2.33436877436477 3.26523678229381 1.87619925095689
0.00951638387364897 0.928500891913921 1.9707825403828 2.90201883076335 1.82449418482315
0.0183490959876185 0.890198750216988 1.97959273012648 2.80842056750744 1.96739573166808
0.00740613089555286 0.906003315394564 2.08608669169353 2.99726120644936 1.87629225510163
0.00926131107691245 0.946224491696942 1.94810237574946 2.78358117463421 1.75137012083074
0.00947316821040952 0.920884766889478 2.16182880660575 3.26400067814225 2.05621490836079
0.0274216795356587 0.809210758922963 2.20446171923008 2.92420625853453 1.75562237509429
0.00841782761522489 0.890857867573755 2.0902969530738 3.0088454821738 1.99895464971742
0.0102555334305531 0.973907200842795 1.90982919223 2.9353787403903 1.85240357193792
0.00688241276856972 0.936622776470759 2.05511471573995 3.00573392716447 1.79069323264316
0.00831765026811136 0.974184735066276 2.01751518811275 3.06757296041281 1.99576644079923
0.018388805083417 0.827094165139723 2.20578338794397 3.12213905468762 1.64661801282959
0.00703433811344508 0.917703854886092 2.07695194531572 2.91892996900718 1.68100697884494
0.00710551649541879 0.928244057605489 2.08982548982397 2.94047524763531 2.07348004520743
0.0113678476776442 0.903979308629338 2.20399789215601 3.05243102801483 2.15305930405531
0.0144440078996588 0.974483311490194 1.86667542062401 2.95130867178245 1.87841388419043
0.0194302706195453 0.934923837216113 2.21438369201856 3.21221474534217 1.99029354011513
0.32377347270842 0.874658008665544 2.44354413901976 3.29378008242853 2.18661951806871
0.108784675714315 0.861934898312667 2.40598494574796 3.26824207116105 2.14424417459462
5.69287367924465 0.666021895606116 2.28655989431582 2.99447923904376 1.48007259307651
0.0133997456474797 0.888534524859824 2.23527637880073 3.08025488713371 2.07599624674945
0.00707712723740478 0.918585008085569 2.06198942307171 2.96060715472082 2.03294120342338
0.00858789841095259 0.980332864458509 1.99692836785181 2.80733627484187 2.1319900931847
0.00702459010540443 0.918777648595027 2.08326396331505 3.10427585680082 1.79851921583026
0.00774653569955162 0.902155839531767 2.07586425904957 3.05677297547959 1.73574803184332
0.0222097198852592 0.844770788606075 2.30176546840753 2.98439955476539 1.852254484501
0.011727987199567 0.857614353336332 2.1475630806485 3.02763731483431 1.77227876207335
0.103892622336248 0.918476597977236 1.81821090101589 2.71016075662885 1.68207991169099
0.00699580259873929 0.935904468846711 2.07102023691956 2.96218668001914 1.9221392798319
0.00999535159150289 0.93960087218338 1.94656926387506 2.97983757844018 1.9480048558191
0.0200427239009984 0.938022030600401 2.21173331296444 3.1516531699954 1.9328945966887
0.00755480576254963 0.963690226569432 2.02114035153853 3.10816982837543 2.04260605394479
0.0070581244092604 0.940913914149278 2.0170298231908 3.01080203295503 1.78287637687813
0.0795448725340712 0.869161210519925 1.92908190323268 2.93298222819195 1.68159509751586
0.00927123907444115 0.949347968687717 2.11203027705561 3.11404204139695 2.14330627385988
0.0307045504424867 0.829074328445671 2.09948703356651 2.93498199622389 1.72366445165652
0.00968776635760092 0.97426493120685 2.05644873597409 3.02149104134257 1.92074390223088
0.00732042011426698 0.912296973383624 2.11004474587906 2.94859623942641 1.86432323136243
0.00687161480148743 0.933698648953621 2.05790972506521 3.07299557442541 1.90020090119156
0.117383577174138 0.750228600602105 2.3594178925624 3.15520635578072 1.86190653395818
0.0137984042116307 0.859510010812226 2.2421375734575 3.1880718517907 1.92964161626853
0.015905033729264 0.92636976760426 2.21097854588644 3.0863669864469 2.0544265966335
0.00801902431586978 0.896891906126125 2.08319973709379 3.19452667612336 1.86901581147141
0.0355848044720486 0.803891807343225 2.18000138531988 2.94684814320843 1.70574259712775
0.0748644096417269 0.848012551964982 1.98139970543784 2.72946741619374 1.62658825789557
0.00696752314292193 0.935706267851121 2.03035288287142 2.76865271079272 1.93399966476566
0.173960068172412 0.740950100615515 2.3999193101914 3.15910278311804 1.8276394696265
0.012364478063714 0.918233473129123 1.9582515592259 3.01784250691648 1.68138341655423
