0.0109897767838568 0.917199470735737 1.96694367701881 2.9980641052367 1.74646249737922
0.00777549542958234 0.901985790306542 2.08101766760469 2.96351565199002 1.89200707292284
0.0175247289970326 0.824686066521155 2.199600597581 2.90570123259209 1.56079140041368
0.00900776628515709 0.883349581580111 2.08412903902393 2.89977857499781 1.97698025261752
0.0129124207093229 0.955866092112763 1.89498595266954 2.73147574587736 1.67107478697823
0.00926032212188672 0.969380888138235 1.92956608341297 2.98445801523777 1.98226047965407
0.00993990350343925 0.92762196857293 2.12932297568862 3.10288349602074 1.8382348128922
0.00991572706138607 0.868726320287631 2.13453281316643 3.05722578496653 1.75463110635331
0.0115055284963635 0.993515811556846 1.89045122784281 2.79318017681482 1.85645802413013
0.00810719735928025 0.950919252076895 2.05491165045131 3.07297302870695 1.8631241872969
0.0208707663172344 0.964227563342174 1.84393383987254 2.77358048551983 1.68160551636149
0.00739620969640051 0.948144165927779 2.00848462002567 2.99359106095207 1.91638107581403
0.012172077710373 0.987947286331102 1.88014420526853 3.00283063420302 1.86159841451829
0.00862344060590487 0.978018313895281 1.96495258597296 2.97395719032206 2.15493734098504
0.0119888373121496 0.887376522397665 2.01739480639143 3.11285318331254 1.86838582239722
0.00768577423164973 0.939584343084332 1.99258261880595 3.03057975198956 1.84573806619624
0.0150020672106836 0.838319768159647 2.20859709781559 3.07352430611974 1.69332944014978
0.0156570030926878 0.838068360414617 2.2199993741235 2.90231727726963 1.68261268902974
0.0136667452249091 0.899577925377967 1.97655487696415 2.84583953698247 1.76717333810271
0.0976481446248146 0.919620138402141 1.81644576119422 2.93715691852691 1.52128222648727
0.0136740997626304 0.889660622656062 2.2054152365174 3.17651611218828 1.90400622728429
0.00760622016450723 0.933473610069301 2.00355973391592 2.89307252046298 2.11817418824572
0.00963945970361474 0.965052794608353 2.0566622784514 2.9299792952815 1.87819170714862
0.0103656974329395 0.965705932855169 1.91228788838472 2.97767282913289 1.75102404484406
0.00866494441465769 0.889663542181549 2.07243248124423 3.00273679769089 1.62573322241645
0.0100144546316587 0.983835094337816 1.9145296326874 2.88978852167497 1.87348845260407
0.00788660067228999 0.928715575801378 2.08768977209526 2.94311723294612 1.95743693545788
0.00860857203854712 0.962167680988766 1.9474019568638 2.81980664352373 2.01504458856234
0.00787017392072847 0.937248559351392 2.07432316108907 2.9112255790636 2.02529516140153
0.0278980339177339 0.887749569878454 1.94170620028342 2.9078676554343 1.63505445586824
0.00746214249930711 0.948288707433 1.99983944713985 2.85516876544811 1.96433482638208
0.0083488286247257 0.90490254924315 2.0359101501048 3.10816690552774 2.0483385140483
0.116893265442091 0.740837521616966 2.37671006400731 3.04757661762483 1.71852435164157
0.0102076719715009 0.890527237051393 2.03258500421694 2.97040474723688 1.88415748251355
0.134629349322913 0.730969632239093 2.34605673649784 2.90016531150684 1.58553768065368
0.0096148052915259 0.934676455261059 1.95591939631414 2.89860509544661 1.69022396491126
0.0166828674318986 0.838711870566243 2.11548284130727 3.06512395815728 1.86599983862085
0.0444436426046032 0.973530222628825 1.78378172629976 2.8929269947265 1.70838215711616
0.00882339577194178 0.927052955593043 2.1125009971633 3.02074155118495 1.90066454716233
0.00836656118973282 0.917370885878816 2.00753929671999 2.83642168950149 2.02151051288516
0.0189572975400798 0.846705671917541 2.07032945488427 2.83099210083271 1.71147641077669
0.00860949492727704 0.892388055343135 2.06448610967254 2.96043695141377 1.7181487894477
0.00781689459545557 0.927905691524369 2.00410286429069 2.989138400256 2.06567674568557
0.0101281376856708 0.871464160633049 2.0953728254206 2.93735273832724 1.69412190856047
0.109863367697674 0.882081609906181 1.87551128627595 2.65514876440941 1.5674418547666
0.0080949632789278 0.95900559301574 2.03389255124399 2.8584346519357 1.95315907221022
0.0159088801314802 0.861739757725868 2.23539105187291 3.05851306237098 1.76739266707723
0.0362336260201096 0.856726417266462 2.30912236651616 3.31269901488845 1.9465649243677
0.00785647867245126 0.914584794074605 2.02897433500874 2.98808859313502 1.80760339724495
0.0093090980774298 0.877029161982399 2.13670026828687 3.01455810498827 1.79811146984495
0.0136817885631873 0.866716411170135 2.2158261285752 3.12001206493433 1.93105341187519
0.00967438437777503 0.939253010634419 1.94877290932207 2.98118036640227 1.75933104473458
0.0239521665843221 0.996263169555637 1.80591895898398 2.64292339417241 1.84114848929011
0.0988839198282874 0.746877017342193 2.25840825708928 3.06693951102378 1.59715856566325
0.0194671930729403 0.819088372776335 2.22086522918187 3.03163304337625 1.83255366242955
0.0211502817611307 0.904096737854078 2.22944132920477 3.22476297260428 2.12612350229682
0.0152726979753627 0.969568652945293 2.1020220055189 2.94546979038215 2.14419097176494
0.0330972369133493 0.790634341829267 2.26372379316452 3.17781791132911 1.93545323943892
0.0158359853656463 0.850306911497414 2.08246121134684 2.73989735566473 1.83505755095321
0.00773873338695815 0.919654905966034 2.09239982928736 2.93233732441635 1.95442112331007
0.0101247460721854 0.874867024835747 2.1641357396006 2.94531182310235 1.90225476221349
0.00747753002400754 0.929460327320263 2.07010316134064 2.89062974716562 1.86094299506909
0.0748271617646343 0.839608236415251 1.98174726327301 2.7535418095951 1.63680475301567
0.0455122415115264 0.810555790263589 2.34155296686285 3.11612692097692 1.99567447779007
0.0163147711809439 0.925421528629333 1.91482922184595 2.8192579128766 1.73600914170943
0.0400041905114928 0.947254605296572 1.82190207471266 2.81024058741936 1.77299533529285
0.022770748723694 0.832363387273455 2.275395591179 3.10702048685724 1.98896618342007
0.0374522016065914 0.870889150446511 1.95612015429521 2.88690244308667 1.78250800104198
0.055277450496355 0.843188219451226 1.99187092120264 2.92449592579608 1.59041076109061
0.0594346656462419 0.766595942748879 2.32263549061745 3.12938501570325 1.64216732452732
0.022731461709383 0.840360926986554 2.27658904015178 3.14115251420157 2.18775341694753
0.0139131358633559 0.994221209181777 1.86107323847032 2.80698539590486 1.99647453208818
0.00966151719083027 0.98573789242045 1.99299923167326 2.87068534720439 2.17638055389823
0.0165273812469173 0.857727964627809 2.24042367807396 3.10395325976465 1.91728647475554
0.0135211606451768 0.995077871284852 2.0263523869955 2.87587711184223 2.16994932994487
0.0937528184882994 0.881588680386434 2.34085259635497 3.0947911203573 2.06078855981067
0.0121385770862136 0.856691969396737 2.10876649343386 3.1283778173101 1.98837214888133
0.0160071392728053 0.987613028646555 2.06598788696957 3.24002678011294 2.22283275826092
0.00739047316199267 0.923555007495705 2.0327610997044 2.90737214182703 1.96934277558551
0.0966804316360257 0.743459392985461 2.31264541665381 3.05684295526945 1.81066303689911
0.382121305229412 0.979109254792345 2.25847024521587 3.11478886446644 2.20678311829752
0.00888868997841398 0.887857998368645 2.13732252679697 2.89052485197395 1.91940287892138
0.0119866522020472 0.885960076682123 2.19255385523866 3.18127864483811 1.9978068134554
0.106617814779498 0.800116830704838 2.05627353319359 2.82251811137349 1.37185909371012
0.0334640315671766 0.819575750670693 2.31395537856404 3.08128873848988 1.99508880506607
0.00728678970611482 0.939470886380583 2.01907142547254 3.14141602985948 2.06190463568742
0.0319772972219361 0.899112740600668 1.91133786807597 2.85112465438752 1.72138231658094
0.00838129703607485 0.914753299745222 2.01243898588833 2.93257804621354 1.90195180239061
0.00751628362764902 0.937181816071763 2.06021687823504 3.09473651400803 1.90415763445119
0.0322962151459303 0.820970510310259 2.09064964217066 2.99017192839745 1.71094969847663
0.0677107902732917 0.75937832998085 2.25999781472996 2.88779826415065 1.86027180824959
0.0083416136909888 0.926107059026789 2.10354137965219 3.02637007222757 1.88433767530109
0.00812113943913117 0.894004621639588 2.09870552564678 3.03906546160652 1.854559522256
0.00880811563719661 0.928526985892691 2.11022387866809 2.92430982479619 1.97021728893855
0.00809001938355441 0.897999417936912 2.06837770719256 3.1730925104465 1.75731200845188
0.0125568224920756 0.849558319709746 2.13715843689041 2.91158753057581 1.63959168846971
0.157129878370041 0.965410599057002 2.24686454462265 3.37406786378246 2.15905931901431
0.00874163305513554 0.975989104211899 1.94803449451566 2.97683620326128 1.93685927989106
0.0148186319895679 0.88903941186248 2.21407971349767 3.0818844036297 1.79401413622637
0.0137296780223959 0.881428207956138 2.01527862457533 2.9103709874622 1.78769876209004
0.00778593903235503 0.930563782482493 2.00090926149108 2.909650073879 1.86662793906815
0.00938700489478678 0.963667057982284 1.92929868858176 2.94482350224324 1.84823939557993
0.0303251329255566 0.952124189964311 1.83236427439126 2.64002066820475 1.67468422401025
0.0161861616096431 0.829707156540704 2.18763934457408 3.03804979846119 1.74474718956998
0.0388864649754522 0.872256103816292 1.9508953303 2.77417635908941 1.79769468463459
0.00774654528373941 0.910490843562809 2.04450787499438 2.85351724497024 1.89688552692974
0.0577466870703476 0.776426763478741 2.34441754674804 3.30812566272716 1.58442527133765
0.00999196546731834 0.993655329352911 1.959868101538 2.91234980503813 1.82592487132131
0.00807062763137174 0.907439657894332 2.03863005574921 2.98646639936447 1.83638294265216
0.00875529487193428 0.932926750151135 1.97280247865469 2.75412147882297 1.6428048540442
0.00761442891006649 0.938616128253129 2.06228637096214 2.90357267959114 1.82083518414249
0.00784296288161388 0.910601197349167 2.03947666027035 2.95762687938518 2.00433454799114
0.026910678675051 0.838702479209569 2.29340451362842 3.05332692152603 2.04044928149033
0.0121261490974964 0.909931760833047 2.17423549767002 3.17335110914896 1.93243477943208
0.0230896068418779 0.811212731589457 2.18138988207179 3.06657192718811 1.65096445803423
0.0073337234760885 0.923924734955724 2.03702333115853 3.0383797187021 1.9084657935773
0.00860783613404746 0.955127489164491 1.9511021439574 3.05096780177337 1.87281237178931
0.0098392006232627 0.912309597239915 1.99011918389562 2.76163219257648 1.83249090951123
0.0164606898924903 0.849941205585609 2.23938624046209 2.91161119735157 1.95525711519586
0.00790404874818009 0.959937188384655 1.97396284918599 2.76779923694632 1.97419552817903
0.0611676477958642 0.971597914467219 1.76805449609554 2.93578396844668 1.79210992562175
0.0103185606278424 0.868556835258665 2.10288085361512 2.93493656596653 1.82127986367491
0.0077889504279291 0.915788687242914 2.02888667226343 2.95103732371554 1.84275896801746
0.0586558311680309 0.780533217627362 2.35221350821903 3.21147044118455 2.10483732410341
0.0105163557452898 0.928458049666923 1.95353477607316 2.86330295120777 1.93797262556724
0.0126688357202513 0.850132126704495 2.129501891831 3.07413449689532 1.90362856530969
0.0288253316324388 0.878740240421298 1.95745694561945 2.79461654857877 1.66058247259416
0.0072788546572739 0.925355368502998 2.04054419996489 2.936985218159 1.97761213622093
0.0104298218834369 0.867885146901258 2.16331532727813 3.07637430251085 2.13825855779354
0.00837928352655137 0.949196799212233 1.96143606604824 2.88040889057146 1.78671902024399
0.0103706406093505 0.995830298356038 1.92315563948208 2.66402108716664 1.8764825981319
0.00810239179655589 0.896316804142814 2.07545702982623 2.85228698222214 1.89589221658628
0.0720145665525868 0.756666247109379 2.26555793271401 3.08624282315646 1.75062925767273
0.0467728072220148 0.990408684837073 1.76407946788787 2.89327508847557 1.7801302570491
0.0109456690328001 0.866558928387115 2.17589362126918 2.99695096071592 2.05127688844599
0.0148825109079385 0.91572405397406 2.18747484731113 3.25285110945382 2.13890891820223
0.0132659416058362 0.861160246814562 2.21077842634294 3.09822417046866 1.90874240418959
0.0196012658792573 0.853126127863121 2.04856424158021 2.87780922162423 1.81490142784372
0.0128946724245396 0.935565912058878 1.9207556581945 2.71874340805395 1.86066541254332
0.0114852122848412 0.961196928681395 2.08944614363879 3.08798263060501 2.15025391570324
0.0135583202020404 0.912069742577361 2.18319923613378 3.1363913980203 1.85874028849457
0.00864248771470416 0.90120418069976 2.13176739230639 2.99972451011728 1.83580203251825
0.0148611347028365 0.928999929188206 1.91727389844003 2.70625814152171 1.88585221542162
0.00870507460987497 0.955822047636384 2.05969526356967 3.1163519683505 2.01182566875458
0.0101710982892708 0.969451916521931 1.91289495655756 3.03764485051856 2.00400168200148
0.0222579516942981 0.818338197369726 2.14966823009748 2.98105554257491 1.78822301216888
0.104662776153959 0.93011558050842 2.28500213001693 2.94246208048451 2.25928922059302
0.026591822440703 0.878355079499478 2.27131683231528 3.10556874578536 2.21565234088177
0.0267258232351207 0.986413212435022 1.80446488988506 2.88214593524979 1.67067179167895
0.0103880700105793 0.957767406095263 1.91836038362622 2.81325167406745 1.6638962315378
0.0151216067188766 0.878779622603212 2.2231482950021 2.9965278836241 2.03166545451062
0.00856736138683195 0.977244239202194 1.97711430015722 3.01333916365734 1.98578204950537
0.0230748248118877 0.85582870224573 2.02603487787674 2.9107348084957 1.68828817177734
0.00945176382374916 0.931159833945268 2.11742384653418 3.13258692709314 2.02643972436193
0.0228674521085054 0.913755191665989 2.22359376919183 3.12134754314279 2.18498724329859
0.0301560836634602 0.933696615247175 1.85812941560528 2.71275432441427 1.58316543412997
0.0111461849949162 0.987476786984806 2.01965966524681 2.82192997477264 1.7709271682465
0.0182039118377085 0.834871496393712 2.11536006868954 3.0118506434728 1.74835024556927
0.0188040487165993 0.830809469904769 2.1260274481701 2.98652180910578 1.65719848826991
0.0311595946182244 0.907363929698733 1.89834457709128 2.88399756033561 1.74445294233305
0.013235360614283 0.988365980415661 1.86863090271853 2.80582578196176 1.70184615985683
0.00913526194396982 0.965306145467145 1.93355336670355 2.8870420868066 1.92966480489821
0.0133479407822919 0.859333545903162 2.21113294612779 3.12370466863936 1.8347757183809
0.0202545617899265 0.854668437006685 2.04115383579947 2.88215132666261 1.98521426262767
0.116972374593219 0.968588115976156 2.22835351421071 3.1563076543537 2.08948092180234
0.00815369849471542 0.946056755422073 2.06661853669147 3.09840073082403 2.07506346043453
0.0076266883149137 0.955764734493511 2.01741004549796 3.02461882648868 1.98805221934114
0.0184902019488655 0.96090831566434 1.85705604076756 2.78900140323828 1.65725459281985
0.00779301333197637 0.901842433461299 2.07721112064768 2.92504622700381 2.02950087073068
0.0798519800357703 0.862825948979307 2.35117604831791 3.13645380745831 2.09179966713153
0.00844842153879128 0.974839251912089 1.96541822782343 2.95314444533135 2.03376493056981
0.0152746621604297 0.837434715652157 2.21161855802704 3.06753809547721 1.89273156959719
0.013474062092189 0.848807303314904 2.20297619797942 3.26122798276345 2.11044828771115
0.0132478252180939 0.956656114921263 2.11383389623008 2.89826336435788 2.08108358029875
0.279002493292661 0.704952166495828 2.40347351998547 3.11553981344602 1.65549167758051
0.029331607049767 0.806821811889916 2.28875434955126 3.09396953967445 1.70528580849638
0.00794858211155173 0.898939090224686 2.07537428220408 2.93443560881388 1.85870150624949
0.0502810526409185 0.83361372194892 2.34427235083789 3.26606961107567 1.89838804673182
0.0222382092199673 0.944225857974761 1.86365601699576 2.82005491728851 1.71275980584725
0.0079312276923311 0.93731141272147 2.07616635379282 2.97094997920628 1.87132289895934
0.0201437725792314 0.827494917484416 2.12762299430257 2.87229007603478 1.81933042250572
0.00877882856787467 0.883282464651336 2.09965761815366 2.82140223866112 1.79158636664157
0.0107367535550069 0.899778137060261 2.16929719682991 3.13630065227684 2.1276349955288
0.062418349305613 0.782364062899376 2.36127322562737 3.10632082780353 1.97506947622432
0.0115345684272299 0.978172726195205 2.05118494862957 2.98014616893801 1.95093517200498
0.00723891416533582 0.936003982031171 2.03609094565552 2.68855618991205 2.0790665450074
0.0472910325171914 0.808243350587274 2.3447199355968 3.25963990565869 1.83540615625736
0.0189119293601055 0.86419573164399 2.25283761253776 3.17783809535926 1.95215563755443
0.0249559714407699 0.817173868519359 2.13487669723219 2.88783378504094 1.58865946601101
0.00854407618402816 0.956206767042867 2.05495578774638 2.80460498487327 1.82228495234122
0.0566426531390864 0.911279854193852 1.8571610586831 2.75222763730154 1.71940199177741
0.0106829545495651 0.966890160681316 1.90721781417455 2.87668397784138 1.82412086175013
0.00763008733955712 0.92681960604188 2.01307064819741 2.9079570984041 1.96352114197189
0.0303913207668367 0.852391680431941 2.29891459762499 3.00131396061416 1.83822821625661
0.00921916257585742 0.901529615791089 2.14474208494231 2.89132380686307 1.75595618035689
0.150049770204422 0.836351582608263 1.95186267730122 2.9251755014685 1.56997925015501
0.0124707561582557 0.994632815889239 1.87676252697965 2.74541479070858 1.90640699017358
0.0189135696269291 0.868086560329016 2.01427050898443 2.86052370765627 1.92700328493549
0.0121223710801578 0.918710413637086 1.95342059539398 2.90002637796356 1.6658010221974
0.00753158042932247 0.91014107534372 2.0783066513949 2.96081524897757 1.88760732547198
0.0317845418641804 0.857587598649569 1.99627022484663 2.87795183231475 1.56303558897928
0.00953454964424923 0.951631596875295 1.93640679706091 2.76844561188676 1.77637282157249
0.00928242266415112 0.985374102321682 1.97755025260985 2.76555604962211 1.97931162585154
0.13820914972731 0.9469773294392 2.27176180700854 3.39687607273281 2.23090923523845
0.0553708554244056 0.965246852856398 1.78081737512886 2.78321692419676 1.6500151637007
0.00841052623445671 0.906711317391207 2.02960401422421 2.90833049106534 1.68831558604215
0.0226178973110674 0.832686522865182 2.09268149658314 2.78851524462529 1.77018461547377
0.00989398313855584 0.971336745860184 1.91661215641289 2.98863415580472 1.91707359486534
0.00835461036366343 0.910143289446286 2.11960102261651 3.02984255067123 1.89032416641694
33.609371351278 0.565025073306389 2.78176018200238 3.25293192848928 1.44490996761324
0.0205557625765029 0.911875303481764 1.91904845359744 2.6761313256311 1.72813341834061
0.00853523598480743 0.975085660830138 1.95825345214895 2.9485910134665 1.89519414787437
0.0120190201232799 0.973934371232824 2.06692787749939 3.21982561035573 1.97393693462102
0.0775344362690799 0.759466628868554 2.22623168447589 2.98382330426877 1.74159474093518
0.0228347789571279 0.961733563249925 1.84000408387097 3.1072890072562 1.68769771395313
0.00842464007070418 0.888390666212869 2.1082606055223 2.96949278398881 1.87459145140672
0.0147074379825866 0.891622575685608 1.98553396804683 2.90302251838781 1.69781694793439
0.00981593440981775 0.892912405466081 2.03311273939979 2.75939602254407 1.93436050222458
0.0130948947830667 0.960624299743594 2.10502597896449 3.17770479113967 2.06228368463092
0.0127412890392299 0.991305370657999 2.02916732610135 3.01507073413458 1.93770604087098
0.0216727988446281 0.816798880162321 2.16367364025987 2.91942861434126 1.79159457354942
0.0125908115293025 0.965935756528975 1.8877929036208 2.92180166774763 1.82454053317326
0.0124498484992479 0.986164939969894 1.87727181054739 2.91912595356475 1.89900738662933
0.00788361895998957 0.92264594604359 2.01115873126324 2.9822572463308 1.81929915314386
0.00973028193913901 0.951302289095646 2.08763854219753 2.96855623043439 1.90830545280041
0.00989512291779129 0.88913171834613 2.16252863065823 2.9663301437327 1.81628758342751
0.441677659308268 0.957223662973043 2.30129801789947 3.34057538629235 2.29939582334425
0.0183076823046389 0.874807713788843 2.00165296495494 2.81627500248688 1.88069886641798
0.0121399687943028 0.934873732444624 1.92784830800603 2.81694055390481 1.77528767069642
0.0107352299497021 0.895881637505309 2.01233014616236 2.83829148580397 1.70147600285621
0.019325196974545 0.834416659651032 2.25461048395086 2.95967977756298 1.9863112630343
0.0103396605386879 0.975387184827289 2.04202481188149 3.05591339796638 1.98195685468754
0.00761715842035994 0.908828346681146 2.08713624499006 2.91905163962544 1.93003444083875
0.00789708077477522 0.963631807380031 1.98010774524895 3.11088959320874 1.99560960373837
0.0190114448053275 0.875680602166367 2.246873309314 3.1940578656547 2.01441845635595
0.0090372263157053 0.913390806509386 2.00107536872848 3.03559972358129 1.72160012931647
0.00940428560321553 0.905901562363332 2.00995879980638 3.08505785190281 1.87520788846335
0.0141431675717078 0.881598318787006 2.21440554341216 3.14023406117553 1.98451275812762
0.015506380561992 0.88140204367685 2.00251272002523 2.91336613038229 1.72696528107149
0.00792312263335713 0.926813976437869 2.09129904959776 3.03684844550582 1.7771628023823
0.00903049750952773 0.896484675501546 2.0397716755847 3.02297897235846 1.70320783760648
0.0301468973924666 0.807307084719581 2.14662696481147 2.99054215443176 1.84832061998056
0.00841331305232253 0.961564341827036 1.95324509731045 2.87609284554373 1.80567697026375
0.0073415092309211 0.936330928457557 2.05056153677887 3.14860339569304 1.94602618110384
0.0190858354913585 0.821891032039834 2.16903931760853 2.85774125137582 1.82648034225802
0.0150645003634054 0.995017988034872 2.0402060060335 3.09021624940851 1.97498540957348
0.0741250286303478 0.887939394475313 1.88407852077378 2.74400479218936 1.72279414225585
0.11176661186971 0.878499473193491 1.88136374978429 2.67963758330276 1.51609484746563
0.0444412170270601 0.781914196444769 2.20283210422253 3.02356180300715 1.65549626646933
0.0166229772417075 0.973066391596033 2.10247996789247 3.31001952422038 1.9116546652456
0.0197129680231173 0.851418942002882 2.26083453303186 3.19240290367147 1.97609947564543
0.0283038909330525 0.902480997522519 1.91317171301565 2.92293509584381 1.74771980412267
0.0792652154988486 0.927782864599043 2.27541372481129 3.09563792255653 2.20203468578628
0.0362465481815422 0.787153889127432 2.22042877318691 3.10004429573628 1.77155112205232
0.00732798270911138 0.924009377420778 2.03743271842287 2.9584896426482 1.72803422050341
0.0258839733993223 0.85790682912313 2.01128773593812 2.84357785879429 1.92829822858715
0.0111408848780969 0.904773188740215 1.9886709408113 2.89522976714079 1.7761908950522
0.0223203851092685 0.89094666688348 2.24715602311394 3.04611129314705 2.09206451295622
0.00953689548043792 0.915569363972262 1.98844300723455 2.98426577690598 1.70117798692465
0.0320927325574999 0.866642051340666 2.2938378749262 3.3140772483018 2.02786935516339
0.0109574670130355 0.985921113941224 2.02150272565873 2.86219503834771 1.89391365003049
0.00984488994940515 0.984846765138878 2.00227091155369 3.03114739318753 1.93006824331444
0.00782275569012785 0.908975744604903 2.04496706923029 3.07571034463616 1.8040121550562
0.0095659627377391 0.92148241918245 2.13201555401131 3.03960973960804 2.12986416090216
0.169288058858146 0.775988542873072 2.09247052534263 3.02709594888392 1.47941548149917
0.00876203794194224 0.886318089044602 2.08229505655204 2.69331261887178 1.94227662340698
0.00908886531947679 0.879017242141242 2.10506541561662 3.01927512899721 1.69398598251866
0.00742517354844123 0.917812503924312 2.04504896887232 3.02136019844075 2.02942554856218
0.00964646588094233 0.911660941728636 1.9942309235247 2.87023368758967 1.73874473077108
0.0155515316221982 0.928882414095022 2.17388544495128 3.04681381176346 2.17815504774181
0.0144858515015235 0.838395691837127 2.15625283269201 2.98857558697408 1.59868256592374
0.0123938296531925 0.861785798301566 2.19923368703563 3.1005114664027 1.92262758478157
0.0153151710987682 0.909751545903948 2.19707025292653 3.15178653885434 2.05630135278934
0.0110407976386561 0.993834686821591 1.89934074855687 3.0595909081781 1.83616947276301
0.0334217636870143 0.918236199169206 1.87572095981427 3.06021418754172 1.71881810157664
0.0103304546820677 0.899663478335538 2.00928063921317 2.85598787796348 1.6439598296916
0.01628706875817 0.972124421542342 1.8567079074989 2.80321328151681 1.66018751361036
0.02392820447319 0.989264831176289 1.81063110450356 2.76946941720348 1.82552039968692
0.263905921668473 0.746854039074871 2.15044714530395 2.92977405418997 1.71033945407136
0.0104606902806803 0.998318384778855 1.94673035714831 3.04053194857697 1.9260987814774
0.0074905117997949 0.9141390823835 2.07996762122313 2.88165392098812 1.88434117928655
0.0102024022526006 0.961856075069453 2.0727019174497 3.19552325821607 1.83474824239566
0.0739500489402397 0.81611441388307 2.37728746129494 3.15322479767966 1.88875183343781
0.0367942140308996 0.934796227840334 2.22482932955333 3.20810038240431 2.02553997593727
0.0111125285156933 0.924165660021016 1.95385629608761 2.93851505493315 1.79536014455296
0.00767521081818749 0.951404117302146 2.03622545550773 3.07124001369116 1.81902020514141
0.0645496276282006 0.846494418790249 2.35248152255313 3.13841524993225 2.0745297641272
0.00753304331325952 0.954339076205646 2.01099419692259 2.92288918276057 1.87042165673637
0.0241938614422968 0.875109386481211 1.97782222660181 2.83995547376145 1.7213816326166
0.371782111021968 0.813099105255328 2.46424961866621 3.31357389062559 1.8125178195005
0.0154207906376737 0.833048311220005 2.17656865625185 3.03361436964902 1.82185000718365
0.0365912436254544 0.89802453487463 1.9049264460192 2.79694242399497 1.80893961478663
0.00797423905796116 0.942188011472686 1.97958091012886 2.92008872782952 1.94360914370866
0.0128997474814963 0.94822070979317 1.90391480076208 2.93395656462605 1.65564103703089
0.0111408319243593 0.929983467393582 1.94440199297308 2.87539915121859 1.59996783040671
0.0653810920159058 0.835973638230939 2.35996678121021 3.18572681000139 1.97280796147314
0.0196454614185367 0.835367031141925 2.1019454157662 2.91089806678029 1.77229261736978
0.032539022344438 0.853562608745556 2.30340745144839 3.28012917513038 2.10810485224732
0.0206663954741314 0.824512153117943 2.2549696363333 2.97521534922835 1.85742865368735
0.00805230213787703 0.944855995439075 2.06606068893209 3.06503606965999 1.92947548271051
