0.0123703065904052 0.965111655665914 1.89558389366911 2.74894272718585 2.02673378565864
0.00828646560305185 0.897950948788728 2.15488584405052 3.1568949224702 1.82366358128134
0.0128117103901795 0.945097050020513 1.91882548984931 2.86274940816293 2.00436248282252
0.0088087362243655 0.878816920913452 2.15965434326256 2.96267663439409 1.77864928523745
0.00829988096330963 0.906818853370378 2.15008709217235 3.16161153665619 2.01554290594471
0.0149444316867419 0.842640371823219 2.26120798388847 3.05291293365509 1.97718112407095
0.00846309346339293 0.952709243516951 2.07781770458749 3.07840079511589 2.04957859678316
0.0161741373158097 0.835607442387327 2.1627289360216 2.94947597569579 1.96444190922937
0.0373205161393051 0.810392149390789 2.1449151058229 2.86569754860176 1.7743456695413
0.0442666662026271 0.870236554742601 1.97584803302229 2.79353862446457 1.6701032406332
0.0500727659304292 0.794188090130511 2.17138283370787 3.01070038542012 1.77482627365128
0.00748387448195854 0.960055572208762 1.99452718108768 2.84321537295291 1.97846914835955
0.0133621377827269 0.849503968983931 2.1412737706385 3.00196522838632 1.78523421514265
0.0275209153971272 0.945997838740756 1.85922371915361 2.72768280215029 1.6569423796952
0.0138869749432541 0.944730665549011 1.91195961386665 2.96345687483732 1.58187959271625
0.00714302481893493 0.947764070536117 2.01687261445633 2.94862165704209 1.8963075102456
0.0100635889870666 0.907523354339101 2.01323957540834 2.91585483367675 1.83292936150347
0.00915499448781484 0.984802344449422 1.93555129341136 2.86052541107856 1.95964263342734
0.0152536432955483 0.831250604372793 2.23415812214407 3.00531231878084 1.72657023225071
0.00928974642909195 0.880571916426147 2.10076615363803 2.90429454654806 1.75805704081747
0.022004060305722 0.994670301990457 1.81359394404788 2.86492075377522 1.89058614259341
0.093890491085155 0.934702578875327 1.81194450290172 2.78575639073314 1.7836695833403
0.00701126094614854 0.939661696464804 2.04890179669998 2.87816158641345 2.05539466392969
0.0110843789613111 0.964508211012807 2.08867460408795 3.12767869808944 2.11356332645656
0.0137687467735569 0.932868296105249 1.93189701988161 2.79943965620897 1.95847799956791
0.00719653588509913 0.923863475956995 2.04418286092053 3.03906780294519 1.79416730739676
0.104347455966135 0.843976110278965 1.98857946616519 2.71947259027209 1.58171194110937
0.0277877460025491 0.815959910703197 2.15793911613462 2.8222718963277 1.66512954714346
0.00798603133248361 0.928818653350766 2.00583858345839 2.98606321322862 1.89495421801574
0.0279443680317541 0.809406945354569 2.18295508660247 3.10134698896887 1.76683036412174
0.0079692448057309 0.894654146734099 2.14064572854106 3.02136553460663 2.05456970001315
0.00994179972077232 0.889947028629534 2.05787361938345 2.89171530374822 1.87373185897012
0.00937456732223606 0.901135610574633 2.03814254891188 2.84893137446972 1.88070468550605
0.0299953959097561 0.792461192279786 2.29307091972815 3.05316890090248 1.85936659915472
0.00791854611267052 0.903767533356581 2.06563926247792 2.8392917213498 1.90037591237732
0.00705070326004876 0.929531000041748 2.04266187829281 3.0410364486722 2.0316596902369
0.00767148431501726 0.906815605916106 2.06637588523696 3.00440152301863 1.80271619239329
0.00791847004463066 0.970741573726726 1.98181797394924 2.95530933229202 1.6359356537695
0.00790240943991966 0.917327823494814 2.03122965006519 3.02184515780055 1.96723330769717
0.0872877374990333 0.960152511000449 1.77361013481277 2.59924114823971 1.74497713064662
0.00778863730779985 0.914011089540331 2.12899266213032 3.1459100833405 2.13891454826921
0.0131991251903058 0.988203481910769 2.0456759650435 2.99435644514615 2.08863799887619
0.00696486228122841 0.934757983003351 2.05089535101151 3.18578480623141 1.81381254998234
0.0108996909765404 0.867887421432149 2.11088432785032 3.08706072433857 1.82262379202051
0.00866948939447522 0.971594486550818 1.94296732286361 2.71744542908964 1.9165640014757
0.0139007229533064 0.894898596559013 2.23115223912496 3.21167882569403 1.99423969462421
0.00715871644036928 0.925833863001157 2.04213822603531 2.98910547213608 1.93004583078082
0.0138445337930969 0.850549084056686 2.13017021794671 2.84677322195057 1.88299003465887
0.0137768933523471 0.841546817360641 2.23947918640209 2.98172536077712 1.81614368393549
0.0397022065698597 0.994337027646715 2.12057442668922 3.33694990327847 1.97243359153373
0.0106067204536222 0.924212676532228 1.97322186151249 2.94758782979333 2.04720953428192
0.0103408388352698 0.991703052507786 1.90727934699335 2.86086708139004 2.09653704753126
0.0115695199227563 0.994910498781302 1.88560974155414 2.72076475257575 1.75397432196582
0.00821008761375869 0.953759138010827 1.96512525983868 3.04786904800463 1.76950759962726
0.00747885793819566 0.907697587193801 2.07372458793791 3.1798194520454 1.83321274685193
0.00717833362309686 0.947485495054581 2.04338636124612 3.04865167540104 1.92531175225375
0.0213933802612902 0.840400238467147 2.31017068989651 3.18212221024338 1.96504892690665
0.0106293972039084 0.942981984219139 1.94139540665033 2.86511914495741 1.8453254474537
0.0168464779080708 0.989825018663841 2.06717850225921 3.2508627687622 1.93609972899033
0.022893551521926 0.999907907689914 1.80613517968385 2.87106266297206 1.86597882616124
0.017479141614185 0.839353979956665 2.13432066932775 2.79176435764317 1.87301877670213
0.559723990947211 0.771883193451325 2.54686572337726 3.29495595799762 2.10259609050067
0.0428962319567931 0.95592350581136 2.21080327873858 3.32252079509385 1.97868402476847
0.00754841876746551 0.90050079033027 2.11133690950998 2.83801121992763 1.87610634500798
0.0365600691643063 0.84703338629835 2.04236124749696 3.05942626600496 1.88139792679941
0.01152697312715 0.908478457573239 2.19562327214286 2.97335237300289 2.07935667528603
0.0192046199998723 0.846011514837946 2.29742502172546 3.29552531627784 1.94556690051751
0.0142074524234143 0.85971238179903 2.09484859854366 2.95750731745853 2.02871093362745
0.0174564797495575 0.887350179485634 2.26009730414826 3.25552414333733 2.0831337410825
0.0117635484708672 0.92972671411107 1.95221776760008 2.81147152498506 1.80587832466232
0.022639142390936 0.875686057695128 2.00798052272409 2.84745061180398 1.8520048599724
0.0208170894141709 0.813808716326575 2.22266690329173 2.90885278576182 1.71559473616031
0.00906452801685816 0.885780995587334 2.17848595747619 3.19609463382163 1.89788444565083
0.00858191155626875 0.979758167233366 1.95411174997465 2.8154288203434 1.85355033357931
0.00757656311484158 0.911290271618098 2.0573710094406 2.93977115141065 1.83023852968211
0.0113658620872077 0.931398858065568 1.9528611909483 2.96316680646966 1.75669975289822
0.00911434590302815 0.905583290279156 2.16834950728294 3.11551701599239 2.02521047924294
0.0256873964465908 0.994707886415056 1.80134579921563 2.74393335178076 1.83662284255876
0.0534154643169831 0.83736657168622 2.38438935280667 3.32827601390647 1.93660232237399
0.0524669992283894 0.802890840606714 2.13805864007857 3.12067954780461 1.83262181589182
0.011813772552568 0.934020932643686 2.15905245123563 3.09988272134489 1.96734119757537
0.00792326199813814 0.905297428818596 2.14000923071119 3.08372001262895 2.0335753449242
0.014495302140176 0.865087177964259 2.0762765114496 2.96876843309103 1.67756852833551
0.00804069355559933 0.968532498325831 1.96548054528969 3.05264109953224 1.81641207501412
0.00750651328849209 0.932384546403807 2.09474244075178 3.04698919025423 1.99658915780922
0.0160155956893255 0.898644975516056 1.98458916361365 2.8495072603949 1.85678647084809
0.0192689656556791 0.960817006461347 2.14881215695345 2.92926758466972 2.24131901915173
0.00943716074109564 0.989117021287103 1.97756608057947 2.93125887286654 1.96767229347462
0.0222548670866349 0.892229736227277 1.97256126862467 2.86925728135585 1.79811927128462
0.00979770263543233 0.974549527767287 1.91743638391037 2.82965526108489 2.07769651542293
0.00903503942137606 0.904170796456766 2.03667185905919 2.79159593751894 1.80580038903331
0.0509688772138978 0.772063296977959 2.36303760129752 3.23178046128875 1.77477232905995
0.00747414061953043 0.903757239100669 2.11459869994639 2.98801559732992 1.89405764928556
0.00752672040564082 0.962357617539891 2.00530767592291 2.87823216064248 1.92018153796996
0.0114687196755114 0.912419561452912 1.98753194846838 2.92372838312663 1.9116455550318
0.0147880380986005 0.833944476738249 2.23637863176312 3.0379089770394 1.81003570944595
0.0318753943417687 0.83391397857789 2.34936241200871 3.21895646238572 1.92416506225855
0.00891126131640147 0.985372717715891 1.96901155828625 3.24718940207428 1.91510104881716
0.00766816526387462 0.939121418324702 2.087456954711 2.93206352522011 2.09530218340848
0.0100241320728486 0.950087847201313 2.1092774288333 3.00466749709481 2.11671549622634
0.00888581211808734 0.974891968500515 2.02350861412534 3.09022809180298 2.17087564727939
0.0111154038589647 0.988601228622189 1.89211115677178 2.94568006633952 1.82102237367291
0.0404602437564263 0.94926838303435 2.22051705125225 3.17445904538809 2.23771637584586
0.0105609855110336 0.988872389230882 2.01000516046584 3.01643602873035 2.05890420665888
0.00860422389557025 0.980135613006387 1.95379077178961 2.90761224131668 1.91381508335272
0.0164633229940135 0.987395449766126 2.07162748778434 3.02347543741254 2.02894763922523
0.0102246891757666 0.916674180148076 2.17070860293109 3.0904811650547 2.05164477641912
0.0223244047032954 0.950609604071107 2.1805958831704 3.11632439244463 1.9215571138917
0.00893753133816938 0.936038529004956 2.12159706221019 2.92550624747042 2.07749517646955
0.0568664270332101 0.838837434933151 2.38721453929011 3.30762114998624 1.82559918677522
0.0373439483774752 0.960717978514284 1.81814552607515 2.6563619613863 1.89572938885972
0.00954070910043382 0.877598169401756 2.18881008818817 2.97315482307974 1.92712969494839
0.0113304693946462 0.941925604379031 1.93599045312495 2.88791924731881 1.88324277328703
0.0127915876817777 0.953637352795024 2.12883107026539 3.29567264366823 1.96334760109802
0.0151183502598169 0.895264416133527 1.99694389559856 2.87710841366214 1.82244487601473
0.0104268184934915 0.860290572555337 2.17275871792064 3.11663351837201 1.8285285172437
0.0155590368620218 0.830101949911631 2.21132195958047 3.01891934459875 1.88385537008201
0.0149914687948706 0.842569941203903 2.26174784012584 2.88641547855252 1.98980401966692
0.019791410187439 0.984747134820061 1.8314162602618 2.83136023432842 1.85147532330802
0.0331839022658151 0.794294045766511 2.22615422987935 3.00892790109563 2.01338764311366
0.0103726471884802 0.866008812089891 2.20109648802614 2.9990152798161 1.8217875908725
0.0254449482265821 0.821873541814651 2.14731509127555 3.01375559409876 1.74971948115049
0.00748950134424565 0.927292233958509 2.02351736961125 3.01818563190935 1.79282591022864
0.0162850954859855 0.827988173346192 2.25021619221639 3.07396758473554 2.00776858594041
0.0120035183657626 0.977681355120525 1.8867524924588 2.83228362174408 1.96185370890629
0.0129722106349073 0.851727707316933 2.13814472744312 3.19395354031995 1.85867514729719
0.0142021337960913 0.869149868105741 2.25493763359667 3.21484056728215 2.10365500110467
0.00724349462823523 0.951471139756058 2.03441745346765 3.03458866924746 2.03756935193018
0.00715415529858021 0.921237623505061 2.05359689393983 2.95838180904981 1.74577573418095
0.0160247213178478 0.916950067904612 1.94772116313562 2.72162801740548 1.73935032639424
0.0100271783499659 0.995093698748213 1.96573449112721 3.00591154896045 2.09853274406699
0.0249498755117042 0.812955187864874 2.3192807229987 3.24171513176653 1.88688163948088
0.0138571360133347 0.929419015583544 1.93727435440107 2.81854340649654 1.80506670632001
0.0269544322145148 0.943754158184155 1.86412653323847 2.93867386215321 1.82649978083803
0.157359329080889 0.786527161133631 2.10953118105318 3.04563804171428 1.65393067037832
0.021104210775445 0.832392167330206 2.30844110373795 2.99008039609204 1.86232505576722
0.0145437235634322 0.963466398188614 1.88172482860919 2.77445735696199 1.71698962154949
0.00726614472521541 0.936556398273198 2.01700835866733 3.0550642235733 1.95076042013759
0.0100002674450417 0.987815041315237 2.00236515464422 2.98979600642373 2.06765755252002
0.0213082204301777 0.883773297577532 2.28006770771416 3.13088282118116 1.95551355567184
0.01159773514697 0.857480784171881 2.22103218845364 3.00371662147305 1.82005066308078
0.0840919188251294 0.946998719421286 2.26269766401034 3.09627705485993 2.10964647099666
0.0145691476164756 0.865672666642903 2.07400237249498 3.06673012889714 1.49953462729695
2.96437130667154 0.865343262935915 1.81765051917747 2.55552553512115 1.57806611899707
0.00973593833868548 0.905874513145053 2.17794720013587 3.02982066497535 2.03283524710207
0.0105011104974986 0.974306303843455 2.05590143558287 3.09338454767554 1.87562316488226
0.0116353219461012 0.855627729736899 2.21889304658739 3.03339219591417 2.10612846349857
0.0447390526698736 0.978777679569458 2.16467283321598 3.14814388355517 2.05988009356734
0.00771239089053067 0.909895332783551 2.05570100574156 2.87104492899808 1.90541745234826
0.543669063335601 0.910803215159976 1.7835302479598 2.72188437785326 1.72827655604381
0.00724693945549402 0.930262969889416 2.0282858476919 2.85817844693947 1.93571412990865
0.0328121170157446 0.853672116929028 2.03346257484307 2.9429740986956 1.73001444283461
0.0124064882776192 0.852989389035167 2.23231588124708 3.00755940743179 1.88568321946308
0.00709540502537601 0.932129245836333 2.03414813801801 2.98122136047433 1.86032888449532
0.0130768341154704 0.845208229647993 2.16829484283718 3.0845529688565 1.81026726527067
0.0106458789241864 0.85853253293386 2.17229085689655 3.17480728519908 1.86784713003349
0.0249988230018912 0.939369787475504 1.87612276233459 2.82479978503309 1.56945046226785
0.0165500093347305 0.836710763961581 2.27468796551285 3.12487934357753 1.76411152438013
0.00714676281331769 0.943337699293625 2.01670233608506 2.90842879506231 1.69816492531539
0.0127813171752218 0.845410991658402 2.17594362523867 3.21121173407211 1.98046176158761
0.0333615402586779 0.912859562271196 1.90514947580529 2.93094858806002 1.75290682400218
0.0891892674851661 0.958684086186959 2.24301470155651 3.11272533977868 2.19843498785742
0.0699205119541775 0.774420418489304 2.41452058030862 3.19412509267298 1.77059214411102
0.0150254011435552 0.85575373853637 2.09981638629816 3.10807796369295 1.84013631222829
0.00898357821113532 0.90364457497846 2.16782809233053 2.99546930823824 1.85681418612962
0.00829210824793798 0.893693298969694 2.08484898033563 2.78334354321702 1.95221145345524
0.0108076404142998 0.957292811746732 2.10263820294277 3.10767818117753 2.15318536876036
0.0467518852949661 0.806616923160715 2.13622431076287 3.12789345895532 1.76389050469779
0.00884607369822141 0.87862482568692 2.16182845211443 3.00996001936471 1.78410510222772
0.0252626341619758 0.859575494420307 2.31560803425351 3.17705146303296 2.00478196484474
0.0748554393169348 0.88529980624647 2.35437569870439 3.28378207349995 1.87332408118109
0.0109156204382552 0.930970911878953 2.15594981021268 3.07826582352939 2.02535215066871
0.0101105398660873 0.863535368528212 2.16053152412792 3.10434247467348 1.73377465965508
0.0109640120931258 0.867499944030022 2.11109242302658 3.06329374665933 1.90637264135358
0.0081058862974069 0.967512113220984 2.02439321640426 3.01421863814199 2.04449061634656
0.00710969166271592 0.947452186034815 2.03354705984263 2.99839564888633 1.78366071251979
0.0382327713445442 0.903505801764366 1.91515524571379 2.7254491456717 1.62741906119112
0.0252421482690037 0.847592543271864 2.06942724642792 3.12231703370542 1.67739401706247
0.0168586182991998 0.926459625176264 1.92620764432846 3.00193711036401 1.83966026158085
0.0256934387715698 0.855680360071777 2.31979693810559 2.96132805406462 2.15850775863927
0.00724324240356048 0.947525497629613 2.00724964895705 3.06714986788048 1.90227993141716
0.0109166855633694 0.98751414404995 2.02092171995311 3.03358413041519 1.90576997622641
0.03352861031956 0.871460129551606 1.99018993164973 2.80890554891744 1.58411186458407
0.042549715358521 0.936480403967888 1.84903619775152 2.79431189965859 1.83809840768239
0.0120037914843304 0.976551033255037 1.88765535763884 2.81363253160668 1.79678906943173
0.00705361806632653 0.926452885422024 2.04909063645557 3.09634254680433 1.86467340527195
0.123848932751447 0.750902789653098 2.24677924399563 3.11097745528512 1.79597314108726
0.00885610902352529 0.9182986719583 2.00833082657942 2.9051342977809 1.80913085901892
0.0227248993975664 0.860408354808524 2.04469236512984 2.83645865966705 1.83530199440905
0.0128923184448861 0.978357797587693 2.0707446156079 3.06545304858122 2.01123264986717
0.00807294170229872 0.969575931674144 2.01421175679219 2.79964349838788 1.9686188686425
0.0179569823176853 0.961465412472026 2.14190501792571 3.26546740143336 1.91914941942513
0.0140646520621051 0.894317387622934 2.2329345159153 3.16064205334983 2.08452903943151
0.0879530492258837 0.747578056460337 2.3295303761381 2.96540084030046 1.63186763188995
0.036943410549322 0.905022444645075 1.91417779491837 2.69996014970592 1.72366098075787
0.0224303863526516 0.90081500029186 2.26324713108478 3.22760486485613 2.10968946047741
0.0108963365424106 0.877252122745818 2.21548211901034 3.2117481089355 1.92772224628863
0.0189113836603016 0.959784459728517 2.14958178491441 3.22267068602726 2.13769763586205
0.0238126687347443 0.847664114364799 2.31817284556962 3.31272915688458 1.89839320011029
0.00907057054759922 0.98713332541216 1.95006587687517 2.87294467936423 1.96863816863812
0.0183963380158456 0.999173784680019 1.82621398453647 2.75569442861393 1.89801530660636
0.0207008264139123 0.872937430559176 2.02148168264818 2.7848315186775 1.90562781947097
0.0240813786423961 0.912741972622534 1.92585667598368 2.70331975031986 1.89868449117168
0.0109183842050559 0.89944428214699 2.02123884072763 3.11987653764066 1.72276934128532
0.0142852788007238 0.987254753360633 2.05753141685123 3.02343753359584 2.02168664541067
0.00799420966484959 0.970000921874687 1.97027883657816 2.83270311359441 2.02840438761767
0.00964669966436837 0.978938948185598 2.02750702777177 3.06878203176123 2.04516565038869
0.0127960013367101 0.874698403094622 2.06444479448767 2.85746561459897 1.74150631820822
0.0107702754727418 0.863012516389354 2.13413420431633 3.12091907553973 1.88611180510028
0.0375883953278447 0.84727955071326 2.35406311908275 3.34201579351142 2.01758247654577
0.0101718757684895 0.975518028660993 2.04758042601467 2.9522894734075 2.21144065306454
0.00970387742608434 0.993959881747021 1.94284345968176 2.8317743701256 1.86805969845968
0.31213818770864 0.93154798635236 1.76603824759398 2.7133223536258 1.67516988964913
0.0362926645463483 0.801648560317215 2.17926831614716 3.1354189892937 1.55391923596495
0.010964499587727 0.90024235459422 2.01889002540875 2.90246093524758 1.85262925366151
0.0076363268248381 0.911467550411838 2.12562375512139 2.9776815540297 1.99952034311916
0.0194358367432971 0.864314080082861 2.04822410390819 2.93922369025699 1.62783187023109
0.00946966505177717 0.915554423030253 2.1622277456778 2.90098471269035 2.00922829613896
0.0339847813988351 0.984599831056413 2.13441739917585 3.16860591094891 2.00641778037691
0.0208740802479764 0.908948634173923 1.94304196669284 2.81900668115927 1.77766335991108
0.0262199784305814 0.976150533861564 1.81984614835777 2.65545949940948 1.84382557423669
0.0124161545849674 0.917778870339142 2.19045411239041 3.17478385186117 1.9127679851894
0.00705730619653204 0.944863842237147 2.03424657208263 2.88781499104814 2.04890175114887
0.0109882964801405 0.868905466436406 2.10553330183166 3.01654602317146 1.82483126890215
0.00785110433793491 0.914426338504032 2.03943266786326 3.09660792721694 1.82237507198087
0.0709413340417425 0.786081249492268 2.16690515546868 2.85603364218182 1.81683300186323
0.272263608345618 0.887415678665665 2.40857966965509 3.28336815156317 2.13949629047912
0.0168285469572564 0.905938946932427 1.96534926769224 3.04971586126694 1.798920795798
0.0114312557755711 0.99431981918289 1.88763580642275 2.78641764510699 1.91937295343241
0.0160993380375237 0.827427784956566 2.2230633455106 3.20086634540264 1.950629064474
0.131346604770018 0.797399414863044 2.46131379044581 3.42331445793457 1.92343520713801
0.0153652814839792 0.850978698941462 2.26943403966955 3.18128788740108 2.04119081691607
0.0152818345321176 0.951244410845286 1.89392675982442 2.87686412304461 1.7283042439994
0.0134016846933142 0.840686933490195 2.19228606553812 2.92900180088615 1.86579533243966
0.00770854483419837 0.940938705574923 1.99390673339284 2.88269132992329 1.91350979637702
0.00948589646277615 0.894231882763926 2.05394572264278 3.05746669319262 1.66740696386812
0.0088243228034348 0.919355259433788 2.00673728565154 3.04869472567275 1.73497745321627
0.0088210727381712 0.983642746954703 1.9780071321812 2.8203414919788 1.98442773436175
0.00752228037790813 0.948748368004517 2.06014293960854 3.0938503797904 1.97926534573023
0.0127661961126738 0.860015471279354 2.24240228214811 3.01241304631306 2.02637838639
0.0093551410864398 0.982451142209001 2.00764138673004 2.96065175789427 1.9635885604982
0.0317983732598781 0.942712820714724 2.21874632413698 3.18242062188721 2.17367006481321
0.0125934509153435 0.915023512397808 1.97278002846126 2.80367350732525 1.67237227519367
0.015990049860854 0.858388845253427 2.27336287009118 3.06841519382201 1.98563639369722
0.0192378510200403 0.948797497467238 1.87938273019734 2.88713477259136 1.94236320604705
0.00765602322246276 0.933807137013111 2.00630235650483 3.01806233879038 1.85718794725399
0.00919271878856773 0.884629261621516 2.18175476336429 3.07683344818355 1.90069257229589
0.0132103171877459 0.840963974069929 2.20588406823789 3.20975024136171 1.79020888346431
0.00894419836690783 0.956063793282754 1.94715681769087 2.92504140881821 1.93668074405508
0.0193741653014348 0.908490585913443 2.24199564082138 3.23173260771486 2.40402393316064
0.107382933249025 0.865574000848943 2.39576728179113 3.27333884117977 1.99039780990735
0.00922106040561597 0.979640841760759 2.01505551523038 2.99678084302334 1.98959223943295
0.0111169788640572 0.85560519337257 2.16718174534443 2.81994338828116 1.89628421684362
0.00955319066505546 0.927269881061743 2.14604080451968 3.01711745510156 2.08605566241805
0.0255626139435905 0.800496695495458 2.26991047959203 3.01140839020559 1.81357719625213
0.00762052602073809 0.949062813981652 1.98742677709581 3.03717822152093 1.73859779948587
0.0232801218699567 0.865109599895951 2.30475162406606 3.22886421100364 2.05302375320449
0.015344253017652 0.847977249298622 2.26873103836383 3.1271857164598 1.83591719093018
0.010077246093992 0.969153953422347 2.06416003952648 3.08880313283545 2.08205813274438
0.00900073567026811 0.971511001897037 1.93450543631918 2.97984343239994 1.82959770410631
0.08043761145098 0.759789281449883 2.25987068482277 2.95440447036836 1.7012839669558
0.00814686971396186 0.90481073865086 2.14743722676452 2.96832202825872 1.97259662526421
0.0109577127575391 0.872334940596948 2.09431488535534 2.83666264282208 1.9971119808635
0.00751145783991746 0.954260183600088 1.98888064625239 2.88904817185008 1.81566085811164
0.00743362949795601 0.957232220096613 2.02735715217474 3.17394056415571 1.83362053314393
0.0552386296826311 0.9945651449228 1.75120481305415 2.64389283370543 1.78526922416698
0.0372146867835989 0.876883975394136 1.97165124830046 2.88829444683378 1.57653714368102
0.011249330255915 0.996643832204909 1.99212170653974 3.08281533953906 1.848239098129
0.0123728754430054 0.987341930947373 1.8767911232112 2.82401997635355 1.773829985991
0.0236470146498934 0.843917577605931 2.08545900676993 3.1053908724856 1.81404431895483
0.00926653329085933 0.926381653751995 2.14332963436002 3.09764576768624 1.8971745443876
0.00902662143329266 0.958319467543838 2.07530560782196 3.0583130387626 1.84694911880494
0.0109319388181397 0.99228506582153 1.89548208514238 3.04669769583937 1.9560777325497
0.0664692444738449 0.825589823194411 2.05751322089301 2.83421581154281 1.71267351060199
0.0101721704705538 0.892721011013321 2.19660925024355 3.21153876742797 1.81805844789404
0.00795977146858763 0.893664939951397 2.13844242835996 3.05044787899599 2.10159283446593
0.00707168863833942 0.927845095729995 2.04426307535977 3.03406162055286 1.88749939066176
0.00874732467101505 0.878491476011616 2.14360825001622 2.90225671329359 1.7968455943396
0.0263177579549765 0.811911518637669 2.18134506411172 2.93773943585211 1.82424786338728
0.0347107545610857 0.79712957837091 2.35068007147566 3.1460346175099 1.81565280040501
0.0197862406219083 0.873630971028544 2.28414286573783 3.03368022577176 2.27774789677511
0.0136385788246671 0.919078754749188 1.95749716811384 2.72120975273694 1.64288399743074
0.012061866325355 0.871193399803634 2.08249307193498 2.99568848802216 1.73136840513818
0.0302438280778874 0.910639753216722 2.26924027672792 3.43357644090024 1.98901450576651
0.0118390014830684 0.987648450555112 1.88267329432353 2.97014365376376 1.87854484709215
0.00801755212197506 0.931793079152852 2.11075819312867 2.83735737133944 1.86617222171328
0.00957903121201758 0.892612882239876 2.18723875380327 3.08348508697072 2.08240271345075
0.00953016903165912 0.882365205362209 2.18980877126197 2.95026005921563 1.98194025069538
0.0145035807450365 0.999083717520378 2.02331473664942 3.08290064182938 1.89498720530469
0.00925683479872279 0.989460866145561 1.95868770778142 2.84338651282427 1.88310369112466
0.069793677900444 0.934631091123932 2.27608244528471 3.14811793768084 2.25154187343474
0.0125782080568703 0.865810864271395 2.09293010912438 2.8946314216897 1.98292647014002
0.00784612524503817 0.961629239737406 2.03480887786718 3.01765473095628 2.08622328669584
0.00748729348670169 0.903544079717013 2.11568368111695 3.10907622094682 2.03704688978431
0.0192261499114826 0.816676379661761 2.25786041117384 3.01700235248204 1.80760994674529
0.0166539525881349 0.882361902237828 2.01764092888305 3.04113851488159 1.77985209208708
0.00853685371862464 0.961938559572193 1.95030478667177 2.9064471164364 1.9926079132172
0.00991034911372478 0.873642599739252 2.19627306302189 3.09976813521399 1.90135703489223
0.00945942545399288 0.879428998060863 2.1874888599223 2.9145167495651 1.94963513243292
0.0137230270475477 0.842362937819466 2.24041389330778 3.17540218927549 1.85277756609863
