0.0162578147261388 0.84672904414005 2.2811592141137 3.06044920041773 1.69315779925694
0.00858790308376694 0.886307983696429 2.16614331388529 3.07351804529741 1.91933923755505
0.0113287899048507 0.914445232070092 2.18210073191971 3.10278112571546 2.12026358071805
0.645905790999954 0.838117043741698 2.49336133530406 3.39384205591163 1.99726127634572
0.00963842975701251 0.986089322059372 1.92087804714908 3.02386203538701 1.93634378979136
0.0125659823438715 0.871663189758867 2.23954279488788 3.10447350177132 2.10915252702516
0.00797735717248121 0.934745619493449 2.1005608152292 3.03063737784846 2.07063979971273
0.00997862887427887 0.930689357988489 1.96901888657445 2.84111834873469 1.74324768210961
0.0110587751984134 0.977405406027176 1.89715235036803 2.84676256589363 1.78555811704222
0.0152645087308761 0.96507957909708 1.8757607495053 2.74651383548533 1.85928222622602
0.00848391311492802 0.89363302837469 2.07698558560522 2.94438489604584 1.90223519052245
0.00792418432566654 0.905059726360344 2.13964806897959 3.07305911205753 1.97261166471989
0.0302822398671341 0.957588745325499 1.83699850868418 2.75947348316648 1.64997160155711
0.0130073479004104 0.971628695209415 1.88325685495996 2.85698718600633 1.79373529792123
0.0232111388556676 0.950970263901386 1.8640518495594 2.74811068933848 1.75915079566999
0.00832864337519512 0.893370287309999 2.15795530101621 3.0420407046641 2.04389228858645
0.0174488508153097 0.832264600978899 2.28811250752063 2.9976816288186 2.01780158860805
0.00730946576378667 0.944958552433535 2.00506538410258 2.97398187404149 1.78906493752712
0.0172014170354048 0.820601398142977 2.24794879331664 3.2149202787249 1.84631198835813
0.0110347939468481 0.853479765357838 2.19895355639317 2.95713331542946 1.79211112908865
0.041592483932962 0.776278639064403 2.28661008804732 2.96267478518269 1.77490276439406
0.00798819641680969 0.958660185174156 1.96758261379911 3.01431704905308 1.96900029861745
0.0094596521916374 0.9868412368292 1.92777943643619 3.1105958073307 1.78396320287448
0.00976515292912719 0.876238938472611 2.19719232350859 3.06043086241228 2.00641058043731
0.0111068119169797 0.95108431780996 1.924953076477 2.92352991633985 1.64745742928259
0.00803485270164863 0.963220052061973 1.96451560013661 2.93473613076831 1.9870870845021
0.0204175748032281 0.81882913121702 2.30250159275953 3.14817350270408 1.84400551806384
0.00875745726641739 0.980036152485251 1.98949093807828 2.84895911772677 1.94627889932273
0.0227748960705756 0.981732351143164 2.10613459389623 3.22643705630382 1.94805807747521
0.072154272487933 0.752862617613753 2.38476030742147 3.13580047136693 1.89490351862072
0.225241084125572 0.828408048274997 1.99333950461017 2.89159988654206 1.70966669814129
0.02045574612349 0.96192966566967 2.14391182482876 3.01463813114628 2.1140767450499
0.447337776447048 0.956861835006154 1.71201468951964 2.69431669270714 1.55824744766812
0.0100005795246801 0.935124824289361 1.96119313385612 2.82451356965163 1.86339669009731
0.0563322798798194 0.950832396425006 2.22688811042248 3.25919185957422 2.2141870194903
0.0110519583742548 0.853675475891844 2.17511546798636 3.06589820220439 1.94610349770128
0.0196307978028443 0.986923879437065 2.0814804083204 3.12168186118057 2.16896354836764
0.0106627692434444 0.85653012884134 2.17380343770532 3.01733120581472 1.9702036498449
0.037642867832682 0.993681359172062 1.77649247100225 2.71250274482602 1.59570926676984
0.0157586860012583 0.846016285007488 2.27706029768024 3.12764390149357 1.88830952980162
0.00868222766662832 0.898743948335283 2.16476981748691 2.93424305136227 1.76690549849779
0.0686965406570156 0.83204140885142 2.40325331987101 3.26652614148501 1.90697104842339
0.00939413062289316 0.881535080672801 2.09280039400296 2.8759829845951 1.93812349361461
0.0149359722854131 0.841717297378255 2.14980555672667 3.15929390059479 1.93111115631957
0.0078179661164607 0.962306095801325 1.97402343845946 3.06566040718612 1.90756735872544
0.073381923163643 0.954510393658097 1.79363576037372 2.72376226614242 1.69177433259865
0.0165153898246204 0.82838447023477 2.27231176955632 3.12826317584283 1.9092850855004
0.00964681328412138 0.956354755408548 2.0846458855471 2.95824912635041 1.98543809050122
0.0100760435336367 0.874061723024843 2.20375055762216 2.92321149783323 1.92803501602491
0.0271209687181429 0.804191462397959 2.20987059834334 3.10892858940876 1.81399695174578
0.0195335915664603 0.844082820231927 2.10566147079888 2.98875486131672 1.81897678016605
0.00926792714801114 0.894826483653622 2.05590526140116 2.93464970488104 1.7878306130248
0.00708254082014708 0.917487136454278 2.07371852239706 2.98183943724127 1.98889781961772
0.0150691110448369 0.939877984867381 2.1652030528581 3.08630977714822 2.05902121701487
0.158693420000821 0.72835402741537 2.45271748906731 3.23931136346501 1.80671827471856
0.00753559691779778 0.927832709297886 2.10003938735542 3.04792483420304 2.07681795196544
0.00725455412026042 0.933915976243563 2.02126850675113 2.97490960773672 1.85793959679603
0.0180015558923096 0.994604340125183 2.05309677664087 2.89442115176172 1.91616788073401
0.00941884681930192 0.94450926849332 1.95412677915331 2.98214010619215 1.83529305351297
0.00766002422671392 0.900179747596913 2.08811800562415 2.95748499335103 1.69776083289696
0.0105222584280333 0.953761348703195 1.92749067922541 2.74105884516345 1.73520246294747
0.0108371789283979 0.912769176611925 1.9936405112524 2.94021416567182 1.84174558889263
0.00698615784175077 0.92993054460566 2.05130702659932 2.98095897186588 2.05587547386426
0.00824515366656395 0.972723001185474 2.00083402194139 2.75590255117526 2.05763178883306
0.0109416431685126 0.948439084002207 1.93032457161432 2.8362913229095 1.69121465480659
0.00764340985651742 0.896684085292948 2.11388343501566 3.0030484640487 1.92183209935375
0.00829151242666511 0.952530511276121 1.96414676264017 3.06637757083797 1.75499132910909
0.0443949760092972 0.988542035909447 2.13311782553348 3.25287624636249 2.21383734889648
0.00925849649008878 0.976072948534187 2.02255012291295 2.9270268068106 2.08332790198052
0.0244482147817898 0.922538198398925 1.90861881279023 2.9033696014438 1.70808926078555
0.10459037117069 0.866008776552386 1.94450361545622 2.85796371622442 1.76832180082427
0.0166698424109189 0.986795979740737 1.84454450760192 2.91857309792123 1.92755006232891
0.0129344250089292 0.922644288549303 1.95659845293623 2.98486580642637 1.99104897961522
0.0221587581887596 0.816178270464177 2.31385489091862 3.08591584071033 1.99965735349923
0.00724877792420298 0.93766667970883 2.01615362921439 2.98651053451085 1.93573015352783
0.0169669636146984 0.891876462762424 2.24971068390175 3.15344914459105 1.99912607852224
0.00789897734711148 0.891420987511181 2.1316829555873 3.03589299439581 1.97819569050238
0.00771086208175406 0.920426701730138 2.11685604951186 3.01562413882679 2.05916298992341
0.00763133401749175 0.937220116117934 2.00134287341007 2.93504390688958 2.06012385494647
0.0166819062384385 0.993942250589457 2.04769373809368 2.85639858548365 2.03379395024267
0.0640344632188135 0.82791386515864 2.4026467419817 3.26484944467976 2.01823753292403
0.0123005028536802 0.844118011625496 2.20848432042042 3.01725500783907 1.69991106194108
0.0115771001393088 0.852840625353509 2.22094330945161 3.33137104964862 1.89627594659674
0.00930302364235588 0.877456591011917 2.185585932689 2.94265634430681 1.82239861411127
0.00757076437384432 0.925223596331602 2.10538336548054 3.12891377066324 2.04688461504703
0.0459416462608787 0.769905809214493 2.32554269516377 3.1113478597907 1.85442070933
0.00700375155320521 0.936927265864803 2.04032784869375 2.93338338292663 1.9152916996222
0.00918012742642466 0.960807397062618 2.06619925448779 3.059146557796 1.84913719794075
0.0117079828020602 0.944053648526599 1.92969080570595 2.91430560597977 1.87432918834979
0.0163113826299784 0.847012021081637 2.28154272474278 3.0869265974863 2.08256245291385
0.00824569810286633 0.907982830815373 2.04357529670206 2.92575826430546 1.76557961196891
0.00927817387928384 0.98784963486311 1.94026654541886 2.85261691071698 1.79967287323146
0.099487711947968 0.962012013433249 1.76717726653022 2.91175818123676 1.7979251372391
0.00895719075682222 0.955238521249122 2.07624873477109 2.97097297613644 1.78654046810104
0.0191382214664295 0.883833931773191 2.26894235913034 3.12714291822575 1.90021850980445
0.00918231265430594 0.934645128212257 2.12368868027263 3.22308679146776 2.04987071557761
0.00726440084252017 0.943184540934064 2.0091577507042 2.78669797036065 1.97547452689189
0.00843067329668919 0.922094988933054 2.00846421485235 2.98227877392327 1.77798991651878
0.0126121968659103 0.998386248562326 1.99949165583858 3.01591473927362 1.80002128751651
0.0230234206235241 0.971772459232184 2.13046159845812 2.95281683643736 2.01967134688531
0.0135740241189609 0.854311339034088 2.25558437178021 3.10449850320506 1.82705593713458
0.021922469176832 0.829012831833611 2.14110921618151 3.14738843139615 1.94455586783
0.0282737228718906 0.823790721679036 2.13067784498549 2.82326304559758 1.8066814151207
0.0121910334217722 0.946557586720552 1.9218769967987 2.72205095834906 1.84501446371872
0.0254322137964908 0.827714359709702 2.33451474801408 3.26364833300496 2.13217178761311
0.00995082079531671 0.972433613542417 2.04707980816187 2.99477146736021 2.03961715343756
0.0100708560488525 0.989495167465853 1.99013077227791 2.92150685861333 1.85850268077052
0.00764083273909474 0.963586013774712 1.99209188357647 2.91271060262268 1.89441780401526
0.00778946299101387 0.893284266157131 2.12209069835762 3.12550283959695 2.02301130672977
0.0148283961968666 0.931271202069033 2.17964067881211 2.86204709936411 2.06164800555822
0.0117736354864657 0.985906763310213 2.03134504266315 2.9363110045231 1.86314576326537
0.00863193930593003 0.969381635921801 2.02937353029432 2.80384343603095 1.81816066326659
0.00956089533006801 0.913339554330662 2.16357691984093 3.04544332947169 1.94913949824327
0.0309921674778547 0.788079885643486 2.30323528495582 3.19397882430158 1.92719128023976
0.0100620175534431 0.862158099890362 2.16252957655087 3.18460157009889 1.72731735252508
0.0126999678594472 0.999012134211228 1.87011856028446 2.76800055109012 1.57354193548037
0.0329056597818713 0.876728635665102 1.98264455663406 2.87126051100349 1.7885145578007
0.00776804400168634 0.944080373893631 2.075431235216 2.84841016025834 2.02678201300668
0.0125762720260879 0.845273510916266 2.1747051902946 3.17366999237313 1.95144303011166
0.011048266411535 0.861372925536755 2.13136172970926 3.07956001389956 1.68217048483099
0.0201696755228047 0.825861481870781 2.30675932525707 3.11456719433527 1.99320475352664
0.00726845304794781 0.943866463718003 2.008339708715 2.97868171994054 2.01872990409418
0.0125286810856794 0.986065414602874 2.03908312700704 3.12380256432183 2.12357083293064
0.0148238698991465 0.830390504004704 2.22486222426833 2.90450179493981 1.82134439532056
0.0160169767984954 0.987865226785642 1.84741755269876 2.99856609394007 1.82165752116939
0.0277489032399288 0.986380821901138 2.10878393355178 2.98397517150373 2.19439852200689
0.0100375097824393 0.93523491033796 2.13405422720745 3.18735236651813 1.96132939628125
0.0100103692330495 0.88770237272893 2.06272489009715 3.0140239681205 1.80455102112846
0.0702156497106523 0.857104548310039 1.98343382013522 2.82621668928513 1.64168646836214
0.00901693760746065 0.915211260788473 2.15272761808067 3.14471434458017 1.89846982731042
0.00720677980073565 0.911448245362881 2.09647918426347 3.1225943615729 1.83681060652826
0.00815155800202334 0.923057545177862 2.01249676688623 2.87975361347066 1.84664900932286
0.00957408562464172 0.91988412509646 2.15422262994488 3.07743722797608 2.14578753448046
0.0164374427816079 0.885000868981419 2.01427626335867 3.08086595703583 1.75857724372023
0.0126171763557923 0.981742401532883 1.87746669594398 2.906052620239 1.97135602105196
0.0366701907103278 0.830799176999946 2.0877556872411 3.07227679248287 1.82513690372865
0.0233813599371833 0.861221733251555 2.0426377321648 2.82140658477472 1.74022333231358
0.00785557273191701 0.968279704492367 1.98408736234835 2.84374585751805 1.9595794265703
0.0275928903788735 0.964349038819672 2.15908394085251 3.05910179281874 1.98048135261142
0.00840206144785938 0.974228606302324 1.95445654820638 3.12431393151015 1.83066274188856
0.0161186084636261 0.998017443465111 1.83993722015245 2.78666024251318 1.81822958735139
0.0123593326457969 0.896986327039123 2.01366758307298 2.81987485998733 1.7893252440736
0.00728622045923206 0.946000878085221 2.05053978330266 2.96216155765934 1.9236707857079
0.0282599377783072 0.811087414266468 2.34469960403775 3.16108224006618 1.77712132012775
0.0723977154659134 0.754229996872672 2.39456438920024 3.14679902472926 1.84172434905317
0.0540463508057098 0.794336309774996 2.40688552327395 3.2610635238975 1.89383886395001
0.00730949238106088 0.947694197414113 2.04692491866751 3.04057961015838 2.0098817296299
0.0102754466600911 0.871299642455678 2.20753607355222 3.20948226274928 1.90835398289962
0.00718154934635132 0.928421947106575 2.08344939554418 2.97733522674127 1.86012093180753
0.0118896791983299 0.970508458835252 2.0758180337622 3.21036783420412 1.9485202179496
0.0277564598644304 0.824672722215514 2.34369872401523 3.29423996148362 1.96213086846978
0.018985166757298 0.839316001401345 2.3010597157768 3.29351897178477 1.94446078856105
0.0269052110286362 0.846019621702355 2.07073432601857 2.87755415266448 1.94413284771133
0.00815234086831721 0.887234889753265 2.11797496510654 3.03377394398133 1.94724707648185
0.0679771304695775 0.998508342227721 2.13272742312331 3.07927500527908 2.149781298816
0.0500090899463743 0.796103024146694 2.16698834671444 3.00035872033687 1.63648860266395
0.0499535452918981 0.894066481444955 1.9223502296574 2.69204463012524 1.63487230255531
0.00720646883852515 0.9309114052271 2.08067699772095 2.84370066447126 1.9185805055004
0.0082379207150563 0.955731500102612 2.05962562248972 3.03757733273486 2.06728530545955
0.0114903038851974 0.985626600196216 1.88730077253967 3.03797831018969 1.71854238520489
0.0107928324761795 0.863831714860043 2.21551608645202 3.14991885402969 1.89320393551418
0.0180633325440683 0.82859099499486 2.29115146115788 3.00999430180559 1.63667008231629
0.00733874115545039 0.911512504735764 2.06768753424647 2.91173288895311 1.81689237699188
0.0568610037773181 0.777093241367663 2.22500010946341 3.05816943957258 1.7449495377199
0.0138942603204622 0.99969778273905 2.00898901955441 3.11884279128789 2.11537772603517
0.00875629284938936 0.953022979282909 1.95379185471866 2.92306466139238 1.94344156263232
0.0074296271921449 0.913616345901123 2.11378629288724 2.93090280188577 1.81454169363843
0.0111876651204163 0.851870765653972 2.19193241126308 3.00643101519496 1.85009201041672
0.007000483374463 0.925529657378501 2.05918545445912 3.12075642971777 1.94962560419471
0.0205945948404339 0.810852397212298 2.24038063271013 3.03416582862008 1.90609752343864
0.00774177645271576 0.919143130158254 2.03128679079662 2.93003891622145 1.86671628672908
0.00891283364565652 0.950997665270475 2.08551460522526 3.08054241844621 2.06319125412499
0.0249272240749654 0.817709233143405 2.33175541653141 3.14539287824277 1.85150924038989
0.0149224743390749 0.837658002773147 2.16753708380511 3.06471791769768 1.77521654070578
0.0108667364094044 0.854508855731914 2.19195897778846 3.0868162262424 1.89212251425405
0.00989148216608376 0.977587496731707 2.03040300961813 3.00763329001789 1.77333507603223
0.0101801527822909 0.979907383575364 2.0279568660275 2.99194474640381 1.90213082169451
0.0106751334318005 0.856345384698491 2.17510101205209 3.13715592091899 1.98957687011468
0.0179638668201144 0.945675473147492 2.1678769909411 3.09502051189317 1.85879972012455
0.00761142076967035 0.91822547254748 2.03756002462029 2.89416785078731 1.81924053374155
0.0154439777802829 0.829031662134083 2.25176278403859 3.07601999034117 2.03904330179065
0.0203651618700469 0.843502275804635 2.30751968200812 3.24166780385914 1.87041771108366
0.00793319541305112 0.890488970953491 2.13120127426694 3.10377856124233 1.97523456228466
0.0245008056521274 0.833427793861354 2.11482687361582 3.0483885361575 1.66604558826459
0.0184220202991197 0.914399979978348 1.94331267431124 2.87719611731771 1.61019434986489
0.00981709919638858 0.991253151480308 1.9227710158064 2.93248366095504 1.88879788965908
0.495640678545036 0.876576936584965 2.43584706313064 3.34575081951888 2.07815145450236
0.00801565440003088 0.95316496881103 1.97068856004278 2.99899159325543 1.78433003089153
0.00852857940577642 0.944779375951021 1.96853510945902 2.83669919520116 1.78965643930877
0.00914846596776613 0.873543497929272 2.13482376105787 3.19722583399903 1.84577368087474
0.0560465768962837 0.806991651154308 2.12341393573614 2.95852727800213 1.77208950995982
0.0165134615901328 0.997619674208165 2.03584438024932 2.99410619457901 1.77454856548536
0.00714955327057487 0.916614414925547 2.09312277407766 3.01236288708128 1.88583379725073
0.0100317465791103 0.912733682065084 2.17062714837676 2.96918416002432 2.00153531918421
0.00886495973960907 0.882105078300231 2.17399239370828 3.21057998690589 1.90068374658066
0.00699854812036898 0.933349242797686 2.04317587427155 2.89521562993859 2.00206515135683
0.0147757688262802 0.840402991759484 2.15730738272349 3.11539333518747 1.80894815162704
0.0437102154204186 0.998980537144182 2.10657138243131 3.032749704546 2.21275079569335
0.0305655104214622 0.79945723426711 2.34628287082208 2.97036772504815 1.84738053167651
0.012323879414309 0.846401715292794 2.17525281437455 2.89921255365888 1.75793085265147
0.0120180454878989 0.909990894494025 1.98840313796095 2.90507154007685 1.87155992471451
0.0098376217027329 0.990003081194082 1.98084005835746 2.91372069814948 1.81891416255775
0.00795116414139647 0.917966197524206 2.12704222322627 3.31902556384682 1.91612833438434
0.00796504963894562 0.913794848905776 2.03691757061478 2.99216371971389 1.88941562814316
0.0144374543607518 0.861787043742872 2.08704622523937 2.94434420362456 1.69709871619074
0.0103894064682034 0.993579142469193 1.9796178675108 2.78805724304106 2.11351987789424
0.00745275720633325 0.952284792669571 1.99311872222745 2.89585163184643 1.61753224428853
0.0100852116127028 0.961703624263866 1.92333532981757 2.80660805970884 1.94704688341223
0.00830334324048816 0.958743039437533 2.05310171468036 3.00496546968419 1.82490744652106
0.0302154103089142 0.890750542004011 1.95776615888728 2.97450273704686 1.77592228948521
0.0159872126987561 0.845682436981783 2.1246525731386 2.87369188353791 1.80687504559063
0.0091715608412698 0.986899707760353 1.94376997340348 2.97734667789623 2.16786222996566
0.00823597956802167 0.95691338193673 1.96142356864323 2.95951925021671 1.81075096456681
0.0181964439604679 0.995947637686982 2.05027852284928 2.9833451746129 1.92209350126356
0.0109087194452258 0.961589480334739 2.08791546032605 3.20205419397418 2.05956065429838
0.0180367877142294 0.907051194193394 2.23405816399596 3.02906914857041 1.99503704518186
0.010782364675421 0.92185899146208 1.97625897149862 2.7848263335728 1.83143205148996
0.00715979658914394 0.919077577998095 2.05779048349412 2.97752575334692 2.04323483860494
0.0166509658330643 0.845886804631028 2.11859077548623 2.94734902760773 1.75728175983135
0.00846107814196407 0.904685246963838 2.15463067156254 3.04423076268803 2.00169442810799
0.0589853894867438 0.768444411650182 2.39882878514206 3.35910373914199 1.68321961048249
0.0245849896146893 0.838048769688822 2.32786860200275 3.06501983716621 2.17618765541988
0.0106732962201427 0.906529569790008 2.18646991784486 3.1297847153821 1.93699355401187
0.00819008289803562 0.970788542467971 2.00748844123461 3.14507758080003 1.99271688149409
0.0496039702427523 0.974370256118641 1.78423819576705 2.56371562022965 1.77419881061129
0.00847215999131932 0.959782163223799 1.95321686496628 3.01672984572908 1.66254608238902
0.0129707014847769 0.84263075860341 2.23442265823772 3.10001757225922 1.8381686679759
0.00926293138741456 0.874940382054271 2.18214781317716 2.99165062727423 1.80403311546678
0.00863628156093905 0.955628787692092 2.06908590267746 3.02862031864549 2.14164020271042
0.00749305317385199 0.900664137606939 2.1077289902342 3.29274184686866 1.77684613368199
0.0178268973724442 0.824319548388029 2.19333517673495 3.00636345865434 1.84633484434295
0.0144520021207434 0.936049660561183 1.92320847062386 2.81147066850168 1.81080056148854
0.0699705987610223 0.816759896202395 2.41606012582226 2.97182231731473 1.95004956216806
0.00825552306244536 0.889622383658939 2.15431718348573 3.09939772412517 1.91776212911182
0.0104247705184964 0.934732128080825 2.13942361403427 3.09429151643719 2.03130241915817
0.00706490275006229 0.939879825048085 2.0280642669983 2.91809424585209 1.83083008256804
0.0153359026365398 0.858267421970132 2.2706192480049 3.1392083607703 1.88954793808079
0.0106828214235618 0.956576392406888 2.09719851923992 3.18320712435378 2.00274857122251
0.0123331604869745 0.879136071976926 2.23210519729615 3.25297141127504 1.93910767039161
0.226682241766778 0.729232513927024 2.50062308996414 3.08647006816138 1.87057181438441
0.0138664707658394 0.985996874898076 1.86365922559485 2.803158768727 1.9148757833785
0.0506611377092978 0.806220272726481 2.13353397526873 2.92288928782514 1.74457012825882
0.0230661990115924 0.901083183370366 1.95386764628304 2.99522292424265 1.88852037245258
0.0197304536851351 0.812834446937044 2.27252510489875 3.14292128061545 1.95592242334693
0.00745212693918985 0.90303383226154 2.09304626847119 3.00172881620501 1.96011326837028
0.0134401485455625 0.885989363340374 2.23528460379221 3.11162727589667 2.09164329044265
0.0109846084940982 0.963071645277441 1.911131029894 2.89749234708078 1.7641449583869
0.00989440528746987 0.994485705112421 1.93299834402311 2.77089228394171 2.09404921245836
0.0184664187794034 0.86897338253156 2.04279345704669 3.01196649168737 1.69597954377095
0.0599145648246372 0.860363115449694 1.98450741059271 2.79202706438961 1.6537763475111
0.00828022843633988 0.893089173485348 2.08526769156197 2.91550885525849 2.00804380319519
0.0131751685632147 0.897053032701776 2.00709832644829 2.82339428116461 1.91031974983904
0.0124396556932763 0.924698056677096 1.95644227444081 2.89754162971642 1.86560869970474
0.0486994207534274 0.792260509786262 2.18295671578758 3.05197935673087 1.8035256153743
0.00980329478248337 0.972529666429009 1.91814838061063 2.89746575768121 1.708084778108
0.0127913666863202 0.929858420557017 2.16914361369997 3.1603543581362 1.9596178105021
0.00847770191138916 0.968721563237999 2.02707855597014 3.06230325225733 1.99835697468159
0.013272428119686 0.858297936948681 2.25199151364931 3.11131409441083 2.00569747346725
0.0507348026222831 0.765671736996373 2.33951607773026 3.1039171194917 1.89771774005934
0.0802290896253357 0.748271903815734 2.38653496593428 3.11741668954961 1.71089534276396
0.00711339604128188 0.942525333667546 2.04711421516366 3.06681687137098 1.8869051925691
0.00934571614850759 0.934291321888827 1.97112345883365 2.77116621054902 1.96633678140764
0.229315813356168 0.712127252703399 2.43909687188363 3.01050040432761 1.77280454479912
0.0150035989119008 0.844170566968247 2.13950028421809 2.88854217256058 1.7428808329478
0.0283730899291695 0.963180615998685 1.83289660124775 2.74198848212589 1.78674675019244
0.0149717982210233 0.830260901635193 2.24175239274621 3.16595581760469 1.7371943555235
0.0113598134556116 0.992351001762592 2.00413202965323 2.89753432601943 1.93143952554989
0.0101558916990979 0.871729686325507 2.11014448929615 3.12034725947537 1.7084053747738
0.043754756470076 0.8367878967387 2.372272621261 3.17086968567208 1.81770333083695
0.0130189894553259 0.84592766621923 2.16049426519343 2.99635558846219 1.6620755258598
0.0135809453669698 0.837998546729332 2.19482174247388 3.04753407987916 1.92594561008276
0.0466200525783378 0.84656798040326 2.3678425031412 3.07466445975359 2.04962617644532
0.00910863332373997 0.87370441928558 2.17231578132884 3.17789784855393 1.92280942580289
0.00761113171009402 0.96280006326557 1.99271834113995 2.89864820348695 2.07320536908073
0.00924321242649855 0.934444072630846 1.97234979262293 3.07431303012341 1.66539015948861
0.0100496774978778 0.993847167464971 1.966667676931 2.98568151466392 1.93638613029945
0.0882475962377896 0.905485088141005 1.87198175890016 2.91880933320516 1.82158883464656
0.193750854135852 0.727236580955632 2.48001444083443 3.18706438452756 1.81577574748561
0.0155030150605404 0.978101160584381 1.85948247855504 2.81040692008505 1.94747094395361
0.040653591869552 0.792384440692403 2.20265985760772 2.90117853786618 1.69940477909295
0.00937017023056634 0.887909584239198 2.18617640839469 3.01177273384373 2.02246104488136
0.0103035878214405 0.979099287610763 2.03255291389345 2.98910951654889 2.09953437169034
0.00814424464751864 0.958896580807873 1.9625344691963 3.03065820986411 1.96038310166167
0.0173746911500907 0.899173296287546 2.24220600623102 3.0634239248608 1.79184949806773
0.012573544993661 0.979444030010153 1.87964784075781 3.04174454055027 1.65601986474012
0.00951769702014167 0.958767277523084 1.9345232573755 2.81198749398981 1.81519554411568
0.0135763514093207 0.85371990622988 2.12099549635933 3.10277155984037 1.65810327612273
0.00781187681535867 0.89281424671023 2.11889205436367 2.98265068229307 1.83019701632961
0.00937728062445536 0.870524795356118 2.17835483085488 3.14667722187282 1.7051799484132
0.00787583540500273 0.953429970840677 2.05537029937476 2.90463188894941 2.0214549018313
0.00867129886371807 0.878245496165399 2.15549512588582 3.1282851679558 2.05557056596769
0.232412969943599 0.836084119113912 1.97476183450541 2.81106536333449 1.69284717453421
0.00718266870488319 0.914798955746457 2.09652610068563 3.02908444234639 1.7770775520489
0.0274434725215058 0.796117587779275 2.31409336926063 2.96868010187344 1.93173478566211
0.0279033506976127 0.978360063857836 2.12839040582989 3.15002099304891 2.15354549003473
0.27575139517843 0.770761454828717 2.12628542064216 2.83683716038239 1.68549129451127
0.00953043853665908 0.986953451364512 1.92535093041451 2.8649067890244 1.86279131836992
0.00745602961465482 0.907094114727887 2.117929744191 2.76636693057141 2.02201205412772
0.0107205755925821 0.85995168750066 2.20926694743939 2.97763057675682 2.05513215337034
0.0524864733001157 0.906227808599086 2.3003604973943 3.35559118733017 2.11981938138149
