0.0070519613990792 0.93726546291068 2.06393008121842 2.97435114792209 1.92531800452125
0.0103496239755828 0.900694220646932 2.01818300675611 2.61593748894878 1.82918530792155
0.0458824243473901 0.955827886510121 2.20999501003779 2.95196005896108 2.1550927031892
0.0157927716353886 0.888278728313978 2.23410461427599 3.14017801903388 1.89907947645833
0.0108766259568468 0.893370532539158 2.1900933649361 3.07885159688886 1.82702475527646
0.00726185032007592 0.917753303099681 2.04969930360387 3.04620449039145 1.82010378946041
0.0077879937853415 0.973696926292222 1.99188986156894 2.94857479070642 1.97257571776758
0.00848674009469857 0.933759824040648 1.98097573248387 3.0129714647845 1.65390464257278
0.00689274880269843 0.937913151141134 2.04252229386255 3.0083665541883 1.9002155297362
0.0164864136493301 0.906988520208027 2.21906047747392 3.01742298557621 2.06210121978737
0.0176469125229178 0.843955769237421 2.1085658411178 2.99378310976738 1.7344854878501
0.00890909615054765 0.970714240139842 2.04707242704574 3.12913650617993 2.01420745872597
0.0157509871280743 0.934677107299357 2.17813337659097 3.11022456960591 2.01434316845589
0.135860579305405 0.738116518595601 2.41283156537725 3.07119786635174 1.79651244575246
0.00922729579105337 0.988347146786942 1.99668485590746 3.0456591549472 1.99385992680373
0.015381186732019 0.968702202889857 1.87116326285068 2.87742803888602 1.73581825018776
0.00766352399154203 0.92597231591062 2.10472227714839 3.0030555665563 2.02521589607047
0.0144229452812593 0.990170489598949 1.85957356399473 2.75663485124418 1.90129237391693
0.0087543933092245 0.983785512578815 1.99980152551026 3.02602315483467 1.96801032173017
0.00985689652201688 0.952786264421043 1.93387341834294 2.72264364070488 1.77901618806894
0.0260442974740094 0.83459221448849 2.09293915307764 2.8733193956315 1.77199252810626
0.00707378979314245 0.924909731498868 2.04302554652226 2.91963384998758 2.08519464332001
0.0159276241503655 0.857277881353464 2.07915727802923 2.85202888300666 1.64297539477092
0.0186256740148282 0.828689230685187 2.25226781293468 3.02615665078262 1.79540438334661
0.0102584156250182 0.872476342527813 2.17946129732544 3.03524513638242 1.90141295862206
0.0737477280331356 0.75843588475908 2.35201818127175 3.13598471780539 1.88691696888017
0.0082445074479872 0.972137423524912 1.94970272364873 2.9627337859781 2.08128999482014
0.0206977439717186 0.926823727508679 1.90613525989647 2.82948170793362 1.6770381414573
0.029764853744407 0.856408885068552 2.30819274894599 3.27003339375995 2.07538618096015
0.0409736821447685 0.974933443081442 1.79775299485433 2.84857343375487 1.74587583847329
0.0165684746662923 0.873779224633348 2.03013515334749 2.74803865238307 1.73058628497705
0.827001999192538 0.703851325385138 2.57513679581038 3.30512329002441 1.99429871530785
0.0400597194480239 0.990025776046815 2.13658383192052 3.19142058547271 2.11188193854628
0.00981687950693557 0.871527976320311 2.124678094241 3.20367210460455 1.92364292916655
0.00937070462605414 0.945315042800055 2.10921816463503 3.14148831343054 2.19065323373622
0.0117512825585073 0.892861904606861 2.20011854039486 3.0891489814332 2.08105800646633
0.0070439899714535 0.950017930955269 2.01041660488622 3.01384811075829 1.97116353099187
0.0121802325834288 0.931180101741256 2.16102747788702 3.2119655090874 1.88684606062397
0.00804732144228581 0.895718818770702 2.12584748476507 2.90837014809405 1.93894648782647
0.209233348223814 0.944447126112493 1.76146441974184 2.69332905044672 1.74330551781033
0.0112772447595069 0.868027021746326 2.09790653383945 3.11426291281456 1.96120931576915
0.015086236521732 0.873698030641766 2.23927828653715 3.16340050478715 2.12150957145188
0.00932209201378285 0.985144831853536 2.01202698367883 3.06011198072109 2.01591837149283
0.0514351521766959 0.797806227941318 2.36419161109547 3.07258003731487 1.87023375212436
0.0491980363332339 0.976375980755521 2.17563621891979 3.18375432247563 2.10061980481927
0.00809916123746173 0.933133835020017 1.98990465825236 3.03996660144932 1.87777894976221
0.00726538704188897 0.912320204675677 2.08998613367083 3.00197498762514 1.94057546395629
0.0237485098385109 0.812572880483858 2.19366743710892 3.07505434997206 1.66618060960924
0.00832716722795743 0.973726046623463 1.94730480759465 2.81227579339336 1.95166466195681
0.00891413460610259 0.927488166458403 1.98410883862175 2.93580822748845 1.8079284901519
0.0100524430873761 0.900489775713857 2.02261296768807 2.96506990974281 1.90042899156036
0.00993686395206479 0.87027545554518 2.16195404425018 3.02254496312799 1.88591010267025
0.0102622933290998 0.866127390838881 2.15800397867962 2.97667904832864 1.82235580725524
0.0117330429892028 0.927564016264677 2.16255877654204 3.19612503248625 1.92941757217952
0.209816554998171 0.726200047243025 2.45631789195753 3.17604321571292 1.6639850127866
0.0122352577292004 0.892806424357742 2.20482951196576 3.22210456103589 2.01377906586369
0.00918562776993764 0.985456105615855 2.00723114676436 3.1015638904946 1.7783376411775
0.00971151630917001 0.934063156683435 2.13213702120444 3.12430406828925 1.82446095367754
0.0073568228155113 0.921018014738307 2.03580782523161 2.93926748171727 1.87305607001069
0.226383538122713 0.714359652700476 2.42402429879278 3.28457431302983 1.84157125357634
0.00898768929518165 0.88004885488705 2.11658534086098 3.14115647698634 1.87883189923141
0.00700370280422086 0.950111124545445 2.01888152577507 2.97825620608991 1.75889809546549
0.00714597996047069 0.917023483211251 2.06292628359669 2.86329282392907 1.99445672635562
0.00751767434599713 0.960788267605374 1.97771961109745 3.27334011780081 1.93804170471575
0.00818325211473996 0.927501287409099 2.11621838750766 2.79753712626278 2.04441763025743
0.0569496073440718 0.968751223575754 1.78730236290119 2.70394454972662 1.54551214882012
0.0119218661600598 0.857725354332011 2.19801611171377 3.08231348437249 1.76976652936451
0.0526583204857368 0.81674159808411 2.08383412746668 2.89412218636679 1.71728659644006
2.11605119320288 0.900058755875157 1.75130872440327 2.54700210872115 1.59290540609967
0.0108955350036972 0.862879463133759 2.17932745570101 3.11372406702927 2.0505843086384
0.0175278649455112 0.906851226675877 2.22407741937109 3.1968268361405 2.18547340177984
0.00937614573042301 0.981248269135938 1.92095438072859 2.93212424768158 1.81820844010382
0.00789181819713003 0.97476408667578 1.99675337401773 2.97446427097676 1.98387152147304
0.0146043066073582 0.840859186973959 2.16113883972565 3.09990001704566 1.73448642046387
0.00730251398087723 0.914237173038159 2.05837470157718 2.98497882243598 1.99000748841634
0.00940363975695294 0.962853356189515 1.92965556969547 2.8623486038636 1.87377423474596
0.0208728326915483 0.962393007710425 2.15128880415437 3.16698816627032 2.06874032147112
0.0193704446750901 0.823853677718223 2.17971020354623 3.02265196086887 1.69752028162964
0.0959066254958733 0.98677788274588 2.18733940552999 3.21678054678232 2.19794159604029
0.0103972296116155 0.925281352147924 2.15274836472157 3.12478308562489 2.01703071299513
0.0780175018243805 0.98888659650383 1.74868898969673 2.71235967021122 1.52598842782759
0.0410381529208959 0.856175067754578 2.00151256567222 2.89785338647525 1.88057292717152
0.0169490196182698 0.840207035066217 2.12868152354309 3.08112692806507 1.89418310898968
0.0159357511059061 0.83596218704412 2.16303978773193 3.08910187098664 1.79473085998885
0.024830142730433 0.995400318984963 1.80983177648901 2.89254577632519 1.74365088728562
0.00977842247654767 0.98385805218424 2.02619900595382 3.09556434019282 1.86825865506788
0.0173475668642762 0.890163636079051 1.98834942843319 2.80826059875943 1.76545789373003
0.0075579962814972 0.927560607481657 2.09953446413161 3.00201928158721 1.86219268317945
0.0232437891384166 0.887272089984976 1.97174042860798 2.96365087674242 1.78364897818549
0.0133349225358291 0.844818423854708 2.17930715693491 3.08526777562258 1.9183692980326
0.0104507869283169 0.907337190778731 2.17399309406893 2.97328107441073 2.05274873471929
0.00715555325949648 0.938337018683526 2.06832516756428 3.01043198090596 1.88706832820701
0.00706456797431841 0.919491311163833 2.07333023083169 2.95258926616065 1.77277992654078
0.0239280742544717 0.82901397446282 2.12017735323621 2.92360464044858 1.7674019159063
0.540538185679059 0.715963844076166 2.54399609130711 3.35210018048807 1.83212568203646
0.00852988843709238 0.914112999087907 2.01716220261385 2.78260671589377 1.7497279277774
0.116903110003356 0.854397948800472 2.38779477876375 3.19067057823724 2.12929376529224
0.00944133120278632 0.877574517361043 2.16065134183488 3.05299741508156 1.9872096174889
0.0117321421273724 0.855639912051502 2.18403032312828 3.00571449127343 1.9649722753215
0.00735397447332852 0.938442913514427 2.0029525686378 2.91214023672116 1.86613943528169
0.00971797844709544 0.871129484498433 2.14726545937875 3.02546460302014 1.99369031795103
0.0617708503981961 0.873316887299869 1.94041095241596 2.59525681135155 1.70774647156661
0.539899824916552 0.918150990097835 1.76636853304665 2.67292053783288 1.56359899944491
0.0128806859248929 0.9270768835072 1.94334609429835 2.85948366466839 1.75131950640896
0.00768989183440613 0.953848615812861 1.97406787418014 3.05250118064589 2.07096347476412
0.0872288813738559 0.911617501614421 1.85127314075704 2.84438137049094 1.62553403792886
0.0157221397598325 0.928588813583687 1.92374014774812 3.0831490608323 1.95426339557609
0.00888792310248289 0.975085883269108 2.03433816956664 3.0240341805868 1.98281461600801
0.0103587258422448 0.908654579019633 2.17162552163241 3.14320239215756 2.01831552534199
0.0180559489866455 0.999613920854477 2.05770314524736 3.07440931657295 1.9867603818118
0.0224137872573105 0.908010096109321 1.93348207630548 2.79170509638545 1.64683436452215
0.0244169674624134 0.902882430609135 2.25246814550339 3.04708346027251 1.96230374891537
0.0211975538711311 0.870955609308474 2.01498591267832 2.90828360799005 1.60761611684165
0.0107721343078824 0.9779105011651 2.05771116753473 3.01918738826713 1.97795720458543
0.017694338244801 0.882802555546167 2.00286580023428 2.91122313890102 1.8316328991576
0.00922866262923208 0.881167756828144 2.09719048792498 2.72499177376126 1.73807930102281
0.130708549941584 0.736574352683101 2.39763669067628 3.29815557995852 1.68169220992171
0.0122443779742369 0.856510558051425 2.12727070351565 3.17660597183619 1.83476348468955
0.0206258988347158 0.846809570057502 2.27970441163918 3.19478964328094 2.17699736157227
0.0109529765853018 0.965313089289633 2.08915635055237 2.93846191919834 2.11277283434347
0.0126136585656207 0.953157041100075 2.12796449500289 3.25253914066373 2.21017791379456
0.00852387464566356 0.966710061726067 2.04920446669465 3.16503017492853 1.85198099984251
0.0109393907281536 0.930233369855619 2.15149833827084 3.21773934384761 2.08980349856529
0.00874028381725536 0.88768578245327 2.08742896804161 2.85146260767699 1.84760228242348
0.0115195983158164 0.956684010474575 1.91157080288484 2.89558345525501 1.85426230575005
0.0146961581003321 0.854471315896085 2.23786204494462 2.90765642596788 2.00036592403145
0.0102164572211711 0.944231401230223 2.12182595091743 3.14051781617679 1.87874518319848
0.0108127432308401 0.86883727449635 2.10439343907939 2.861209376667 1.93082705722485
0.020890095048629 0.84881387486291 2.28084081418139 3.06380833444151 1.90755510542758
0.0522924562496256 0.780723539845162 2.2089599627897 2.98414432148885 1.73213458487028
0.00830577337273205 0.926951184606408 2.11953795878777 3.00470234114 1.91667802503193
0.0190987673061263 0.983236006157276 1.83951769741417 2.73608345367043 1.89138480838821
0.0118226740598948 0.995372480986696 2.02144944386705 3.04724401280773 2.05754172376868
0.00716738559183264 0.951162800498425 2.04130979020612 2.76630474864801 1.88161227368642
0.00853740262976041 0.887123044906928 2.10040633985563 2.95230274695455 1.78075446595915
0.0091310142567023 0.949876683006636 1.94746354500053 3.04491105845206 1.75573759815674
0.00840373053149515 0.961561531178383 1.94911867108222 3.03269660859892 1.71225534130935
0.00700748610624239 0.923826890703204 2.05406315034776 3.00830284405284 1.99301326609398
0.0131328822778591 0.928404039177498 1.93936079064996 2.86598015390896 1.87998650472375
0.011355134682561 0.943467107738232 1.93014371096324 2.71014678786364 1.82284839336242
0.0071199733269576 0.934451221692903 2.0199325363263 2.98134358006266 1.78232034713085
0.00744942403140059 0.927353107167414 2.09599261399731 3.11083401186426 1.83693605249679
0.0223190305049935 0.840612415396394 2.28822548367283 3.17210504710497 2.01508025916894
0.0072814728049373 0.926553055248523 2.02679989132341 2.83068569982344 1.97446237721268
0.00849342874032248 0.924287615525285 2.12661714380815 3.14966000363689 2.08163543365988
0.288680458920682 0.733931890103469 2.49675503591615 3.20296904672785 1.94419760216828
0.0080547781597721 0.892868605413243 2.11333471161223 3.07422616533999 1.93416075163132
0.0257813744942063 0.988942911170176 1.81239463975426 2.59042296124385 1.7536953931929
0.0171883909984082 0.829885357354765 2.17843730319378 3.09736231242302 1.81105983560184
0.00739147380594257 0.910019357399793 2.0677728946122 2.97793845965964 1.73835822065629
0.00759313766377232 0.9493333272903 1.98127136419864 2.87677857781106 2.05738289008651
0.00708395914629356 0.919440903675771 2.0608081571682 3.08565051090935 2.18004650448879
0.0100542533439705 0.980680505585622 2.04034497782584 3.08211875936756 2.07045056528361
0.0328260307675804 0.825893767092069 2.32646742643946 3.28943648832268 1.8339067873615
0.00717143438604875 0.92002147299833 2.08760406773819 2.92906465562788 1.98697508655421
0.0401100146677972 0.84125786845814 2.33805975469074 3.15683830674809 2.04495666607282
0.00855982102290974 0.919850945561467 2.1330138747357 3.12605663877085 2.1391217124179
0.008617543907359 0.885882428453286 2.10260877150473 2.98791079505232 1.91471009204203
0.02313347451178 0.979570216653905 1.82864798093178 2.61329093145147 1.66217594199773
0.00761412071543287 0.915871372738273 2.03780811379923 3.05341739340078 1.74978703308146
0.0151881162116732 0.958787161987801 1.88341420675168 2.84762415420016 1.75237396791785
0.0228795886539545 0.877352429589168 2.27367038471554 3.26288908568974 2.04177688694306
0.0447063905413624 0.930254821794184 1.85392882050818 2.71481076701356 1.79973158326141
0.00735580966094483 0.930345137110971 2.08886229303351 2.91218255493718 2.07579112973696
0.021220964838665 0.84646972274364 2.07865666202747 2.91249614954387 1.82114894935337
0.0112062215206567 0.919822271759623 2.16812080230151 3.20557799779159 2.01392401199099
0.00966711515376472 0.904075275405851 2.01984862192732 3.07289431548804 1.64453430699339
0.0150643213243672 0.995246259380536 2.05156399015121 3.05858615726296 2.08728540989624
0.0209041413737357 0.868787908608649 2.02130819861584 2.86610914334177 1.72343554498275
0.0109864705682805 0.882843194404664 2.19610214416486 3.10738147200088 2.06354250577325
0.310798077357994 0.807454544754329 2.46999520119037 3.26515466173252 1.95352967226315
0.00997642325536834 0.933904624294144 2.13566007716148 2.89004809896418 1.90934230312535
0.0240230291726342 0.961109765254264 2.16317777967277 3.01792871488332 1.95114344511997
0.00805794127222133 0.903171674031488 2.05714229433929 2.99085579544169 1.92616678313617
0.0079725698922697 0.964081709719847 1.95922350683789 3.07113862844549 1.72452014113896
0.00810915763259469 0.892570960399701 2.12101361596246 3.07909426889968 1.88635384573921
0.00957119138739094 0.984006346103267 2.02161206292845 3.10579821794096 1.98800649064758
0.0250160111732518 0.813308552497666 2.2832907084045 3.10193740071271 1.83633305864435
0.0109706546856791 0.984513229120504 1.89461320224607 3.01800892748638 1.99681405896272
0.00745161212203136 0.905775209779949 2.09286308355394 3.01585665511467 1.92264547377939
0.0122808260131748 0.910897632787674 1.97722341290103 2.6935082779866 1.76937244419141
0.0252148223120505 0.85072178196887 2.29790878105899 3.15713027802431 1.82397844574668
0.166814533481698 0.726064547681311 2.40660924569998 3.14927408141108 1.79596668982663
0.0174639087708039 0.851021395621008 2.26068569437088 3.13467251682735 2.0907646283713
0.00787806226728844 0.943218896383526 2.08512249042955 3.10337190327092 1.85520136265861
0.011628905016968 0.860860873492332 2.19691753623457 3.07026193084662 2.15878341289943
0.0149799951072395 0.891257088463324 1.9989361569692 2.91686689034724 1.81671902432521
0.00882736918142456 0.881192367537557 2.12899113204646 3.13901644018415 2.13803343418669
0.00978450310754524 0.88980702204503 2.17565234887778 3.02653761401094 1.82993405798139
0.0144411877394854 0.870608188654556 2.23562542585036 3.06263556174883 1.85457609717739
0.00953024729918036 0.950488854516093 1.94093812700141 2.97282487644854 1.65325010924929
0.0230811451508278 0.894334543940022 1.95778616482037 2.85499786757019 1.85298612311706
0.0136031099330119 0.847508932180921 2.21384905787606 3.05846299687881 1.89711974326576
0.00753942110930737 0.966959090154045 1.98148854821148 3.01340534813961 1.80234113734303
0.0105747516152408 0.977888910494557 2.05527092152126 3.02179913205593 1.96967213571881
0.0250654697829498 0.934871697890853 2.2104375530278 3.31233776466114 2.09586637876277
0.00985397980427828 0.912352730745815 1.99928733901156 2.9887496521879 1.78704026954364
0.00882773814697285 0.988672608189531 1.97543754690741 3.04266032616648 1.85971337561135
0.00764555203529274 0.958411253243752 1.9727234416436 2.95483377974212 1.94131611795645
0.0321078578621408 0.936231622147175 1.86323899298919 2.89913888354579 1.72639497939952
0.012693324117113 0.953629378549328 1.90566217865627 2.89266377673384 1.72268213068353
0.0164686964937848 0.999348950896073 1.8418507141847 2.86153898146919 1.83550639842094
0.00721505817777421 0.947410656787384 1.99856129597715 3.02077270194595 1.86143090741981
0.00982021908443355 0.984595817810419 2.02467390998486 3.07944026905913 1.95367836427943
0.00909396636822793 0.887980470793197 2.16043431641323 3.03902315043486 1.95372466841952
0.0107555906637884 0.99536845008642 1.89791062135249 3.06296475055404 2.00713499165275
0.0169205920914527 0.933645278853343 1.90988418252518 2.78427490240867 1.92343439561172
0.0123229077427219 0.909650154028384 1.97932846165827 2.95105024720708 1.66354888138529
0.0107503820101301 0.876477088288792 2.19259701192197 2.86841674517163 1.87754774326133
0.0239796908904933 0.820226572572504 2.15295317352821 3.00908107050894 1.67877052311024
0.0101595276792975 0.918334330056422 2.15878555469993 3.10178020925056 2.17503299947361
0.242095532821494 0.768865774509685 2.11653931405024 3.0848388800082 1.63008484718408
0.00897463449048402 0.949038555563507 2.09646815498417 2.87708370591809 1.88360103039508
0.00933368531280017 0.889873128716049 2.06285482753847 3.12287300235092 1.85649087564733
0.0102539824914048 0.989133931969019 2.01802609073144 3.03111164981074 2.14826949344215
0.00727124314967653 0.948094366977855 2.05493580843026 3.10897526547487 1.97235975622957
0.0229659537414025 0.874273417679239 2.00093290393706 2.71147898721178 1.70210925977005
0.00905854509616769 0.960656864387172 1.93714813529815 3.01962412084103 2.02103690103159
0.0501342178217444 0.951860581568419 2.22135962487127 3.16659223717599 2.09474204590289
0.0151828213133843 0.983479602934031 2.08180259369162 3.17183494260166 2.03273314870814
0.00908175589716206 0.931622481772986 1.97443726769441 2.80606501673293 1.98574575983124
0.0583913441904722 0.940210243804857 1.82478118725493 2.6837423691346 1.67300546921792
0.0713233377013003 0.760632324354794 2.26816638587471 3.14833663206963 1.54873331946629
0.0112518374826426 0.97695365924092 1.89520041476421 2.84562081580535 1.78940619075325
0.0636845579761808 0.921238421263977 1.85024191884276 2.86181211199018 1.80344970119742
0.00691401522899779 0.939187222201399 2.0464802419853 3.01548027897818 1.93442293721898
0.0342992974899648 0.900732641666498 2.27607479990005 3.07722025675194 2.02497309295704
0.00842550853506055 0.891275458604427 2.08554006348704 2.97918309273017 1.86181912007011
0.0417245687811892 0.796976850088784 2.16951396195329 3.04677101688685 1.63909996859438
0.00800496243243621 0.933566381429301 2.10386494946922 2.96334794666789 1.84132370348357
0.0193647266681468 0.824078786094715 2.17833263829724 2.84236688646418 1.67978115328517
0.0108784659015238 0.984192128222711 1.89590972696286 2.95383380545747 1.93727862694204
0.017127031350374 0.950135070441254 1.88489681965685 2.75881651495735 1.80656609239782
0.0458154214572496 0.788475680089484 2.19267723309146 2.97871279163872 1.88063079618198
0.00770339376218588 0.965552726685907 1.96950262217634 2.83349666647011 1.95009186337311
0.00803801975032529 0.956704328138075 2.06180318668888 2.80433838939232 1.98032705061018
0.0308017204529261 0.869465657788404 1.9904627636477 2.92006941120444 1.90239135656633
0.37353905906112 0.812681186668371 1.98564201420957 2.78596377618665 1.55162885390845
0.0105402267912504 0.886591630470721 2.18875336176561 3.00867563891492 1.77080588045418
0.0471560739440998 0.901949278556503 1.89936378945598 2.95302300737622 1.58133149008645
0.0146166300715018 0.946872795238935 1.90205035032557 2.72362965093258 1.86738258688143
0.00734432417185543 0.962497253911343 1.99196899664885 2.993223118971 1.93023355311791
0.0104800922189914 0.989713489429103 1.90098825984967 2.99943282360568 1.73799959112216
0.00762723520732598 0.961014501021503 1.97264056835209 2.81922863772935 1.99236782726361
0.289129336645567 0.916932255094197 2.34859812906057 3.27980930112794 2.22097305673919
0.0080596033125865 0.896996903536486 2.12856447625309 3.06625814260985 1.98678565214663
0.00699277634075864 0.944612343580045 2.01652193514332 2.97096833967643 1.77339402217787
0.00783009963250158 0.921186957107465 2.11468415226812 2.96483051767316 1.86841490101611
0.0203744345054076 0.899541898355991 1.95645173512733 2.93368090610455 1.9216851911145
0.00743611142328808 0.958293068445433 1.98193461879912 3.03470066699696 1.83499623164354
0.00696648263554485 0.947650747646829 2.02832369238358 2.93205696557342 1.84801466076296
0.0108378724653976 0.922820352488478 2.1606643066127 3.0589564673351 2.0092855905649
0.0371600413555253 0.978346192306415 1.79960172062459 2.72389773539918 1.79503418003347
0.0115896297962013 0.994766837175991 1.88506451048368 2.89859209181764 1.8271706769206
0.00695365815263837 0.946393219876959 2.02364801620818 2.91958925662787 2.02348955340087
0.145542186464277 0.795737814670469 2.43974810194507 3.11092179244947 2.11802927724711
0.0188541701923051 0.986197255392185 1.83806632665222 2.91564723382349 1.72112994814184
0.00870359803580444 0.907243934751308 2.02928456699414 3.01635554822491 1.7529788855529
0.00878797979613889 0.98911402041399 1.96079018183114 2.70564463274205 1.83600619463509
0.0108469530461233 0.985391981018996 2.03859090077155 2.98652492847243 1.94762119888181
0.00896878554320102 0.977732276778961 2.02819352653057 3.24216708781431 2.17805678267785
0.0108330434463513 0.976440195143448 1.90027837036439 2.87397488170965 1.65225711983674
0.00926553550650868 0.888921514754682 2.16505309379752 3.03272241765502 1.85405828602027
0.014128364897249 0.999982392703857 1.85822562969542 2.91633056305675 1.93958019903001
0.0105638722115475 0.958635640701847 1.91888646594787 2.74763750671944 1.92278747552598
0.00817675231678224 0.891065968726607 2.12036264382178 3.13395207316371 2.03231890655666
0.0214544368844872 0.863291272819577 2.03252871423983 3.02264697645313 1.8785908962101
0.0175153799707237 0.86385339789935 2.25896376725084 3.17741560834256 1.8825200484172
0.014431847419443 0.860549786249202 2.08200789679146 2.9880673729543 1.99151462497392
0.0627715576624246 0.778976904891798 2.19181908947025 2.95874049311493 1.69693499146759
0.0413383495733704 0.813094034750454 2.11454601902941 2.89144043759414 1.72832529730815
0.0103515731046175 0.868959930445748 2.11670528227426 2.96386113331748 1.84233961048515
0.00942576307558831 0.899375046924451 2.16560510787238 3.01942895129535 1.92695146486357
0.00941649544215777 0.888684906193562 2.16846769178059 2.9498401260106 1.97121937990588
0.0262080146627083 0.992707539195406 1.80808589575258 2.93616948479859 1.95849711452433
0.00711881124104238 0.955821708055718 2.0162874160245 2.87636448479752 2.00688159302022
0.00848567305412607 0.933404353757487 1.9815703288052 2.953026134326 1.98439511973132
0.0479653833261595 0.8380080466406 2.03466169684281 2.80041040247774 1.59589551495351
0.00867442051396523 0.893654745402695 2.06760210038 3.07773387334767 1.86344892046675
0.0110862519540418 0.861199610372863 2.13543525098722 2.98480070011618 1.77166031485683
0.0246761883147312 0.910266322845926 1.92285096000643 2.7925667311161 1.70324276260079
0.0085695684498172 0.891564371850838 2.14583110141106 2.88562519045646 1.90735716973431
0.00869324616107381 0.986378503941124 1.94837876279401 2.81036075962236 1.96302125816876
0.0111354869576022 0.951248067807362 2.11894520432029 2.88255570629267 1.99482778744571
0.32195530114445 0.79252481609284 2.48197085183297 3.28129534706403 1.89714869718483
0.0117430726593031 0.907833844341285 1.98794413853108 2.88941831994899 1.8347461002099
0.00773731014865361 0.89939548601935 2.09242220500706 2.87491400427106 1.93369668189249
0.0109127005200203 0.992263540851238 2.01872550569897 3.05420570075616 1.91447528930041
0.00810810310753212 0.957088023733897 2.06272712097646 2.97916201894132 1.93714671066744
0.0112978543996651 0.938856468105133 1.9373622222237 2.95655695420628 1.54678032757116
0.0112525310088198 0.939560349931916 2.1401990579579 3.20345696562021 1.90088607206691
0.106755256109477 0.980340190308164 2.20463975884578 3.11688925628005 2.04132748861639
0.0165120774700407 0.839035002910343 2.13845373888882 3.08140452980078 1.81067561968169
0.00725695076951987 0.953902630343058 1.99267667418353 2.92244143260618 2.00218440798352
0.010734523060937 0.910510059657725 1.99250550540479 2.78410282549072 1.81927047318734
0.00724278436336208 0.952530792902506 2.04238231148403 2.87028379048936 2.08958545137497
0.00764767331894181 0.970649656068976 1.9979706419488 2.89295616876196 2.04658159864812
0.0571460793954201 0.872080735082989 2.33557601239544 3.28640044849357 2.05015083786379
0.011823444415885 0.980925034955625 2.06180424716099 3.05564803464883 1.87042229020738
1.06577263646753 0.702731566076532 2.23110396093554 2.95698993393867 1.69549294167376
