0.0122646067525803 0.90325593285707 2.00116678181865 2.7455378666529 1.86537525785439
0.0321683076587853 0.993297733714693 1.7856712016353 2.66083606593449 1.80160835369653
0.00877900607890121 0.922017125702973 2.00623006622315 3.10412866363978 1.85721838607966
0.0113781870763999 0.854986146497283 2.16203527231972 3.13899679278053 1.86624637544957
0.00922739703374492 0.916395365066941 2.14795640067019 3.04845565598656 1.87038297337879
0.013913919797776 0.936480219044951 1.9258826860665 2.82705737589212 1.80336618956076
0.00932219068402436 0.876490449627672 2.12336157155725 3.02381209914616 1.86678753980626
0.0478656483897868 0.768500949827702 2.31733101325089 3.02983107147726 1.72836730640134
0.0695250798717494 0.755734964965803 2.3073412712154 3.07395198103582 1.69331560035137
0.0235906428447008 0.898794459714018 1.95538235411703 2.85016212612766 1.84504752525497
0.0300271868208807 0.808977546173381 2.34937215582104 3.21711217471102 1.83896760381277
0.663200811726058 0.895077166975224 1.80820175333265 2.70325888879048 1.6237149496105
0.00739177263786976 0.932258038800386 2.03417384087571 3.07748878563732 2.06559031732505
0.0212538507029627 0.865086596124388 2.03926637347121 2.89907248106425 1.83383699561531
0.00819447344267022 0.906365658944174 2.13564361476128 3.07325141138214 1.87600323451115
0.0168596488719619 0.87666586656305 2.26422966969028 3.1114391626422 1.99765021252589
0.0251681161261728 0.961725011920222 2.15895666100002 3.0538835628917 1.90487094604478
0.0123773204856493 0.969751401616357 1.89211047820912 3.02370073653534 1.69678584761783
0.0090184431115842 0.957940624223151 2.06263736466922 3.06289251457628 1.76397899135652
0.00968505486799091 0.925569402377805 1.98443941615636 2.92923819038323 1.79420642485862
0.237075227477269 0.853174490982579 1.93260407678493 2.78963285085312 1.75170983599431
0.0130506456655128 0.854936640451705 2.12521903647006 2.90651384516259 1.8287775340452
0.0182629821268469 0.945370794577302 1.88891778896073 2.89660258020388 1.79574555242962
0.0214618183193146 0.999401399820225 2.05426696676952 3.02252400282694 2.07249942824776
0.0103231300699319 0.977135118603682 2.03179334908776 2.97581693560496 1.94645665816342
0.0078519086764914 0.959651309606005 1.9941934043266 2.89896891831004 1.85241353884063
0.00942899023996776 0.882654549037616 2.18008957246369 2.97138027642355 1.91024257389234
0.00821882686633733 0.906719680689885 2.13618751932314 3.21020847693347 1.95871180974308
0.00844420824785239 0.910481535661678 2.13916411994968 2.92268457506639 1.88957032892315
0.012816628636841 0.843414566478004 2.19239844306467 2.93084246321571 1.95164699286001
0.0256413465171914 0.990620646165383 1.80480127312212 2.74129739817488 1.81093266133993
0.0128353094862219 0.924488663461456 1.95429968421467 2.82712664869636 1.83009927343862
0.0136586352668476 0.839402385179173 2.23112036677116 3.0733891921214 1.9142780689941
0.0094269425472892 0.929901365841768 1.98047129478603 2.7835570076975 1.90750498751467
0.00740307634769094 0.942263608655315 2.04085590877852 3.04770931923395 1.89039354608227
0.0100600365557457 0.98750109348574 1.9204944044726 2.6402859752357 1.92661818015419
0.0156088940491342 0.904046089744914 1.97637876179027 2.95900905380458 1.80117528919435
0.0095797047952696 0.970672391008581 2.03796318774741 2.98933826583252 1.8526381992486
0.0131188727874819 0.929368863499176 2.16949266251696 2.92491936414478 2.15741231688107
0.0114075294376853 0.945315852533766 2.12479983825635 3.11294508333931 1.93361508559479
0.00773599277455026 0.938938663344256 2.00531172778828 2.80079913840666 1.93112953469493
0.0171412939009621 0.89037188463842 2.25078377687175 3.09307703172175 1.99329325142424
0.00735076015909025 0.923848699198874 2.0748517986876 2.94229368761467 1.8947682580643
0.00760479394033832 0.935939343081723 2.07323896783614 3.01552050908369 1.95691319182223
0.131605499116763 0.788230440858843 2.4719209950594 3.28820895546289 2.10088321352878
0.0155654027398691 0.828567196398174 2.22717054151279 3.03965999653946 1.79990548277899
0.00796311908387809 0.905979579408387 2.12687540451322 2.9580213616506 1.91771973867801
0.0284870996590019 0.979477740186702 2.12788599146999 3.06562775063737 2.07389206170042
0.0083085494271952 0.892244295153399 2.09971077835235 2.88386791519499 1.69134358769861
0.0856077005784277 0.744741075737021 2.36994752213324 3.09832569757195 1.90766573019005
0.00801124055278588 0.964136278922806 1.99543547196716 2.81888704904399 2.03222775189229
0.00808753734985127 0.933452270893141 2.09580601621078 3.12345830752373 1.95876750250364
0.00820784858259992 0.89918329208595 2.07749429541695 2.8826827952349 1.94415658640389
0.00933607020904455 0.979359298546969 2.00005203021432 3.16673336130964 2.09865151868088
0.0271390600219029 0.828447992786015 2.11856910498645 2.92653488209615 1.68764377951484
0.232785546742199 0.793598591130008 2.07116184548855 2.88013590802677 1.53501721625871
0.308241741804208 0.707850275056295 2.49162098273377 3.2885420818426 1.93550329497263
0.00779067724076161 0.91326736266873 2.05320498014678 2.92628822469998 1.97121786611448
0.0194333976126969 0.967501078032305 1.85253896833407 2.87447648374527 1.88564811681714
0.0157036210568725 0.976042496352211 2.08776200823831 3.12513849723519 2.08134716611496
0.00819835926537341 0.904786723232908 2.06052698991199 2.8729334675619 1.80803117140008
0.00880419228237636 0.97707526807926 1.95864773551676 2.91644953188291 1.8653840612362
0.0524346677701085 0.764396482665049 2.34072394884316 3.05897294798282 1.89859261816885
0.0538082633599704 0.892776840836853 1.91821962079387 2.69219287457132 1.7361719550332
0.0751951672613725 0.940791591355837 1.81221272752707 2.835524342483 1.67810137662217
0.0498337568576274 0.783226188772753 2.39438015751546 3.20656887655018 1.84660102465184
0.00904314050468812 0.981312590316318 1.96632181001604 3.07324268588666 1.90153409874352
0.0725867349335083 0.782626524717795 2.43157244378699 3.18957211427316 1.87157019315811
0.0104469499193033 0.992413490962729 1.97352739145763 2.82808544007057 1.94965773547475
0.0155369320353802 0.844897048499608 2.13229648146906 2.98062817532831 1.8633780101419
0.00934442039093412 0.876516475771367 2.17286780616156 3.01472546728584 1.9733466170704
0.00763476430648166 0.923009720349412 2.0369409465778 3.10441554624299 1.82165985517633
0.00829084866410818 0.962749377988458 2.02717831742121 3.04915001478985 2.03378298718543
0.135984496242453 0.869436424643422 2.39928245128793 3.3692160464751 2.02319583960346
0.0601196157468211 0.759021514417984 2.32874282823627 3.22458877789101 1.56722185878661
0.00750979696496366 0.924272787941109 2.04088811672263 3.10241980212253 2.06454147614061
0.00820487043696246 0.910107135985676 2.04611913155845 3.01323793927633 1.97940786067447
0.00757624446699147 0.942503780863224 2.05620405068994 2.95131605188289 1.92292771495072
0.0134387482352337 0.847267566131363 2.15032544854177 2.87626339219191 1.75538453510457
0.0120746188987358 0.958510856069719 1.90759261667716 2.79614952472812 1.87955826417179
0.00785274317633867 0.960301033099913 2.00317100811693 2.96619383714361 1.8724026736958
0.00811246020767775 0.959530235765521 2.03082633710617 2.96248475856335 1.95904588897093
0.0231564797864037 0.978233987498956 2.1156674438071 3.3554382349584 2.12008341407704
0.0662291518053221 0.895034307600875 1.90303460930632 2.81915726052466 1.90429345458862
0.0122595902928711 0.847337092275067 2.18277670936851 3.04532601043358 1.81181923062355
0.0162397684757185 0.852877199328786 2.09962019337533 2.99271335226199 1.84365659845844
0.0158358583332136 0.926604486226728 2.1913374552748 3.17516195930335 1.8364690687413
0.00940782591916887 0.984453224447318 1.94267886753549 2.98996736511529 1.94897671275955
0.0512515227580856 0.766960105324699 2.30125029815089 2.96533451587313 1.8704583463953
0.0129348526273711 0.858210679971437 2.24286096504429 2.98264995013214 1.96970261371776
0.00816468765585239 0.961227078962741 1.97249481793975 2.90330402828547 1.91283280977506
0.00938587470038185 0.985451593718723 1.95357257067766 3.08442410133398 1.97875647569841
0.281444154131159 0.725024089561157 2.51702927506654 3.17725820234998 1.7000483199141
0.00933974167533707 0.945857150324498 2.09732111478352 3.1122343466147 1.79700058206505
0.0137225690625559 0.964945473730841 1.88636009619037 2.76852948106918 1.70220068232531
0.00821598527527492 0.896278551422892 2.13913896312478 3.09709353277977 1.84560185444344
0.0166192051973826 0.980970508350091 2.08063767188433 3.00973200210794 1.90955738823324
0.0104354123043684 0.979348754451703 1.90931960318728 2.85936505094477 1.85351196208348
0.00852680856330319 0.912564598972789 2.03162361809269 2.84246974780521 1.9321838190268
0.0173554727785262 0.904459010225538 2.23339713838857 3.24730901449571 2.06540456105923
0.00747507037199826 0.912910485174018 2.08029942433703 2.98382541655916 1.93169201994008
0.0139128472743061 0.979494662222844 2.06620452570277 2.86045868498614 2.20629812640213
0.0424442312571919 0.902357295903891 2.29649795917388 3.16562994300586 2.18221808009903
0.0180933707250155 0.887429384203288 2.25891187452641 3.28541154343323 2.15435849230437
0.0227692661702546 0.897045898112676 1.96147462080202 2.79139887339757 1.70383426204078
0.0089690863244582 0.975669193129408 2.00265019097077 2.99292161163817 1.95719536336143
0.010811015033814 0.965279898833928 1.9133684852824 2.84862375696233 2.10069039034461
0.0109962726696346 0.920715151598673 2.16512347227412 3.00428555469009 1.99297482247452
0.114287043311333 0.830614464890973 2.01611988930038 2.72048437727601 1.82820590007385
0.0141868253058547 0.95503321057991 1.89590656983618 2.75956397529031 1.72349005755914
0.00910149126277998 0.88473380983815 2.09602027551483 2.95613262549652 1.89585664376727
0.120104361790555 0.739088697670294 2.44071009099224 3.20609498563681 1.60661970636199
0.00748116258407144 0.919135503530761 2.05535174710847 2.97638796516827 1.89304592860915
0.0075883141826011 0.913079551561951 2.10305946435303 2.89876109104738 1.91711430959559
0.0259774024977142 0.977761798105611 1.81812542577572 2.78654758265321 1.92532768964366
0.0124559429605196 0.953897345662421 2.11635948751432 3.11316554493103 2.12835828795509
0.0154889384230356 0.994251559604312 2.03615498819583 3.10021804080775 1.91577946264812
0.00747285195656635 0.914647264945925 2.07108359811981 2.97443581329494 1.69630374316052
0.00821428986612078 0.963565574079219 2.02032021577413 3.04368797726247 2.0399408496751
0.0108672169394522 0.970945196477983 2.05829649701667 3.06111808596672 2.07084809975112
0.0116102269335297 0.906703009808804 1.99977726694805 2.9140541113869 1.80276090965309
0.0119871676969571 0.990265955433431 1.88341443204782 2.73164879466656 1.82089944472295
0.0104591762930088 0.918861698987343 2.16191733498343 3.14421468450773 1.94683070958656
0.0159230363661514 0.903730381967147 1.97531800329329 2.78183867567229 1.84880052419393
0.036116001482573 0.923047920269489 1.88197688744004 2.87787308920304 1.77976146084407
0.00864721870943942 0.946008928838407 2.08372907531065 3.00284426834675 1.86750273681626
0.0842152636208643 0.767042022741175 2.21941458087318 2.89657709627696 1.68175031697645
0.00760101110929527 0.93670675015104 2.01439860746828 2.99517023307817 1.98109473525218
0.00893137091826842 0.928283332281808 2.12419073527154 2.88540929608087 1.83997684199511
0.00757097377059227 0.913677206760917 2.06471210614394 2.96386147459732 1.94926220693604
0.0109007328711373 0.999331508044639 1.94198608026238 3.13902274550678 1.90690513674723
0.00822536576901917 0.94778918021281 1.97816346113341 3.0617836518554 1.99293816286704
0.00834094100842698 0.970707611490814 1.98442253385438 2.92171624746325 1.98571346920457
0.0176907005238221 0.98348388170398 1.84241747073958 2.91092537916559 1.80674725419411
0.00961820712606298 0.979671097794216 1.92696646828651 2.92636101219786 1.87609874967835
0.00744172959983976 0.914767723451916 2.0764939646405 2.99526188461795 1.77975235038194
0.00946220908914128 0.89779222687295 2.17358793742713 3.14738956400806 1.97680408159632
0.0109955905254183 0.923776480137679 2.16019655388746 3.07692723835582 1.99848264579512
0.0422215985521199 0.815176807191546 2.38293699267474 3.05522905438758 1.84842076795282
0.0111881192624409 0.996525531404345 1.97405564930063 3.02766056159528 2.12695233441574
1.32881096258416 0.960874314138345 2.33786268753702 3.17539241786735 2.12732730368241
0.0277824086269859 0.913051160687218 2.25469245696581 3.14050346313039 1.73586020963136
0.0154212707066941 0.88041797906243 2.03045097609748 2.8913044574324 1.83578500957976
0.0954634470478512 0.828013175609416 2.03172406322665 3.02819284734338 1.78134015550084
0.00761287301302916 0.930624522235823 2.08392237860327 3.04217458934171 2.00868343682648
0.0122561004470849 0.874669822038007 2.07166452733401 2.90283127086199 1.94347388400329
0.0139977013697555 0.950713076849904 1.90325358485307 2.96291144661171 1.82537037510987
0.00833241691320136 0.955504083942687 1.96804828495545 2.92426593288559 1.84104695531837
0.00748154366662553 0.947698903651618 2.02652663934063 2.94242361973901 1.99684714598027
0.0125975117020372 0.864682575358729 2.09769009986501 2.98058369030893 1.8537742881249
0.00890907112296872 0.970198526107433 1.94534410355229 2.85932241310212 1.93228203741041
0.0146372988353755 0.889377441600295 2.01428633570257 2.95640686511191 1.84827509407948
0.00877906333627719 0.892048642822998 2.08062406217225 2.95595896967052 1.96454020717231
0.00874892323436093 0.96714067308494 2.02842655643221 2.99380630352872 1.90103566234456
0.00787988655458939 0.928420892075188 2.09831509508668 2.98492231490793 2.0042694936701
0.00922696851965723 0.923141430852081 2.13785084903853 2.90630422603679 1.88356702119184
0.0103803965767716 0.944292455449361 2.11549733022105 3.06189271917503 2.01558954321078
0.0106623514708836 0.919131677998363 1.98429700793604 2.86737163676776 1.73197731336778
0.00969273433836003 0.868933339297605 2.15503513782452 2.95121140813092 1.72229201178403
0.0195204524691542 0.952381269904169 1.87315178836235 2.88283812326049 2.02784327029435
0.0307947161971737 0.984968966978214 1.79780559153338 2.87899997241925 1.79949687294495
0.0107619281315437 0.998146090819654 1.94514477708374 2.9120174709408 1.85211981200736
0.0106077378024225 0.946606949501331 2.11344126003338 3.08279675975668 1.99263415296609
0.010796575977348 0.97839512456771 2.03558186564747 3.17992243173564 1.91529801716213
0.00920742528997532 0.922325859533697 2.13880328120296 3.03326427737655 1.95070496376982
0.0347978755645845 0.783461118122462 2.32087081562019 3.04608335390223 1.81263279733555
0.00901663739806122 0.980956302414072 1.96241853251591 2.97295611420069 1.8847233260427
0.0171099148150518 0.892610257452977 2.24789381501673 3.18260216704386 2.11984081085383
0.00854989476248492 0.885484828119616 2.12049175543289 3.17605807455787 1.94291544599842
0.00748949537374185 0.911980934454449 2.08414588291223 3.01202103293606 1.87182032605306
0.00902069947908462 0.951789018742673 1.95510600967819 2.84107439481384 1.79687162407169
0.0887412877219738 0.855014919307698 2.39648137431777 3.39757757474365 2.00505148676263
0.0359228414063288 0.786020898334833 2.34638135014716 3.10782046332374 2.07306123908292
0.0195220152583295 0.823797151666112 2.29589076011466 3.09138731899759 1.92175845481187
0.0130547246724055 0.876782192733021 2.05771411653618 3.09554052157033 1.82577766128102
0.0129317222535506 0.957315488486448 1.9018559827206 2.8149648214324 1.66698908823661
0.0159637535752968 0.989759286108317 1.8471104255532 2.92269397491232 1.91631853606394
0.00753760591131507 0.932863364180346 2.02332727425968 2.85841652916449 1.88225672229354
0.0157820898700172 0.829524225083263 2.20264943564946 2.95631452365622 1.78137708726319
0.00976394591084802 0.877051311156018 2.10537236016167 2.99159177274992 2.10370682421351
0.00923846074149872 0.888640824142781 2.07890422649468 2.83248507168625 1.77590458264709
0.0168846253840198 0.981706825723028 2.08023909988599 3.04766697525287 1.90695775296418
0.00825335085923787 0.890121456264758 2.12655237408104 3.14703572441867 2.04510990837599
0.0346094724768031 0.813963951754852 2.14058305915806 3.16237524849243 1.78328097565335
0.00893630127406089 0.977800862937927 1.98974181575039 2.98170487191612 1.90589442253756
0.00783774879592815 0.939016465784572 2.07654468114745 2.92387753183576 1.8711031068496
0.017804468540668 0.990374512929736 2.06209409474398 2.88956583737329 1.94496275466038
0.0156666436918712 0.898251913251435 1.98827723757378 3.02293763389079 1.85354927079122
0.0080502405093685 0.894570954130152 2.11214857390263 2.99266077474762 2.06272807228045
0.00885082101461715 0.881461208486044 2.15562060545339 3.09402804717521 1.83535118436096
0.00820584870705211 0.922604670005056 2.11730726438411 2.78696115924789 1.9432209097682
0.0147307715796264 0.898725718255139 1.99280240714102 2.71048108328969 1.90871981155943
0.020782231665582 0.997734314184099 2.0560697297344 2.94398906360125 1.97729005229828
0.0196126691306226 0.879332890476631 2.27481869179626 3.19656295517467 1.98005167355746
0.0149246991135658 0.901869289493722 1.98489193528648 2.95205304637123 1.89017897255727
0.0201094816245589 0.905658102405867 2.24328964118597 3.41261801415276 1.94062676531184
0.0110582071992218 0.929538228535176 2.15111499646409 3.01815473983955 1.98802908170588
0.0118393563515448 0.985309399388942 2.02846304923901 3.09309482724096 1.97495442120015
0.114267447934434 0.925867713924289 1.81891107763628 2.59249264972771 1.83711974186967
0.0189106795360325 0.83363335191835 2.14373246878678 2.85697817046497 1.86933193963358
0.0120092741011788 0.995296432198788 1.88358735927426 2.71814672205136 1.74110454955735
0.0106849276217675 0.859068059537213 2.18576838472551 3.19405071181374 2.0281337411431
0.0579999617982575 0.789823318809036 2.1721769181962 3.01374514521936 1.83976874184137
0.00797145747136048 0.914190259888652 2.1209872325461 2.93953673154108 1.90262076348921
0.014922482027843 0.831695924680844 2.21617911237459 3.00742720366755 1.7086064812189
0.0101077710185794 0.970805636456499 2.04737603463939 3.1072118182439 1.94002432333293
0.00743731906567866 0.94529510657407 2.03189300910838 2.96288702670716 1.8141706611186
0.0130865442962056 0.900329428024565 2.00076167534376 3.00308229056678 1.89480482612363
0.00835265899186863 0.956416325140024 2.04983914496734 3.02053582829698 1.97320065270834
0.0127207012010083 0.852060651090732 2.23674576695504 3.07120020412384 1.82084474165249
0.0122566634551067 0.966097702633442 2.08633955975418 3.20674158825662 2.0436972434387
0.00879215406847918 0.943055571397817 2.09327056316876 3.00427170562171 1.8864045313814
0.017448575710312 0.859296821730615 2.07281862480652 2.99284259611128 1.73705258173995
0.0282306123903857 0.858990916346742 2.32367955934412 3.212286285059 2.03273283363731
0.0125890024762103 0.926964653025205 1.95172384019528 2.91740682842944 1.77889580126811
0.00924881378837737 0.96079191827498 1.94167211680645 2.8341880841379 1.93686588303828
0.0291839190472428 0.993646297702097 1.79220296717543 2.60379257363202 1.92207570879605
0.00842168793723634 0.898089224929362 2.07284453652516 3.00753614572457 1.92755300824932
0.0130090393060897 0.863307743960437 2.09715536583264 2.8789777239352 1.76281468989248
0.0844697831990301 0.748718310449412 2.4058346429343 2.98788345203535 1.76546462091154
0.0751910234630059 0.955794917898525 1.78754584787246 2.62437630539902 1.45443049669443
0.0533937706132497 0.773713012419279 2.24698233848992 3.1109223053316 1.70918701611866
0.0109527300216094 0.856460836354895 2.17882057586428 3.00921289951388 1.9194225488188
0.00845357470746487 0.949817400662194 1.96980981285982 3.10642484559904 1.83674105119603
0.0103870237460487 0.912597077906846 2.00066134113111 2.87167373383571 2.00789786672319
0.0159570250339093 0.969277986239007 2.10579919469483 2.79963873877681 2.14419651536181
0.0188114203044571 0.827245470600893 2.29271020058442 3.07325963607723 1.82448935902309
0.0083335005376449 0.890530705389643 2.10681820006911 3.12294099516362 2.00209545936962
0.0101581784667107 0.873643648777936 2.10816583727117 3.09978141187098 1.82717527885133
0.00826434144449408 0.900222517726489 2.1413831423993 3.07293742904685 1.93739479010461
0.0717751545771104 0.893389213963032 1.9023372429513 2.90551404466878 1.65619089605176
0.00734740027363147 0.922389078980976 2.06124922141359 3.03137177683927 1.8518884954997
0.0100951972437591 0.867567355362821 2.18843746509337 3.04085016665118 1.96801706980113
0.0107749278582089 0.956266301826266 2.09412522653451 3.03656735962352 1.88080788926565
0.0278677010221925 0.794127472591094 2.29501431531036 2.95969287327275 1.72397552667103
0.0109371158760933 0.866935383892549 2.21185745164284 2.85625875604671 1.88736616305809
0.00976204601694061 0.956452086022764 2.07987517158639 2.85908847333343 1.82432024761697
0.0158415077565985 0.830719076905912 2.25833665527243 3.18136934319464 2.01374264451954
0.00770228920902575 0.914721266429381 2.05356721475989 3.2350333067328 1.80407862477146
0.00788597929655698 0.954855825401512 1.98610077328486 3.15982288133178 1.84581130796758
0.0700472893679623 0.898714414688265 1.89296502245933 2.75038191465348 1.56909111604943
0.00920719625402421 0.878519793814301 2.11834780391665 3.01538016835192 1.83897435991345
0.0130134979305935 0.994736523307334 1.87002080385323 2.85726859195683 1.90581189725813
0.0127726037358137 0.958793261457428 1.90122721628096 2.89788390958826 1.76592994559041
0.011301067262945 0.925795077228654 1.96509435329361 2.65488263102692 1.86740011638322
0.044517693205972 0.893130527782196 1.92775853583808 2.9357271132638 1.72060045085744
0.010163319805279 0.975156967968513 1.9155424029922 2.93588303005803 1.62068578402137
0.0397697467168834 0.991383379730395 2.12173756947194 3.07344622371631 2.10186398698063
0.0349602557235675 0.841006255854225 2.3543380279208 3.33371574755672 2.18021893122486
0.00809291182251938 0.958022753755457 2.03521889673066 3.15138039568389 1.97776922987997
0.00733271161724242 0.937982113450582 2.04097640952323 2.90026024780337 1.89800088955575
0.0724734408204435 0.924491023698068 1.84260638496353 2.7165818495237 1.81253429034776
0.0117300431934491 0.999988168831908 1.96998402870029 2.90656899996601 1.84815264052547
0.00900049341129644 0.878659029948099 2.15742289621103 3.0097324520721 1.86675872160353
0.0226133736881639 0.925746025599046 1.90648908428304 2.96371199788617 1.49756498100408
0.00873403210099881 0.966807536835543 2.02910275588451 3.21786854291859 2.01875458567088
0.0102895529148282 0.86433979079187 2.18846779603794 3.04614493080106 1.94131975492666
0.00840233629013241 0.952973858783636 2.06078209085857 3.09740673803066 2.08561567099874
0.0250588274262434 0.815540108956484 2.17243740683626 3.11571425033099 1.67221570758039
0.0390283316667842 0.780228924715502 2.27253114806476 2.96166211280169 1.83858831398805
0.00863845809910071 0.886558267419503 2.10748439172608 3.02708318596423 1.90668102677513
0.0841787195684569 0.938880159486725 2.27178948184269 3.17242140093524 1.90949637633656
0.295242375325404 0.704096026264639 2.45579813067982 3.15764929162209 1.69320904705908
0.0407705283488934 0.878357788000311 1.96368803949243 2.75280484215841 1.74402702099335
0.0379331088831611 0.779390455332207 2.3280685965266 3.05917695021103 1.83844669852547
0.0169214825957079 0.989582484907179 2.05925919899755 2.99837377083577 1.85278516881369
0.00807475621313364 0.929951289830327 2.00789335294206 2.90159516392332 1.89884827538407
0.114517683415778 0.964141069843484 2.2383028967021 3.17108609839388 1.98912537639579
0.0126114531698184 0.883117660740437 2.22755795990629 3.12492966261411 1.92855877780567
0.0113560669744448 0.919450818473836 2.17081993311988 3.14926436460379 1.87598800186475
0.225902161983091 0.80658424696674 2.48806481396907 3.35514890571422 1.90729608816449
0.00824962699873823 0.895359057720375 2.14043127843124 3.15803986916167 1.99793994079481
0.00790214751438765 0.903528487379103 2.12406929871381 3.0967903382183 1.82161184487323
0.0118634533601871 0.96799410559738 1.8988692337215 2.93909911187387 1.95638354042693
0.00731170469686132 0.926941029113674 2.05502896862912 2.95526282000281 1.95141777974919
0.00995052153495396 0.956753378183821 2.08202400585115 2.95274509184224 2.02905492152339
0.0351313528858474 0.788346552148567 2.24356560184005 3.0235305550932 1.5891584594302
0.0398579418592752 0.979176085331921 1.78832481443885 2.77793605682598 1.77089845508847
0.0626707454869005 0.757061293794889 2.35563782724559 3.15620712171305 1.81657935207343
0.020177808128241 0.953217952449198 1.86943470724181 2.55530397614519 1.78639554282212
0.0291775962701276 0.978948626092655 1.80862481482261 2.90215885069419 1.81180587216629
0.0148466918568364 0.872025340591774 2.25541977743836 3.11789211708393 2.04567032415785
0.00933712351426018 0.935703298451983 2.11781728080368 3.05264708612004 1.93155676355301
0.00735341743747158 0.928918034285184 2.04372251949617 3.06040592105341 1.77649940524422
0.00784938082040541 0.912100882921734 2.05372694989698 3.04751398388282 1.84501389701881
0.00751133038599543 0.932148586318857 2.02594424690089 3.20199306903417 1.95253205639582
0.00783702818133751 0.904292781498883 2.07883527157166 3.07351742498817 1.96184208961294
0.0127907791319595 0.972639490712206 2.07476801691249 3.01367162100418 2.13803367766617
0.00798507270638339 0.955997172210158 1.98091785806299 2.84736460975959 1.86723534395358
0.0237314220842436 0.925877872515019 2.22331368748536 3.19051642124201 1.92444601158275
0.0480142698220207 0.959643932884157 1.80503197518017 2.72344428812151 1.65856740539983
0.0152156475788809 0.854103290401695 2.26771240558171 3.18877902341682 1.77310083869636
0.00751485758335771 0.910980778070732 2.08401768570265 2.90538100997481 1.98706450891821
0.0394776759928956 0.942086792575122 2.22636677345786 3.09881558358597 2.09219291061417
0.137355899795755 0.808077920618292 2.46242125164995 3.31911166246932 2.0851022897621
0.0156281029321702 0.976930320353262 2.08504660325929 3.03225875797537 2.0219326387544
0.00790037469974438 0.9200872413427 2.0325690762535 2.81641258786147 1.9691817651161
0.026345237237855 0.929982593683643 2.22328299497287 3.09017616729878 2.02924600329643
0.0174330903782485 0.89482963780309 2.24669900559649 3.05995913739928 1.80418345542621
0.0175187155127709 0.87393344578136 2.03427556175325 2.97147814246056 1.84560090695245
