0.00972957130392674 0.926205647767975 2.00399548470649 2.9532052229932 1.96429954717124
0.0207002409904774 0.821394875471906 2.17053697568473 2.92244295637579 1.86744121976772
0.0151927415230453 0.999332079307986 1.86483775867887 2.86650263879786 1.87204555831532
0.0189338676240454 0.832728036177397 2.13880049061892 2.91790029291222 1.76196284298808
0.00999384824204184 0.949858852683417 1.9672962135015 2.8540144184323 1.97142390096875
0.0105349891328493 0.971201250704542 1.99389822357156 3.03882870723066 1.89022432208594
0.0488533094215274 0.860864824012402 1.96336553471437 2.74795089433255 1.74116885720185
0.0163738551859715 0.99351976650098 1.84976152616462 3.01754284624688 1.89380118486887
0.0157136203089881 0.900846324052478 1.97322434240914 3.00285568040806 1.75828142729118
0.125699663087981 0.995001136779245 2.18312789513564 3.22663314830799 2.17272426390562
0.0184503631420693 0.825595661802742 2.18381318254323 3.15054469416264 1.72815806750834
0.0227446531811425 0.929274526326428 1.88446892337302 2.83672670081895 2.02473204966284
0.0100173353354244 0.965167398951426 1.98669960945423 2.92045759025592 1.80781968133909
0.00973613264232216 0.895907487562149 2.09347830028409 3.1289094944949 1.86711570303664
0.0249135620989139 0.808932046362187 2.2927893872525 3.20303304470318 1.85890246281431
0.829797718303549 0.991291562023202 1.59409152540227 2.50715308259059 1.37889882047267
0.0109930803772078 0.977634558313125 1.94340428760999 2.71582190720644 1.85763256979131
0.0143451465514678 0.847319108289665 2.14796261386537 2.8177738230721 1.84024636697108
0.0242832510063721 0.808843716708987 2.28543524298581 3.06850324348626 2.00505759620842
0.0284983785363093 0.968890743870017 2.14436567351165 3.11380437176325 2.43449160767867
0.026437246675938 0.821656039403677 2.31520861453472 3.29059445920703 1.87161360510321
1.01539063966893 0.69640943262685 2.68552978198147 3.40103997357178 1.7512329932525
0.0285308610140572 0.811601212350081 2.15115858652695 2.7559630544522 1.94351041067324
0.0131292253550157 0.995605648104228 1.96343950893298 2.99189221437151 1.85970328309179
0.031570913253287 0.970922950549279 1.79872153639709 2.64023087759343 1.66048855338679
0.00976343163351291 0.94033062642823 2.06583968154048 3.1345149922804 1.97159379303979
0.0127549517047384 0.960310650863606 2.0766415760053 3.15855354783669 1.9163927493968
0.0307649305737433 0.887402481564821 2.28676460482666 3.12269264983373 1.97904786830107
0.0109692810572407 0.964447624327305 1.93388855983716 2.82961123762221 1.88586219874036
0.018192196392907 0.932774517122614 2.17490954646315 3.1946263699351 1.92533056287584
0.00944116231599073 0.909851614306966 2.05261419012348 2.89140679761757 2.16109533343901
0.0127968451838951 0.97578534111923 1.89612649017685 2.82853700072716 1.89086806912261
0.00924516644409439 0.911539672949841 2.06852212836385 3.04294507795957 1.82753111479901
0.00970785517416997 0.921838963216586 2.01263209479777 2.87525215410524 1.95380822862976
0.0181128424621327 0.864393751312753 2.04281021774151 3.05295725969636 1.73652905931873
0.0101817155569026 0.938046329619811 1.9738564690063 2.77892311892231 1.76000673328794
0.0143853219870188 0.922434009299881 1.94226204231066 2.86224943230682 1.86413644966305
0.0110264933291077 0.979880467025799 1.95709293226581 2.75494629154646 1.9033386788059
0.0207181212350962 0.914823077786169 2.21605553903395 3.22474526804091 1.8783245897224
0.833349981983027 0.661155684498701 2.67728064228435 3.40891158241416 1.71681138550815
0.0205460482688847 0.943541718560729 1.87131720422429 2.79745583430592 1.66174952071256
0.0140982143681873 0.966442544827517 2.07678997972638 3.10516730918971 2.0483541284771
0.0189965533781319 0.821540678046843 2.20532009213675 3.0176661077081 1.78618368530285
0.144592071110276 0.780806321170275 2.09791659020372 2.93032768341193 1.65379261741334
0.0207497231321082 0.860840822268143 2.27473234152448 3.24243920660158 1.97795930258666
0.170038309090935 0.799984515193363 2.49354010549383 3.21311330620243 1.8511327415855
0.0624083308157329 0.751494218886923 2.34881559613656 3.06711217279286 1.80593022422093
0.0988767566091618 0.753033540068544 2.46151978397404 3.22450873737683 1.86857167289848
0.0094876872208781 0.909482794916084 2.05085481597904 2.9951734171223 2.06870953579202
0.153583803539532 0.83115442105871 1.96269947615341 2.94869517948865 1.78878507431426
0.00960256765204806 0.941862430244082 1.98746794382189 2.84650005741401 2.0110784373322
0.0808163394022352 0.748515108291947 2.27597509920723 3.18710356954863 1.7925118923454
0.0114480669796788 0.869362241687153 2.14895198781434 3.04168327378106 2.07646923250505
0.154388448591062 0.710657584946765 2.43966401837146 3.08978227714773 1.87490962275521
0.100524659754105 0.738301955212894 2.4467087873726 3.12769386312327 1.76981451414627
0.0940418772352104 0.852521033837092 1.94099859953606 2.78233123923586 1.76780474270697
0.0238685599314337 0.973038653562139 1.82029898262188 2.99795449381671 2.00542900939273
0.0543652508126186 0.765113391302267 2.37933301195174 2.94558219329179 1.74428733352784
0.0136873577401413 0.986427648294585 2.01451679552742 2.95692613362499 1.92939939965173
0.0186898148780366 0.873775471457467 2.2533526279361 3.1578240590971 2.07558546762028
0.0115843192254471 0.899089606838379 2.16327668756886 2.92451221790343 1.84668313868562
0.0205602039310586 0.99136373405166 1.82024136787538 2.82297851942621 1.82219319704816
0.0164394675295389 0.868455770342238 2.04442598763436 2.85235720800204 1.72976021428496
0.0108857503279808 0.946126076442016 1.94908361701154 3.09644138704258 1.7263403117358
0.00967188503657213 0.898690933981675 2.10444548726714 2.91715612901566 1.8130508087294
0.00930107055499563 0.946859012531835 2.01569662493127 2.98207233204644 1.79399435236006
0.0095068934138695 0.915720082398764 2.03322880078688 2.90478399825062 1.74339798310029
0.0139006444199759 0.994346056895718 1.98805174656301 3.02164154338657 2.10420085629142
0.010821259797125 0.923075355130439 1.98387771342869 3.06780305797261 1.9224715479005
0.0281094908641883 0.915336817082917 1.89129508050883 2.64338810897167 1.68849362827249
0.237041733368841 0.731780066145032 2.55363879328431 3.22295212990533 1.75085240245482
0.0114302471744105 0.981113992288584 1.98385515748547 2.95604644546091 1.86421080079209
0.0380550199479793 0.891894865463213 1.91390309393961 2.71601463583848 1.84713852096611
0.00961723300991351 0.907816164780883 2.10628130018906 3.2657289458101 1.92095738068746
0.0444708711652658 0.810953651170316 2.37824057473599 3.25064682385282 1.87389119177391
0.0198696139809449 0.996699782238809 1.82185050468275 2.73602730499923 1.83833770142392
0.0351171665395409 0.854804833725369 2.00222121279111 3.06634882729029 1.71903216083606
0.00910645515270957 0.927520123276094 2.03493172709081 2.94541494660111 1.78347829821551
0.0280271847297017 0.945729622624612 1.84154354955888 3.00661221205121 1.79458370639195
0.018451496704294 0.949752395193376 1.87299625564639 2.72956271680077 1.74669656566131
0.0108233808382988 0.9532903050643 1.94333981032289 2.79785572349677 1.834439885397
0.0108128746662003 0.897162081752694 2.14977480033635 3.09954249770823 1.83520169968988
0.0165620535095647 0.835130477882831 2.16404306373357 2.9891231085307 2.06386725254492
0.101110621230454 0.747051896784169 2.24915947117493 3.14396890511217 1.60189521967045
0.0145932645389367 0.999985030752083 1.97596939001663 2.9134730546422 1.94474770732045
0.0113552187636831 0.883379746257989 2.0682826487438 2.83909713690632 1.97921181079447
0.00931345000050746 0.926800232643094 2.01980746547317 2.92643734142823 1.82636970719509
0.00920258056829606 0.918169025346079 2.04617008042911 3.13112939365971 1.88766191480283
0.0164906824839483 0.959312153172846 2.1131023314799 3.07189524393051 1.94790379712424
0.011230282363094 0.976438415965725 1.93031249759344 2.93865325068435 1.75539751212456
0.138592775399704 0.856190808011728 1.91142755291504 2.95504596165091 1.5910106595947
0.0315533592080234 0.935852138683378 2.21680605224594 3.17401343668638 2.07824751575059
0.0275762950254807 0.798241160127741 2.226207239285 2.81355425347114 1.73367880303627
0.0103208590703684 0.941236353571362 2.07936294389164 2.81114223805292 1.98459295219446
0.31902156558046 0.735162504382141 2.57913576846206 3.57240107420004 1.891058979586
0.013227147896355 0.925577081322069 1.94754856710458 2.93638390134946 1.77118503082322
0.011341322044914 0.972551274995592 2.01794301605184 2.80866235929197 1.98156583364979
0.0460923918116077 0.776538086262889 2.36845408851169 3.17807414035733 1.78326894699674
0.0107875064112476 0.974199713940408 1.94565455095389 3.00581381479373 1.93270663205492
0.0118917397023079 0.915732791230496 2.14904681005384 3.13734759207876 1.77247774150851
0.0214399594394472 0.906444342522535 1.93054078566709 2.69867822753447 1.74864762709618
0.0155336242951382 0.855934969477848 2.23473639346076 2.95951791528169 2.00471029486511
0.00953483461004145 0.942741528554501 2.05120423014005 3.03750610404162 1.98790144697633
0.00947193549142583 0.916721029946683 2.09364313528261 2.906714577213 1.86225780459999
0.00947134520949048 0.903970981639266 2.09357075998916 2.98512560874701 1.89301830302767
0.0098656657623348 0.962299230948829 1.98751194310165 2.84989199071134 2.23376729317868
0.0147335151768813 0.985600084934014 1.8682356125907 2.82808502360087 1.79117579560199
0.0281798837240143 0.864141249467541 2.30370613145391 3.17633524739568 2.1585254398771
0.0129042532567642 0.983281682961376 1.89398539838686 2.77837066531199 1.82090202589893
0.0264718871622547 0.799881484052182 2.2301052020731 2.96824215297883 1.70397491336395
0.0100849826774006 0.891811589924582 2.08231910710126 3.06637674739566 1.83186343783691
0.00925193642509225 0.917533896453673 2.04351912232111 3.05780301975844 1.94845726217246
0.0141394061254154 0.951761501832651 2.11059136491588 3.08285167538666 2.05240022002942
0.10495051652059 0.730254479501781 2.43035058124272 3.15869878982694 1.74348020651089
0.0624594524753107 0.822653015878366 2.40341279850755 3.12022694917519 2.06637859389377
0.0247044418805134 0.851463471714491 2.29997792719566 3.12613227271456 2.02464280832776
0.0507164204203954 0.786644306716213 2.39244755573093 3.24207062134127 1.75442768733367
0.0445888662896446 0.939192951646753 1.81798861528786 2.78200517371217 1.63425552016222
0.0228624705505849 0.813487414913151 2.27951920207704 3.06117239084602 1.79327514394184
0.039079156110168 0.793195376789135 2.17808002426224 3.13922966447569 1.74312285116069
0.0124291234255765 0.972476283544209 2.03976469356 3.13966690095699 1.80447771244782
0.0107075522638947 0.954996424542442 1.94457182226584 2.83860157421997 1.88089661894705
0.0154274810937019 0.949187131387071 1.89317814554899 3.05270083106896 1.65382124042155
0.0139883834811801 0.858084648030029 2.10489887525522 2.95972985584162 1.90296400702783
0.0184528097729019 0.907634269862417 1.94243368100266 2.80447515926645 1.56681940604392
0.00981856515471526 0.949886031975379 1.97355588614989 2.75406087087983 1.8461963548728
0.00959468097724924 0.900122434089997 2.08124081835227 3.04056133362303 1.93274177453203
0.0263317406702546 0.954176967318589 2.16846521782504 2.97940788487019 2.17597258585122
0.0262692747539654 0.93685285303634 1.86023488571714 2.63391476028215 1.66671944885835
0.0127673960700914 0.888275301369122 2.18943738462002 3.11253215861769 2.02685865239687
0.0198470448190524 0.925382309148716 2.19569975533502 3.33678146218691 1.95163260907474
0.0116195134297789 0.986276314854198 1.94599106870219 2.85309964273651 1.96810696929576
0.0153231027260452 0.843327769606784 2.14505567996689 3.23193527651556 1.57941540081252
0.0338276089088374 0.799193245638596 2.17494890660861 2.93353255103691 1.59692079748946
0.0163465064029642 0.83316907180568 2.20935784097324 3.18018366199856 1.76547841456673
0.0261634118118449 0.837199460559695 2.0765368635995 2.67614641942839 1.71359502079351
0.0172394306024314 0.838532402180247 2.1349036801419 3.02752089940396 1.79464300163666
21.6970257087194 0.954440008539245 1.5395140105119 2.59093068319034 1.50448698530103
0.0247324892490914 0.963708316869151 2.14358124031877 3.15397269027816 2.24482158711248
0.043844999322255 0.843217439570951 2.01342839570235 3.06578992569194 1.62653786487161
0.016916467134875 0.967144949417471 2.09835483632908 2.92966297755832 2.06742091085397
0.00953990459980579 0.933058406460413 1.99994436059799 2.89980428036972 2.07739578956743
0.0206216031854996 0.872480400429701 2.00761284353243 2.67901580985242 1.69221114868816
0.0378046661049468 0.926567610606452 1.84986914446437 2.66463278852198 1.77357503654795
0.0163653063467996 0.887160567520824 1.99843208456691 2.89620190173399 1.59191521015755
0.115634782468626 0.788649594484428 2.47284564265774 3.18926590486446 1.91700572564489
0.0176325911272111 0.83205342987411 2.15995912328798 3.06976452832372 1.97001466199532
0.00944087885451516 0.933381049068194 2.00363494953449 3.02363926501787 1.88634576278047
0.0232929311538234 0.945261986003673 2.17534333197775 2.98145307283178 1.86430210135717
0.0104176198078677 0.88828595456625 2.13847682380317 2.90141244282653 1.75860020642131
0.0142699481579432 0.92433333337243 2.16198311590189 3.21867606090473 2.04920522875081
0.0113753138221221 0.93853138742692 1.9502905395032 2.89460952336944 1.84379288548209
0.0152622192444189 0.905723578582682 1.96664453348878 3.0053224172448 1.70446119817117
0.017596048961892 0.861974965197147 2.25330634267187 3.07013577395149 2.09675374730898
0.00951085069111638 0.920126345702758 2.09171663141681 3.07339073130579 2.13778185752821
0.0193558736496027 0.951006550698126 1.86655036041624 2.89429776429157 1.8855541705633
0.0106771429501675 0.878887103081974 2.12852715640987 2.89992159553405 1.91643453709395
0.00942088307908971 0.933669328070232 2.06652645693844 3.12894738254525 1.81600685941723
0.0096452369632321 0.95333889822424 2.0238652023631 3.01434421846397 1.91765765300413
0.0123989184624711 0.917573807387068 2.1530336555266 2.9763484030167 2.09145920416185
0.0119626275990084 0.979496549863179 1.91186548807111 2.71619157661943 1.87031181473437
0.0113885967116444 0.881592865934359 2.07339106196515 2.91047706806722 1.75742737480181
0.0248508386927903 0.973003154340456 2.12356089383654 3.19759132496096 2.07871211620516
0.0957637996390896 0.773052964664706 2.15392999864636 2.86423200002722 1.68001344875284
0.0113082031637283 0.981504076272037 1.93788206687751 2.68939571272788 1.86427696166425
0.0102555248916753 0.894634729406779 2.06354241129082 3.05381401360565 2.09846914369784
0.0222985944328002 0.861268161327839 2.28257345412303 3.18781508547531 1.97690247284858
0.0577845371153606 0.783629262586332 2.16609938225229 2.93683387111235 1.62090288595835
0.0214460434165142 0.871925664434824 2.27009788611804 3.07278914020317 1.92029404374544
0.0175729671193929 0.917273096338955 2.19627698549268 3.05536912358403 1.95523690856465
0.0130940347811214 0.94277641930895 1.92257566392001 2.94345753190034 1.81831711653437
0.0111949410304553 0.878633290471952 2.16041093386207 2.99548897841232 1.89363945552507
0.017539494010049 0.940828281297364 2.15684453962548 2.98748278306599 2.0530665953668
0.0418327803053589 0.918922884220336 2.26512461851561 3.16104235827463 2.05601219481437
0.0226066912408008 0.813867257835528 2.18745080592349 2.97317728046062 1.84795675258222
0.0189683084091087 0.955012224213828 2.13712310932958 3.11913231558208 1.99195855565614
0.100443434060642 0.735829827855959 2.31124725909239 3.06414878918972 1.51988349642737
0.0105181127040367 0.97024345260178 1.99822106776833 2.97546535299055 1.84467249912876
0.0194667470680531 0.9691946673442 2.10891169288848 3.19744974873494 2.08269493336714
0.0111141441471415 0.963184191113684 1.93094932917573 2.82919175962033 2.05788835704027
0.0125841264202477 0.859217269379011 2.13777768214382 3.04063420218804 1.87472534238229
0.0123786077853715 0.967841115408651 2.05218592911756 2.93482122931147 1.9465738974514
0.0138045469391439 0.952098939255273 1.903473503391 2.9363497161026 1.63996284176531
0.0168657701812406 0.838252961364469 2.24149725030418 2.93784361031941 1.84588430212395
0.0142894704416911 0.938525025167745 2.1379465425888 3.18080637376479 1.96082270402022
0.0092695425783254 0.940230194331814 2.04214037739361 2.74981433876002 1.95852450151327
0.322528207699417 0.7836373448692 2.04126028311358 2.81807889136316 1.5846892680342
0.0120641438372267 0.86790827014316 2.10831664860402 2.86419015737202 1.70606389028586
0.0116520203427193 0.986577823200462 1.9512904344021 2.98015119397989 1.94510594042517
0.0113702571241251 0.870681649550989 2.12528180713187 3.03998481004524 1.87349302652285
0.102771005271001 0.896632022333295 1.84404713140375 2.68177510984156 1.76359066750177
0.0153939038589979 0.922380520185362 2.17408572934206 3.19035259772886 2.09948222435942
0.0347571124041334 0.970118867673798 1.79217646618328 2.66706144950347 1.66090821974523
0.0155072774716144 0.900640248821813 1.97519604950661 2.93898970646912 1.93367112606841
0.19262823386763 0.898620068933382 1.80857871066011 2.58401105876953 1.54663390503984
0.0450291281982113 0.920640685129215 1.84829575494347 2.65712292684035 1.7659729397519
0.00988742700091569 0.909329329958316 2.03412781047276 2.76558246376271 1.77874272752703
0.0176888261121516 0.846481773111855 2.25689468197356 3.12860468051571 1.88004579061191
0.0129093287272821 0.890884325597943 2.18930607387839 3.17169251597461 1.93753793854853
0.0262918117021221 0.969077461340763 2.1372316556933 3.09512494233108 2.13276267255586
0.42606925972146 0.813908041058919 1.95174085219775 2.72887914566328 1.38784832158407
0.00908641156256194 0.931661667545598 2.03355372612745 3.00325031942134 1.83327537320718
0.0237017792980284 0.813949563087224 2.17491775257318 2.98919436461183 1.81617212933272
0.0207808180872283 0.945205559706669 1.8678537440411 2.81187229124215 1.83350981521493
0.0102381838917493 0.947914842459342 1.96162894728547 2.96719168925807 1.87666575704263
0.05484968659853 0.824718843395587 2.39137496257936 3.18611876202961 1.9933049454028
0.0163956914120758 0.846856042019793 2.24263546380126 3.13196880676719 1.91408635328035
0.0744815021406865 0.791388462522269 2.11598792730336 2.93317025152825 1.58103126848313
0.0748260202987851 0.879328560874186 1.89634395882668 2.7916085941331 1.66999541367252
0.00960637669415719 0.903273986634655 2.06458078115425 3.03550896408389 1.92419083373188
0.0279984156423732 0.84137800368303 2.3188330311396 3.20412505120424 2.05452256769115
0.0114422335328124 0.971609791618083 2.02366235301802 2.98632521762556 1.96136726286439
0.0285183084763697 0.990046728788712 2.09501406646412 3.19109254573829 1.94521859409165
0.132859562074259 0.722061695566391 2.34584906381226 3.02285490115003 1.69069032796466
0.0368243634674052 0.779008842330835 2.30354296959786 3.13999423754809 1.88120626923254
0.0205446181675832 0.914102784476553 2.2163305889553 3.10357643970698 1.99776408471321
0.0254847832376949 0.857588184602687 2.29924899338941 3.15607319132534 1.95197787861529
0.191687521446876 0.912029698112226 1.783844361532 2.79917523342331 1.55337790897157
0.0113509513563591 0.877808224338321 2.08819065427221 3.09299639107947 1.94894704295956
0.0174834835241939 0.953627389861642 2.13156621837369 3.05315586630506 1.98546989756261
0.0126445062395438 0.892651366925149 2.18442349833541 3.10879957995192 1.89047317646664
0.0109909039982048 0.903358874976345 2.02122849475618 2.98753490246474 1.8608168549579
0.0196800723494897 0.936797210294747 2.175543957176 3.17766236509151 2.03933171498942
0.0130071983427267 0.963633250956809 1.90034479882781 2.81522142444382 1.87736782814267
0.026455240744687 0.924565898134081 1.87983398378519 2.70384185056113 1.72933191093434
0.0109833157626659 0.964134833515546 1.93362683053924 2.8771797985326 1.92507304124044
0.0273776634873388 0.854917164407765 2.30835179422116 3.204225493255 1.96141895093609
0.00999592048721168 0.912754595091104 2.11647360521341 2.81528768035277 1.79985631903919
0.0217633289570485 0.9445686852024 1.86456234458556 2.86427539983347 1.79260483958744
0.0192184709654562 0.879991946575727 2.25108864816653 3.23871760470612 2.10235424947848
0.0146891873803611 0.90344051671838 1.97590079701451 3.00264483281477 1.69066679286947
0.0119174766241165 0.867279791898338 2.17043040513842 3.11383144982981 1.8575735229744
0.0114658343119946 0.984735855182345 1.95273537050444 2.93387963903714 1.90758943284075
0.0109941609613882 0.874486512822605 2.1303882240599 2.97319317623692 1.94825051435229
0.023948108927597 0.869633441164809 1.99970937338227 2.74813219128353 1.79043741200532
0.010251665439945 0.923446979031166 2.10949114572954 2.89450761400891 1.89500489613763
0.0152805362753431 0.983598156290056 2.0425110790568 2.81531484177504 1.93204928093953
0.011176304291499 0.872560971900295 2.12638762879278 2.83097594876934 1.91311668663835
0.0289623235245731 0.794755492063367 2.29468565953972 2.99302596500111 1.78047929256163
0.0331455812943049 0.822138339019544 2.09638451528119 2.9054895750515 1.74764421835559
0.0257933433583287 0.915224706383629 1.89833637291618 2.89646926114487 1.82303975850477
0.0223339804104333 0.98483599803841 1.81575868628825 2.59489917878832 1.83578315323156
0.00978956616495912 0.915145440172301 2.02374100832612 3.04449361655402 1.78249471980556
0.0267873824907686 0.973013794912361 1.80999766388727 2.8136647860208 1.75877102348791
0.00978123716764431 0.926934118521037 2.00113957613467 2.7631197736475 1.75891449352726
0.0112213271912557 0.945776502135063 2.08753530071194 2.97226155600928 1.98510006595418
0.0107431391862775 0.925016229210359 1.98191178732292 2.8819889113367 1.92190206459293
0.0972561879612957 0.75376246018894 2.22444310991642 2.91765316554843 1.74552921997979
0.141385555244975 0.825906371238497 2.45857669036837 3.15426754764651 2.07595646114257
0.0278572127640412 0.801388550732271 2.20225224688619 3.20860143682805 1.95479500340711
0.0117689942595166 0.98725483770723 1.95782569368032 2.84912684884275 1.90055714323406
0.0132631311454473 0.947920262541522 2.10994585774229 3.13920042449103 1.95822689251492
0.0230602933359662 0.807324879005857 2.23785512528672 3.03072560315389 1.88707369008075
0.018749797468514 0.830123608203032 2.15262689468054 2.92903953912078 1.69247940098632
0.0233948120879665 0.971968236326585 2.12045029734555 3.22788479204528 2.14283000950951
3.21343191829487 0.677055239579789 2.24166691131597 2.92717411916529 1.3821502600465
0.0137916896516677 0.895523563797132 2.00118557432811 2.95008136603015 2.04163336543281
0.0145688888901628 0.976125073044629 1.87397715533919 2.70985512508265 1.7229452293432
0.0316214552296354 0.833428164278075 2.33534253020013 3.16173127064789 1.99401769595721
0.146047946872419 0.931285059676471 1.7632268689752 2.8574395351993 1.53139327105651
0.0220687229808255 0.8517998638657 2.05380617486775 2.8620449084381 1.88662845968661
0.0157073097008127 0.856344536209531 2.08724140683953 3.10592503274828 1.81944370859575
0.0126460248435541 0.995160349256248 1.9273300904957 2.89877136558432 1.83191206045027
0.010430834611154 0.968657506556184 1.9538559260473 2.93073989394885 1.76033092712996
0.0313569752183175 0.792144959285562 2.31279411451678 3.06496807352 1.85608298597973
0.0201468922288359 0.998715501207159 2.03537307139771 3.09685867710188 2.10298995444003
0.0256927166832673 0.951347353900907 2.17200217551412 3.333390876322 2.18923700127804
0.0224359729960836 0.829379812092764 2.12150601714911 3.00706336529502 1.79361105479214
0.022348606744068 0.809844711526435 2.22545721968833 3.15164547414376 1.69887157942045
0.0125728586086643 0.885471225394716 2.04014416841408 3.00793894210654 1.80912803573633
0.0604090275395951 0.755103328769474 2.30274415896484 3.16587612124132 1.72618960820403
0.0131754544615015 0.99637932123809 1.90315986425476 2.94243728571825 1.97880572103519
0.0518229390028285 0.766762274709747 2.37235965182427 3.00510551467371 1.69158080718956
0.0380930738873521 0.844671430884396 2.34649081588997 3.19397520157875 1.9557309997915
0.00994415990355861 0.95132054095104 2.04449647625483 2.8614238717588 1.88037856786858
0.0172466881152845 0.869190301483182 2.24672377286229 3.14327564088644 1.98715372018992
0.0105565005364164 0.906826766697827 2.13653672938322 3.02482122796542 1.90351565277869
0.010954560109378 0.87554895015135 2.11989817625361 3.16689604970812 1.78454122018844
0.0146666112024454 0.894701026897403 2.20436007519138 3.0106448716439 1.91215031832469
0.0144309663132461 0.982438961178944 2.03692751589233 2.95920928329607 1.97891169810206
1.34726558214878 0.621305401615161 2.60287198505735 3.09658866934238 1.67048120025394
0.0123866227372753 0.941806264273595 2.11223106591508 3.0251372351208 1.91586242962287
0.0173818775743743 0.829458753912872 2.22881869251916 3.06853961416794 1.82804709912811
0.0151316761758132 0.853383718004772 2.10472714884612 3.01304915658678 1.75919797851069
0.01025700514178 0.895395566890623 2.13471842175801 3.12550731302273 2.10644462664836
0.0365913730350656 0.884429875995581 2.30396153677031 3.3068445296637 1.84385188405687
0.0244881338437664 0.803285087848846 2.2478241295206 3.06571842767428 1.89260506712164
0.0209009442157732 0.921411871598629 1.90530137800782 2.85134029761056 1.71357173681521
0.138752323238605 0.766920705235554 2.49719570744781 3.14810849186864 1.83373118231818
0.0132775158482994 0.852576302405128 2.17975182176463 3.03775432781151 1.75683070183707
0.0392394146730977 0.781925284647855 2.34458381995602 3.20509495085872 1.81602798616174
0.0254581883043175 0.99872381137836 1.79280479626397 2.78457107306365 1.76961057085253
0.0128669284458643 0.873054907516359 2.19736354760969 3.18369648896853 2.10030663946269
0.0675138810041695 0.758437787778476 2.25344876968253 2.9250544910554 1.75187592341133
0.0739159046306062 0.918521171645087 2.30158460550419 3.23785947121678 2.10920931091519
0.00933862455645464 0.915764898184529 2.08715185895443 2.77683059140089 1.91203722153564
0.0166396312680371 0.8471036371655 2.10857388627757 3.00487149882149 1.72147261543871
0.0167937276882137 0.978119755450982 2.07047974875772 2.88703850946139 1.96514689070879
0.0155686283887727 0.979417100373494 1.86239631171777 2.84856552096302 1.71083260639222
0.0100627514390072 0.906733432402585 2.12375924654305 3.13022609011507 1.99591776607291
