0.00888651634019546 0.961797593650892 2.0620460089059 2.96260297203075 1.96717599312532
0.041457237455002 0.792816198416299 2.29909883806154 2.96992857318473 1.81034357300335
0.0300327433122677 0.806817307445459 2.23492772738354 3.02333169183343 1.75999375868051
0.0134883244649396 0.899879717161554 1.99900848142238 2.87610834878049 1.86292069177157
0.0181954481375675 0.835967690442152 2.1735860437609 3.00734803780513 1.79745132639156
0.00778656494665063 0.961355990002588 2.02015567554632 2.99763479426191 1.89917270656265
0.0400605980304157 0.95267656676577 2.22016269080196 3.23111500629276 1.95033214988804
0.114833270765485 0.763294216702391 2.40137651087483 3.11598221682987 1.95837851687887
0.00950379211587019 0.983480084885393 2.00549596389879 3.09361859936721 2.30638062178317
0.0166950437306653 0.838406283807165 2.20710784782959 2.92072131961561 2.0312394632233
0.0144284924789643 0.872771131320266 2.06304010619096 3.0148947541372 1.96629187333152
0.0139445177072736 0.866736767282421 2.23066570516209 3.06777870874651 1.86008029359269
0.0261911098422872 0.874624209344731 1.99908237040878 2.9827322549053 1.66617468254709
0.0119279009321796 0.965703626298668 2.09714210208028 2.99205573094768 1.84927576584159
0.00816966078786993 0.953575602243508 2.06369059261485 3.16864002492014 2.10396805176067
0.0104136813210497 0.887673540907748 2.06867280656634 2.98672963200405 1.86323689030254
0.0149887503310724 0.919598901255057 2.20276446550649 3.2097605446742 2.09265541973793
0.00795274315071513 0.938249845297161 2.08846859275496 3.03484392354577 2.02098585054045
0.0797365159623861 0.846920338869099 2.39149660207969 3.16826236407535 1.92262447597733
0.0170162528217865 0.932377010377923 2.19532832547725 3.24232865947618 2.1992548283052
0.0153194450407013 0.859568757731777 2.09831078491217 2.96798629114967 1.76288177274542
0.0176374187631666 0.845756181338463 2.12887495650472 2.92994196083682 1.82377602025284
0.00740250775502439 0.925242756781128 2.06845776422972 2.99496341030975 1.86635404038607
0.0123621707237357 0.92022442983096 1.96487530481989 2.86321939992319 1.67678388145635
0.142170918992403 0.831681663451127 2.43347734441316 3.45094636147681 2.07604415596415
0.00952745405177575 0.895431504418724 2.06215094788938 2.91277480937588 1.68764216019902
0.0606866132646537 0.923770161679922 1.84583858016149 2.56447710866394 1.68390290666755
0.00837538689489523 0.953174014403052 2.07070773657659 2.91944359606132 1.85015280057973
0.0269638918778091 0.892674996904218 1.95536641457885 2.67065209764981 1.73960835040563
0.00849334179093474 0.934047473181507 1.9911513565708 2.74798763956866 1.80252384721458
0.00861903740900916 0.968436341947606 2.03524489072171 2.96718804390477 2.01997314932488
0.463178223804582 0.784145759845033 2.51419694595754 3.3147644247889 2.08387965220235
0.00889990972695043 0.890224923995322 2.1153510906304 2.9878807458459 1.92209833355942
0.0187067587442918 0.889985813332363 1.99024475970711 2.63259428985896 1.82197564295471
0.0191912293270079 0.867346562793761 2.27206958815925 3.2379315281004 2.12291137602577
0.009072561556165 0.931277589437996 2.1262598165571 3.12690691270981 2.02855222300496
0.00908590319008203 0.983554796486196 1.98506642268285 3.0325266565175 2.03410483598933
0.00991533389865325 0.880325947793776 2.11499660669248 3.04530672004957 1.73862256187373
0.00910350448924936 0.89509828629266 2.07532199652857 2.99177220281896 1.87042660652485
0.00820708504833046 0.94816170788954 2.07722777804686 3.124690310093 2.10816892513629
0.00764923439777565 0.955914842731391 1.9969214577198 2.72481919482877 2.05253873675912
0.0816704120953597 0.990384049551021 1.7355267901024 2.71076960370719 1.56133848163526
0.0521906395797983 0.85436641555295 2.00034399238327 2.79752778981114 1.74975051674167
0.00788881740054409 0.952406775298492 1.98440150512594 2.96138978218511 1.77447243515628
0.00839435114555186 0.955573786840764 1.96519821659087 2.97355487766231 1.95036353275539
0.0226117739977103 0.930552968703525 1.89416979300735 2.89809857403642 1.73775591348766
0.135303267470527 0.869530935041034 2.40042898111074 3.05185652242981 2.18559348942905
0.0156823086460464 0.859371185177945 2.24651845480432 3.34588091925698 1.85550898329812
0.00864038635548536 0.940209179340727 2.10332944980159 3.0238635999902 1.97984174144282
0.00948452048010417 0.989035309314776 1.95634349618564 3.01080890195792 1.9443199914261
0.109097931084741 0.761368931454306 2.24463780810516 3.0593552519195 1.70423659857146
0.0169541178473578 0.915184267811518 1.9446802586175 2.83912404327916 1.78825052535411
0.00779190393489243 0.938391538323973 2.08247001486983 3.09530148946911 1.85566189483908
0.0189918235945347 0.967242343568305 1.85426347935171 2.77600367395377 1.75779145883759
0.0143496934179936 0.876253949051685 2.23541489997473 3.27022469722828 2.1140900834127
0.0151028625913271 0.874794202869552 2.05116851609714 2.64893542001555 1.8456483970816
0.00874863325093191 0.900203630819727 2.14246568919687 3.1620996033193 1.96569761312876
0.021636318527588 0.897977907083054 2.26023808704201 3.02835462032049 2.05206140914189
0.0116913021165705 0.871104296009425 2.10607983590778 2.97406222419117 1.83940984695828
0.0102497544196249 0.987336072160171 2.00994879355162 3.03298058982741 2.0706831799858
0.0331648794640434 0.938377503517288 1.85564908428319 3.00120505004762 1.59894435553669
0.00950594970475521 0.907478321988667 2.02791139854141 2.97883539918832 1.68700345236637
0.0108551420406443 0.870111470798432 2.14389829040476 2.8916067892637 1.70543808350087
0.0082082701315106 0.970833629652826 1.97585446768104 2.9231354964474 1.81740451340807
0.00761276217387183 0.916980552615046 2.06803030607759 2.95629097786525 1.86997004591037
0.0143137010497406 0.898508619588447 2.22198901760814 3.23095156125034 1.87569352129105
0.00825547192207973 0.901701384953958 2.11782755442461 3.0119963408758 1.84940251100892
0.0318089785436426 0.891849227271927 2.29521135649215 3.22115137434437 2.14099260656418
0.0286580181371902 0.966633134985496 2.1715005207598 3.13402737965062 2.05262189546292
0.0179436657539279 0.930342537364403 2.20294141028255 3.14700959714406 1.92146105180552
0.0120837147717887 0.955419574886051 2.12113446718079 3.04957232888777 2.06836143102999
0.014243840628655 0.887071228142512 2.22999840299325 3.01871693601621 2.08833175984014
0.00877280093678309 0.980487621816941 1.98236574429056 3.01016720430393 2.02036763976617
0.025423805767089 0.821533740443153 2.17372912847428 3.0992540463305 1.79311783202538
0.0200931780406225 0.859215252132993 2.06426721455797 2.94581573523634 1.81154584812787
0.0425966353231068 0.807900307684122 2.15549843864844 2.95848012225282 1.74221697934466
0.0412031496794424 0.808481500952008 2.34130374099621 3.20713267378914 2.06174682188601
0.0542922965089252 0.824585806291155 2.37454364575075 3.10978658353797 1.75868106481413
0.0106120015987699 0.997594145948704 1.92621506003205 2.93389749475686 1.90074371719087
0.00776181856155361 0.925906928282252 2.09790155329931 3.01974105051998 2.01867519652658
0.00837654024840924 0.917915993509438 2.12628446019202 3.20891178805629 1.93110197853616
0.00849069821772869 0.9210867923481 2.01694066215086 2.97375379695948 1.75292251868033
0.03741906726139 0.893589534284315 2.30406944897267 3.05771214350104 2.09761090742543
0.0171885370875897 0.84100994674142 2.15832577939872 3.00269590638996 1.86061567911667
0.0121228778247519 0.932625256114615 1.94425246391812 2.94690241659088 1.93243669884681
0.067740036775384 0.997895494082993 2.15471131575568 3.17209644543848 2.13305802757161
0.00960668339458691 0.96721376171093 1.93010892342278 3.06187941370162 1.69466211816736
0.0111423097578253 0.935979447184659 2.14759542988763 3.14016756770152 2.02471511052793
0.072897789091011 0.803949645795409 2.11695477244517 2.97670071580534 1.72159061744287
0.0640610854266573 0.773578955267379 2.3109834716349 3.13614531991936 1.78851184195318
0.13125473585092 0.77460485554601 2.43159971809675 3.19217108256879 1.58421283732095
0.0082560200855783 0.903933060442888 2.12272033412462 2.87011068649448 1.94771392671692
0.0116776535758663 0.908437694156035 2.18938128796768 3.07710121185982 2.10374167042301
0.0622557302411849 0.866485720405319 2.36205596126226 3.10592943538301 1.94271261955639
0.0244495022840966 0.84571026325567 2.08473098551111 2.89228478558518 1.85644411104365
0.0111318281218409 0.98245548883965 2.04314099089682 2.94889496725266 2.17247402470908
0.0084382453468995 0.95263153494694 1.96670049706915 3.07855704285777 1.8502265503581
0.0154675033210354 0.861318432818126 2.09055021385827 2.98816336138546 1.73979731852936
0.0175880349231049 0.979943685721611 1.84799200764519 2.69787653412256 1.66478552611341
0.0108332338783709 0.915889913382058 2.17193551386281 3.02485536311456 2.15565425555524
0.0120958209411492 0.966463486074371 2.09703741508803 3.20744201906151 2.1045927332512
0.00990944350572118 0.972161782639536 2.05424204029559 3.01223595285085 1.93199111946834
0.0166068892751175 0.918487682622647 1.94005729888308 2.98391590571214 1.81943917380197
0.0266514118704937 0.977290177862085 2.14338165287047 3.1280166935814 1.99144877515905
0.010107728647408 0.880563070462643 2.10520445394922 3.08884930770584 1.83174864995844
0.0236205847170521 0.890965737080601 1.96891165360895 2.77380838808496 1.77533236991073
0.45031848854862 0.778670593617667 2.0758286126272 2.8340416972625 1.64633739256473
0.0157731047708491 0.842052668572869 2.19210398584793 2.96957795258508 1.84034868186167
0.0155322516937532 0.872029007239851 2.24648908931776 3.31159905455381 1.96587793220244
0.00972842840452472 0.909316758454092 2.16259468327202 3.10582822995005 1.88994381282948
0.00840944710942306 0.901032875560924 2.0804079331827 2.89396352135276 1.80624858868476
0.00984060513420917 0.928783829147465 1.97643620027486 2.76321717419946 1.89010559052009
0.0086545129881249 0.894047004482251 2.1060109144774 2.97346021763646 1.89926984854883
0.00949654252228829 0.987745650446353 1.98091676562705 3.04792155992245 1.99732823342138
0.0101378890024511 0.983617483826292 2.02180626728645 2.9597449419384 2.18922460026187
0.00776495707839392 0.925915800961682 2.02947401309567 2.9973180965275 1.88492620408756
0.0129579259774899 0.978597690780694 1.88045136604431 2.79116241859175 1.75118088160377
0.0291385177035877 0.808061341491689 2.26134523855634 2.92413258343558 1.84057568781538
0.410212575181121 0.774884867696527 2.50922801367237 3.29110076871658 2.06151009422184
0.00772192494477314 0.932469571619517 2.01744183600324 2.89369914885853 1.90618317063962
0.00871290296921721 0.952703870484807 1.96006082341227 2.89138295523817 2.0830357573747
0.00986386721070726 0.881218736048625 2.11182084139351 3.00118444480475 1.89151183335999
0.0147068343652051 0.846898804692199 2.20027039654491 3.18012168725956 1.80471332388105
0.0172673516846881 0.849233015275625 2.11815431991423 3.08908751841752 1.74766422541185
0.0118430509329473 0.978621452924314 2.06349756462231 3.10747763416812 2.02655871245176
0.0188752253973032 0.830962907616329 2.21157406249796 3.07104011856886 1.77774110602942
0.0181148311468089 0.992421466606762 1.83627846744956 2.71808665819143 1.78437612459903
0.0786407887067054 0.853224783570196 1.97852017280789 2.7217694536262 1.6251192480366
0.0282739450589295 0.881944889824505 2.29647706639881 3.10660490183811 2.16321880812853
0.012797184524878 0.875832260643056 2.21880806642949 3.03460552746294 1.73751085112897
0.0082347273830478 0.944807818934697 1.98107748406302 2.99134185592115 2.01210366839985
0.0603633791209335 0.792139503386357 2.36929991264057 3.32416658976937 2.03000631168133
0.00865230501119647 0.900027114616264 2.13857854767765 3.08504331528657 1.84247668967251
0.00839116948393711 0.971080163688919 1.96373809240699 3.00584096752039 1.89204637839889
0.0125287023488505 0.979519854485772 2.06841751442869 3.06607991016246 2.14475855182012
0.0191136021039397 0.832422582855828 2.18261236134969 3.0796701072051 1.81929232163046
0.0142733540361784 0.854098688038096 2.13616499499587 2.9044374906345 1.92469992288011
0.0245994328136943 0.824277200216526 2.16609771201598 2.91647642443254 1.76391184278161
0.00846890179060886 0.942710100804124 2.09490590813297 3.15495724085506 2.0831637026908
0.0085677942031882 0.97066112943362 2.02547249371741 3.08011413025049 1.8484181532331
0.00857929055292608 0.935081381125265 1.98742780268024 2.76971467458583 1.86279410706351
0.0101285109817431 0.935842447408154 1.96016361472395 2.88977264787395 1.81453977554981
0.00773129215464721 0.951136115583177 2.05270114978911 3.01968096786657 1.8886432344043
0.00866415499318432 0.92945120874441 2.12064382152108 2.92097074388813 1.96745010577452
0.0075526579128635 0.954322808104065 2.00522189348045 3.00614224027423 1.90490860309426
0.00880767677153332 0.938551766009015 1.97694266658506 3.00231732222558 1.96490585012543
0.00877308295683113 0.978670283801171 1.99764914321524 2.9657574779724 1.91702972877404
0.0161332749766437 0.9040500397935 2.22842095018195 3.3071491991775 2.02474282523902
0.0115810535215508 0.946808312467017 2.13319522167117 3.03000017391341 1.97953730132682
0.0136874005958643 0.918615959027774 2.19523886581015 3.20914147612764 1.94660344123152
0.00880530238710611 0.943766853933899 1.9691950729266 2.73243140052065 2.0140783943141
0.00755647983423795 0.920388439679773 2.08677854442129 3.13984999129191 2.06423197052799
0.0372469965328801 0.981546087582966 2.15663703421701 3.18371851201289 2.11114872981387
0.0113983547550051 0.866718220818345 2.17671846551599 3.01380005262321 1.82271272870205
0.0100667761633713 0.934045517234378 2.13772993162649 2.95347891362906 2.00453628049805
0.00805434972829779 0.90486755871469 2.08844591626885 3.23636262017695 1.95097775541127
0.00935466517597293 0.956184009336652 1.94378335225834 2.77307875148478 1.84524999153573
0.00745903439422158 0.926642459242712 2.0463485409589 2.93274589069696 2.08499019585356
0.0625450666361812 0.903450831292143 1.88196088759415 2.58054430921336 1.62604627688965
0.010489988420104 0.872928519449049 2.15372394218469 2.99905936008061 1.91303359571755
0.013005490676649 0.991835768315459 2.0370653684554 3.12171361270433 2.0009084861819
0.00980382760464758 0.98596851326812 1.92685635536525 2.89790143618507 1.67706184468031
0.0134895356066605 0.897943902886493 2.00354998649547 3.06728614937892 1.80592420248379
0.00941449012811767 0.934546731055597 2.1272314065157 3.02887957150187 1.9966466928396
0.00805029583644708 0.904633149021506 2.09156606808784 3.08264641152689 2.02583350880227
0.0233741607557063 0.942450248290158 1.87238179166077 2.95759941471155 1.63679872371276
0.0234722027087388 0.90455405992818 2.25913602560045 3.15633599501971 1.93100671685153
0.102546024673156 0.756476000030035 2.30067308043644 3.00011848442744 1.6470800962689
0.0191107498143278 0.937656579143972 1.89490991104677 2.90279006532051 1.81073995385461
0.0115521647155024 0.865873090283387 2.14028004503781 2.86600455362724 1.95620284685702
0.0140803310047305 0.993940123659396 1.86361137102737 2.8145671883967 1.80891851660028
0.00809047659299462 0.90483452918635 2.08411994605028 3.03769202232722 1.817310119562
0.0147987784591748 0.962368862612728 2.12758545755329 2.98840456104421 2.02233978935495
0.0518453920309609 0.852737748249841 2.3608425632875 3.06920525390002 1.97033872434436
0.00736625332927437 0.929270673041609 2.04976508392942 2.92810043733544 1.81371793672767
0.0107235841407873 0.986590047556915 2.02273774080715 3.0396233033666 1.82184611409769
0.00925652395064384 0.911819592936193 2.15191401576689 3.14206630675099 1.92761770871618
0.181832153979713 0.943592014533154 1.76098069468604 2.69008209048543 1.68129104732828
0.00955343887147607 0.896910474181495 2.05678106149166 2.83188448423929 1.82092765314328
0.00807609865441237 0.950829448558578 2.06724396776807 2.8594380784883 1.89958279767647
0.0113222485787873 0.866163912673665 2.16155361735721 3.09875631874449 1.87347995107955
0.0712304269674693 0.778746856965064 2.36777725923432 3.16496130991762 1.71742345629671
0.017384731646683 0.845851172785219 2.25265538559635 3.11886156539935 1.94902712575478
0.0515626496260982 0.850273374697698 2.01136573065218 2.78799636453783 1.61312966428342
0.16693507639099 0.876374102766784 1.88907360437689 2.86708698513876 1.68125008409018
0.00973821333234019 0.951429714024782 1.94296249275729 2.92005667713034 1.79095861415642
0.0074991364936936 0.941616475614249 2.06227249836357 3.0321075275631 2.10699253940155
0.0212097194063388 0.825206212455288 2.24305652898763 3.15637240225734 1.81056499360644
0.0101684564080672 0.879353643577307 2.16832039288046 2.9947922387839 1.90292353218306
0.0103650464838744 0.957610266473778 2.09744396393454 3.13252257370835 1.95327308987423
0.0200586570551308 0.849739630015922 2.09453557448997 2.83957625067075 1.64750523775713
0.0126518880072776 0.939579256816494 2.15578163090011 2.95835200576084 1.98180439258433
0.0086509202807745 0.945518365930496 2.09373781978835 3.31151104481509 2.0092345862398
0.0918367837930145 0.774444196723073 2.2030880285855 3.06019557773656 1.80360932670735
0.0128592199719287 0.925437557990618 2.17955908877118 2.90244657264419 2.07883460393739
0.00920613879528288 0.967272745495461 1.93800368336795 3.08386351094508 1.89447710635773
0.0136572571142863 0.961044141005454 2.12245470261793 2.90648067557678 2.09370078407264
0.0315386844468329 0.909610741161812 1.90995409104607 2.80596318121084 1.88990948218091
0.00983888168387017 0.925089860686751 1.98343619111483 3.1476524484756 1.94998082116338
0.0183329321413375 0.931796462433531 1.90789797870171 2.73308163382999 1.90724418823818
0.00805571257610534 0.963986903039485 2.02785673001088 3.02549990639335 1.91498755884577
0.0256973393268273 0.981472362677589 2.13110876602223 3.11944414240838 2.24586419940783
0.00933625581074464 0.937312827626047 1.96936886979062 2.74238293577417 1.74728702794768
0.0147682677777556 0.901168078598129 1.98665587869772 2.83183241729086 1.81184232744959
0.00826904208800412 0.90346793785447 2.12285866902035 3.00020249786342 2.05249440334554
0.0103329946735917 0.990806493155818 1.99682760137924 2.9746673301347 1.97976849629969
0.00886915601013699 0.892963038717749 2.13873246873817 3.08872099657218 2.05926021492197
0.310643706996904 0.857864034571021 2.44952481675229 3.38577717098412 2.06279680049987
0.0278565550093237 0.892005319688399 1.95450976998587 2.978670680336 1.73796526855698
0.0231467699513619 0.975776777564113 1.82931772960617 2.55309596816689 1.75503038264225
0.474863038753477 0.912222904543505 1.77613970683645 2.72764301657684 1.50111733803258
0.00748774757574861 0.953550661315327 2.01927631549069 2.850691368975 1.94163285347404
0.00941701934029482 0.984098066750198 1.93739529406484 2.96755886798874 1.91912958921283
0.00744929665142929 0.922433645166722 2.06880826104447 2.94481860629564 1.79358912578656
0.00776974062398639 0.932282280419121 2.01582313631496 2.80781376425078 1.76038805292033
0.00744309881142654 0.949113552424259 2.03756060634319 2.9282267860274 1.98469974670042
0.00745219693128917 0.926828690074274 2.04645793173229 2.88759577800166 1.9098134928018
0.0136633607849257 0.951707172916297 2.14151612782695 3.02462373374262 1.95565075734616
0.0241671091698734 0.844275694469323 2.09059802156103 2.96551042112328 1.79627549779896
0.00814362167028347 0.922816526620573 2.11500167643136 2.87881388577244 1.77246832000307
0.0104894559585376 0.997275296513493 1.93185048283867 3.07510747161306 1.76044991529118
0.00906738671336199 0.976264235744729 1.94107990617455 2.83615283976002 1.83221840302921
0.0103501852051121 0.889114488250184 2.06512405427704 2.9161988466887 1.82314506580955
0.0112093810093675 0.995070908413632 1.9020299471498 2.8846363450782 1.94053709784299
0.0090208719811605 0.968816911011369 2.04546858721389 3.10795323244748 2.09021988078791
0.00828340783362756 0.90734936265935 2.12672089895795 3.10370218452954 1.91956786682158
0.0381941139093023 0.970018488185375 1.80190701054365 2.68072644193594 1.78266396940842
0.00847277466813994 0.973709361686141 1.96343366225231 2.86716243540289 2.00252739823271
0.00736445421567658 0.946643338282868 2.02728576085453 2.97959982626782 1.90585646991675
0.00785081900729139 0.951494808061432 2.05726447130568 3.1397513736565 2.05994913563107
0.0189892080495374 0.841335620943543 2.26333957109776 2.99899702603839 2.10992439033042
0.0270571129192401 0.853992827639671 2.31001080932172 3.2409337358565 1.90508125211407
0.00905622863006666 0.983111221339738 1.9863407584328 3.02729140613855 2.05325282035577
0.0103484046391811 0.901022513196198 2.17844220919155 3.03154154352211 1.98455639835532
0.00937982746639926 0.892433918862236 2.15923668503399 3.15384969649452 1.98333459346575
0.00952548792821043 0.958787061825601 1.9382411187782 2.92687650665754 2.0329056969734
0.0415135514666769 0.981533979031169 1.78343543929584 2.86764626159091 1.83393171706023
0.00859656524107336 0.894713972352016 2.10749759376194 2.96679765482178 1.81807810814977
0.0926202736282477 0.784958315452801 2.16051170866149 2.88748435615687 1.68471523855577
0.00846454031118378 0.898814067956547 2.1268011316353 2.96709312587562 1.87944909672699
0.00979007633638906 0.940897331221466 2.12246999700167 3.09143825377672 1.96568835536215
0.0137072257444553 0.891339909227594 2.22281211357397 3.03379744531876 2.04512934118613
0.0387651417372811 0.908787708528821 1.89867948161489 2.95333410331053 1.77039878821883
0.032057013390213 0.935796994253409 1.86197067334263 2.97317535247913 1.75291606920712
0.0485944859734183 0.879311007272156 2.33538815263989 3.22650097531526 2.1450062276013
0.013733717916388 0.882552485297557 2.22777128310905 3.15549543788699 2.05244553946548
0.00745831850714307 0.925781135812215 2.07867261295329 2.93674010882927 1.81465918317652
0.0586249072659904 0.785923597766572 2.21019476608499 3.09364464094592 1.80492881361695
0.0113002260448222 0.987164927148972 1.89650138460037 3.01440747461197 1.9323062088073
0.0114923996760582 0.926062133051192 1.96185472388308 2.8210392594242 1.91744916450891
0.0166415992824704 0.838621770179434 2.19816327039497 3.04679742227953 1.81241818988829
0.0104041908491873 0.996454525271865 1.93199656385135 2.90135915645127 2.01358580285989
0.00928955014094639 0.927631563202701 1.98717825183801 3.10146846856278 2.11973727036566
0.00995362424863389 0.920458138931975 2.15495500983192 2.95853185107187 2.11917478813196
0.0335749655201198 0.826319255375405 2.11480359720151 3.01563131429846 1.66953452901945
0.0139735701821156 0.852441707097265 2.15345594906927 2.81617343835106 1.76675607166336
0.0138317039729225 0.952352824359889 2.14147422963958 3.0312350088989 2.03595351569148
0.0239645257007785 0.931626634382022 2.2230629466615 3.22298747950005 2.00783700099709
0.0141406676159557 0.857414461496975 2.22533511559033 3.34325407979383 1.84780147508846
0.00966362302145764 0.924359875608286 1.98747349244438 2.86365163585705 1.91017348289482
0.0897506966140547 0.76691751111587 2.245128705965 2.95509603219106 1.77461777389044
0.12083770843082 0.757023963221647 2.39156976458414 3.08406473561573 1.81263098463101
0.0415531419239017 0.886006557096325 1.94118251003455 2.98711941969137 1.69183165630229
0.00910241485596792 0.919887192169716 2.14133179549428 2.9700384979642 2.04119987655842
0.0092573523022906 0.930414918663389 1.98255024786696 3.07499308262636 1.67272833065588
0.0344475287405272 0.870332330345489 1.9891988393375 2.81318961297754 1.7351956184777
0.027618660568886 0.811909098162904 2.2169830507233 3.13727481469002 1.86176844089411
0.0075682067479833 0.918809033220749 2.08601534922363 3.09361419427479 1.84872670767037
0.0414078802335849 0.922450640793114 1.86937331894254 2.60524688560774 1.78466290700279
0.0104084342605868 0.993356404535674 1.9860768032072 2.93027039776941 2.08755735272412
0.0210957095497505 0.968621091017076 1.84431337427112 2.70978765172639 1.88546543657201
0.00819640552152728 0.932993860960691 2.10411497136519 3.04890022978553 1.90433537254815
0.00901865815322581 0.919227569079091 2.00931227756477 2.98584334966548 1.75182545260578
0.00846478399622257 0.93903098310451 1.98359547306152 2.95195727867532 1.77653819462352
0.00806491708567299 0.941843469243191 1.98998360549863 3.01680429381487 1.77063831203668
0.01037599846552 0.880392582472535 2.09739269602048 3.0529225063329 2.02819581904445
0.00771401249537267 0.953527015516926 2.04499756673037 2.9964790843543 1.91304357495137
0.0695246419116461 0.772902627709855 2.34113544990121 3.12044765310816 1.7238642653796
0.0083189545597234 0.973760392653408 1.99253714991262 2.89331764093278 2.01188658338867
0.0125552073315394 0.989542395036868 1.8799029975663 2.88953917205507 2.04598448409256
0.00967643100784486 0.933570244137274 2.13287169975459 3.20399498859801 2.18255378849382
0.0103087937950195 0.888627004212316 2.06756170658789 2.92638915405858 1.76966177827386
0.00984487627096862 0.87930738955019 2.12939535541389 2.88902236370766 1.79720060240629
0.028839377552291 0.832919171282927 2.31614250766171 3.06632523831613 1.76983288795744
0.0092618387570657 0.889805293127495 2.15215853270692 2.94233049955278 1.94886859499134
0.0192137574191135 0.884605167631046 2.00066045443823 2.8539278784005 1.71835243330536
0.02469985220049 0.912056518466343 2.25352074528483 3.19597896799577 1.98524777712725
0.0648195251859472 0.986650929206957 1.75197244389646 2.65753071178664 1.75071087759726
0.0138227829203471 0.851161690936011 2.19318593000543 3.06709722857656 1.67770238117657
0.0457947415842918 0.912369288106378 2.29287749214853 3.42975290927322 2.05523217348059
0.0114673959305106 0.878232938467257 2.19963280423363 2.93350072568831 1.93824220815396
0.0476662024638004 0.94345831061376 2.24679953069633 3.16129748727908 2.01035336525742
0.0561112803515242 0.956748389264086 1.79741108728701 2.8410924959493 1.78274803348591
0.00923756714035825 0.970609863635344 2.04522525042396 3.00953194872917 2.17869427357814
0.0118304207924452 0.951032597605086 2.12754631047432 3.09622743923212 2.05234516995039
0.028110775194545 0.876848255502802 1.98832482242434 2.90314889104579 1.82088025275477
0.00947078544082023 0.961645393394059 2.07431413306572 3.06941778071048 1.93219914702449
0.0124938701899906 0.96842000060956 1.8928726032961 2.98505914545537 1.85627940276796
0.0311602216083568 0.839182818128673 2.32547040003353 3.30463817035367 2.09603535777823
0.00873975445055357 0.894769010997514 2.09300454429499 2.96527624276999 1.92713631634996
