0.0728172635043191 0.757880157295883 2.24676502728421 3.08755768241976 1.73327616117318
0.0188846777963187 0.939610996379687 2.17214276278253 3.17028162985306 1.97543914226645
0.0108313193619823 0.924775872099826 1.96838840575081 2.94256921201016 1.61490367217428
0.0243982849369244 0.847984609089834 2.04594491436599 2.95844189087413 1.85871636434332
0.0295257230563715 0.929857880507898 2.22222681465974 3.14157531835969 2.00940283429368
0.014984951117035 0.84389207513372 2.21475981779597 3.10408377255745 1.85062021130769
0.0115236877949419 0.986462200597575 1.90545361415164 2.87408384125456 1.85732768222786
0.00998914001651982 0.978504287416021 1.94299330601071 2.92596795350616 1.97271900249301
0.0222453024199324 0.876701484022754 2.26344804258411 2.97534406496978 1.97447006573014
0.353699685798278 0.696746806459385 2.54502010873161 3.29768647421695 1.76972520487869
0.0133973215656777 0.861915607081882 2.20645663119851 2.92609653569093 1.93975831918812
0.0094011700374523 0.89019253460715 2.0846542736497 2.92343058791894 1.96403278571346
0.00898564717740885 0.925065362138281 2.004028410918 3.07230558711796 1.92445041250608
0.0109262629955598 0.962139895577934 2.06722821596833 3.0030890818499 2.1264075591718
0.0135777916325587 0.847375496389437 2.14986520508079 3.00500881948366 1.74496340110761
0.0632529070777041 0.947223146751533 1.79067150126886 2.65499425961438 1.68466350617292
0.0118139958181692 0.976896893421403 1.90014723178171 2.86210416933193 1.85854988986517
0.0114899066667146 0.957150940630004 2.08611088437386 2.84418907354897 2.00712281395395
0.0138909567617228 0.90282353272732 2.19152156877585 3.0333974792854 1.82449617054467
0.00888124583182289 0.962128583921731 1.98099051234584 3.12649123198103 1.85637395542626
0.0110623720628523 0.981049387128122 2.01811611604939 2.87236443872846 2.02343919724873
0.0161944443209519 0.930138913518977 1.91267132015885 2.92890208742933 1.74105022548943
0.00982060065038306 0.970983454626006 1.94202502514076 2.94920459376769 1.80232982161231
0.00886238196694141 0.926837967276379 2.09005994392373 3.01395604993276 1.74664372556626
0.013576722820656 0.955137682034354 1.8977672986287 2.88327880644101 1.92882805683252
0.0167397177569187 0.831101532338433 2.17047528908004 2.8024361600936 1.83387475009352
0.01581487820852 0.85889870222023 2.23444681551251 3.06611709788207 1.88370415070487
0.0194765422324459 0.84210798186457 2.26360720491615 3.07907716625128 2.10132982717875
0.00886804315325534 0.924361049737876 2.09334754645105 2.96696743074461 2.02958930076418
0.0147122810840999 0.990543610156061 2.03968033300361 2.89381760359362 2.18024282346067
0.0879949921937312 0.788092934713617 2.10758471212709 2.92449599335788 1.81848446412996
2.65735649475348 0.643848717892602 2.40495935391403 3.12577111028699 1.44162904173128
0.0123304431622568 0.86698737882439 2.19084551124382 3.06166342348073 1.99924307171888
0.0114296681829381 0.988448729450283 1.99976987197833 2.97358069539907 1.91244259020825
0.0478750173659067 0.913321837060892 1.85976171452621 2.87448238017103 1.77090045936263
0.0112806119179687 0.978610302537091 2.03005369523673 2.91609595466197 2.10980228722548
0.0108757752953751 0.979952326680291 2.01767606033443 3.16597660353945 2.07729507251956
0.0375489223866202 0.961398433684378 2.18568833989154 3.03518102074075 2.05860086523822
0.00887096819011561 0.959525580925332 1.97740233998921 2.97110262994346 1.82118226417851
0.0118474016634165 0.863496025532411 2.17550475773268 3.10526691706488 1.93240884267955
0.0165303101601268 0.843394418057666 2.11105409131567 2.97839076026281 1.79159830058345
0.0545630704214128 0.832714743521983 2.36748681540587 3.265088471958 1.98556262172299
0.0102418995202445 0.878637607442134 2.09619544273472 2.94713855274462 1.87779251223656
0.0278535046673049 0.801550347467101 2.28330886996753 3.09597691029024 1.84092522388022
0.0270960334383753 0.992254622397596 2.09863543145653 3.07699512307445 2.05715730844519
0.0238160602015942 0.982746673545541 2.1094226577511 3.15040703751789 2.07296707367522
0.0153514039673565 0.836681082509074 2.17104635978016 2.9567306920689 1.86095429169019
0.0178747310184108 0.986091713947727 1.84078695233208 2.68409430858252 1.87109348344182
0.0266510591556126 0.92822675726846 2.21729358705513 3.09509696598999 2.14349444814597
0.0562768245152332 0.901634244602593 1.87066833605208 2.90157827156501 1.78672159169029
0.0136400932391357 0.94275466826058 2.13491538053427 3.00807352369701 2.15581570120807
0.00873361200132411 0.904162297429424 2.09431160497203 3.01752864338798 1.97569384471963
0.0337950855220431 0.796639294187339 2.31525160530052 3.16294411252926 1.93847569373095
0.011119473719182 0.865717271320742 2.1401080204376 2.95789291107637 1.9023514282698
0.0178934605303656 0.868502750815434 2.24716847071221 3.30732184140761 2.00891478789153
0.00942855109832096 0.971037163208 2.00284512253252 3.00225109943808 1.82356268818889
0.00891697979145765 0.953913566110301 1.9736957621432 2.93352025624039 1.88756610264862
0.0383458325039331 0.94005812228212 1.83128420679519 2.81001531362404 1.63277049641753
0.0261754161258419 0.815676703811056 2.14047768951452 2.8271767485353 1.80058946053815
0.0198586164352945 0.978701221741016 2.1022375141607 3.27387809422541 2.10915138229431
0.151353582567498 0.768536837001883 2.47295343794962 3.20627872225294 1.92276402833759
0.00849501049228571 0.939528977529451 2.05450309168897 3.25892919295165 1.94138061883561
0.0294589516964172 0.918761912171032 1.88223917571939 2.74110192480429 1.54168297827074
0.00865912117627169 0.931595431967437 2.00450878813342 2.91535083710245 1.81002517017641
0.0413701588172394 0.951639747969358 1.81020410153848 2.87493485769473 1.73603300712528
0.00988159517376883 0.963514369260253 2.04377168186761 3.07449042739261 1.93285789292434
0.0118508229039901 0.996931125611797 1.91030908786008 2.72491046562682 1.90155783195156
0.00878601001509352 0.920338946053247 2.01958298265825 2.8113425902985 1.87243148138241
0.0123368901326466 0.997059771583616 1.98511252879248 3.0363741388591 2.00515624399448
0.0596823440193646 0.98420647147113 1.74856343976877 2.69789709699435 1.75616662555529
0.0228539924708089 0.86913085747752 2.27177844598364 3.18612756996096 2.15136345465502
0.0135801778638027 0.847289395140478 2.15055157072117 2.89147590912517 1.94694108228919
0.00862492958884915 0.943911104444718 1.99172557622299 3.06983769848878 1.83818719128067
0.149083704061133 0.990988599374069 1.69005475937784 2.7529424490859 1.701250268744
0.0111734111289598 0.986413723924989 1.9133880314059 2.93968920957266 1.81057334265302
0.0195131895894978 0.826332903785382 2.25175076046771 2.98084805522453 1.9630741304934
0.295739625141969 0.693724775966345 2.43907112154892 3.15337164478627 1.64623717938862
0.0349615586801223 0.785031130776498 2.25401843298335 3.03661767325062 1.98755538331131
0.0102784808022714 0.88576586288255 2.15240311514749 3.01926701931506 1.91333025512949
0.0334866027354305 0.837115740590495 2.32478315333622 3.17031659847014 1.88088035927941
0.0138729574263174 0.891234379569933 2.00092905722816 2.88277799347611 1.83076488818269
0.0118046612642509 0.934892869544798 1.94065863445521 2.6997854621441 1.84381904097361
0.00899063440094635 0.965886019748218 1.99330890258961 3.06553075727637 1.89304303141996
0.0272552101294649 0.877464235623469 1.96608364391154 2.89771504546215 1.71779916157416
0.0135668499400479 0.849809877324415 2.13299409882461 3.01986460884453 1.75319837394266
0.0102851256224509 0.888829709369819 2.05633192241772 3.16669081003635 1.9190093170798
0.00851988567440164 0.910173138770936 2.06439894897301 2.78416992681867 1.70536263958208
0.0120906085718068 0.857037567347329 2.15725820378265 3.17296856051941 2.08275799984811
0.0103085642856815 0.955690237512836 1.93660472987176 2.92953724902491 1.86334673360241
0.00984895907436326 0.938353866272917 2.09649736526543 2.9676508075614 1.96959239598824
0.0149130940590195 0.973180162541038 1.86991072270625 2.93764161491808 1.93576379035513
0.0364519161291428 0.984476172901345 1.78097160071452 2.75370310776855 1.79947590996898
0.0126100360166262 0.907787433323067 1.97830580896872 2.86494356674889 1.6689481743374
0.011893585462151 0.888002689142496 2.18236419265708 3.08306310708542 2.04100212540732
0.00962284628513023 0.976783869802302 1.980679455671 2.85480201976155 2.05724439793322
0.021874304578998 0.937797951437559 1.87489586759966 2.94204433248217 1.88165091366686
0.00942140945507209 0.940616321568724 1.96990547945083 3.0732333114818 1.87143728476418
0.0190325288547278 0.952875980117593 2.15008564557891 3.27531240239118 2.06943089394737
0.0673755665901783 0.983020405255856 1.74246250315101 2.70034784828065 1.73715826898691
0.0164205607997011 0.831117747656708 2.18627609205653 3.02253578846674 1.91330540252829
0.0103249761610502 0.90579046886142 2.01237357088311 3.00968982500124 1.93379013247224
0.00912126473206968 0.894119458377067 2.08624719168802 2.90046851924638 1.81429411735975
0.0126280657347294 0.855008527306635 2.13206501572541 3.00277842451913 1.83815098105943
0.0101135269003901 0.89806532850135 2.03470091606681 2.91767055611373 1.92501229232305
0.00879579056002716 0.931430813391 2.08137368072722 3.06997006810621 1.90226765820464
0.0153655629486425 0.842158291306729 2.21870759363389 3.00181672549238 1.93712614321823
0.00905336003373299 0.944047153548483 2.06736204458202 2.96131632561171 1.98163315144811
0.227336435108576 0.709767496875437 2.34451695256335 3.08896425484753 1.68950955339782
0.00885079708027527 0.92240602795413 2.09501283363472 2.9634389747795 1.93794337323539
0.00847463013091128 0.945756973221553 2.03821739543273 2.90421994195572 1.8938981548422
0.00930635927334049 0.944414251862297 2.07361688146104 2.83246973971806 1.88581834470037
4.6654146439846 0.71489547303492 2.72986052146019 3.36409764769616 1.80896906168656
0.00992045974908204 0.97844892851937 1.94631998005897 2.91561652785531 1.83335637172165
0.0116782956336289 0.876151678640988 2.06618813567852 3.05978173844719 1.90448210981881
0.0101760172912361 0.979963189812954 1.93731931830934 3.03197739565132 1.8294615386359
0.00968465994629743 0.951030292407859 1.95301172854137 3.0207652560979 1.84339053267262
0.0132141904099435 0.97348692512275 2.06920974136717 2.93535609866509 2.06397561359409
0.0085007673884519 0.93276407957648 2.06707862986332 2.83999118536636 1.80560205391005
0.668316228030944 0.702444099950868 2.25350369277075 2.99716882785308 1.86764869914094
0.00875570426943974 0.947146161250121 2.05012494268574 3.06257130351563 2.15789444599511
0.00994061579518326 0.968398344296895 2.03144871806635 2.95531331445926 1.82845725664834
0.0159759002144705 0.953388870780674 1.88221663896993 2.69867396704079 1.82560232232332
0.0751060888942284 0.749031155435506 2.34307098415299 3.01456258295871 1.72801723056802
0.00839051048335538 0.915052829529849 2.0684488480171 2.9841674739914 1.74556867856825
0.0114026000695394 0.882130621730637 2.05309856701573 3.02174412646494 1.78928941606449
0.036313659757642 0.826224184337514 2.3358332181547 3.21369559483665 1.74818571905449
0.0134459965760677 0.975909139672202 1.88097008242729 2.81562912258078 2.09007038929619
0.0157595872565083 0.924636690600594 1.92399801621777 2.83116894305331 1.86101820536389
0.00898519599188943 0.919096069365182 2.10291202162496 3.19400443611888 1.84376477714676
0.0135115362032312 0.978145933062011 2.0608370092459 2.85902908327146 1.99122267893287
0.0105499563735899 0.876475122293256 2.15330471517377 2.75004710253154 1.73432281061548
0.0415390255240493 0.984088274181339 1.77218605011661 2.72296086567623 1.66214092514464
0.00935059282400302 0.922777522205192 1.99834339343344 2.85151738790721 1.9673579425129
0.0102128229846062 0.975850798597233 1.93214598018519 3.11562204507912 1.96076938946805
0.0135372898044157 0.933553896663589 1.92605665553523 2.80937983448239 1.79262984314568
0.0887944075969769 0.765613173574917 2.1843255002567 3.04232787018027 1.80566039797421
0.00909927057973015 0.935171331189352 1.9850272198155 2.91935307499687 2.00507862129861
0.00996724835727453 0.899618144544095 2.03400590828959 2.97157498623998 2.01322968625192
0.00943859143564727 0.967288874309132 1.95410528811528 2.9615135886204 1.91086965879668
0.00935793275923024 0.969822861544871 2.00448590901236 2.89376729656393 2.02682895900768
0.0157831084101145 0.842048382790672 2.22562565942988 3.12162511269371 1.99418569989091
0.00883895856748921 0.904037572148985 2.10288673210277 2.96752204145994 1.86066480544142
0.123168015983312 0.886406944625781 2.36519424873815 3.27435227611623 2.11795999858223
0.0223441926229123 0.95572201078756 1.84919735427203 2.88249015901061 1.68212829923261
0.00934544857260716 0.929004247532131 2.10048436436367 2.85407450304101 2.0225042946193
0.0164796931271704 0.970000266691058 1.86161518172619 2.9369014386066 1.96031424526682
0.0281355489288255 0.906525406229379 2.25102763214172 3.21262744455761 1.88484604972223
0.0096743454906946 0.908559740550442 2.13059416592247 2.9833647625147 1.92139626713569
0.00880776268591855 0.959272005762075 1.98182016289138 2.77976934095888 1.8214263792265
0.0115916165696864 0.888442799223651 2.03306160009443 2.8381046688715 1.85714487609474
0.0116715892715747 0.988919847786024 1.90381261439357 2.90075908971015 2.05117849971053
0.00900524505264398 0.916607214503998 2.10588991881248 3.04965450221868 2.03383940277306
0.0544024576793118 0.788227455775975 2.3750486718263 3.08460730308449 1.91529066551295
0.110090905296481 0.766578599220797 2.160009160753 3.01246405300875 1.63414659278926
0.0158720565906361 0.872914297329303 2.02791013461903 3.10652600163647 1.64933191609654
0.0632632630876445 0.870440583190187 1.92401789202837 2.77073218941746 1.854275672706
0.0359289569404095 0.849954187045655 2.00723178263705 2.86407394370683 1.88588148189858
0.0102629579957988 0.897003753031312 2.0342402846112 2.99558124846738 1.92192477297397
0.0867307028529409 0.772051874551432 2.16236589052431 2.98688542705068 1.63819601832688
0.00868179639320853 0.949776012870054 1.98582134078116 3.01715869071045 1.88456177153101
0.0160341245488617 0.864375111450933 2.23542971829983 3.04444696407887 1.97654555858339
0.00837285740807972 0.947057961936636 2.01756092434531 3.0516973612176 1.94965528054378
0.0150620458927986 0.856726717698347 2.22657654679447 3.15671721587133 1.96574083482161
0.0377774986535348 0.967736619457966 1.79605107056386 2.94903191683654 1.7417019916661
0.0130112794741259 0.989094852451377 2.02494896776995 3.10062627874064 1.98993039745646
0.0215347856011506 0.82059631975275 2.26443867183673 2.8963115528745 1.66006963350618
0.0199553121774003 0.849007993574148 2.26685776262765 3.12664372064032 1.96680561684939
0.0214818705697001 0.97036420324561 1.83616018931902 2.92369048575796 1.68493061731306
0.0332001351482179 0.836083055390204 2.04914710094171 2.8688620746039 1.7337592056368
0.0115121166357325 0.862361523570094 2.15434431157207 2.92009745901423 1.84218864834251
0.0119196488984752 0.923956111327505 1.95636633231198 2.75043693080262 1.68220240930889
0.0589733261096885 0.77703636820488 2.18522284136698 2.92168886038318 1.62059190149462
0.017072153726057 0.842082318515106 2.11000031451177 2.9553459013997 1.87058649664653
0.0290152483378203 0.828124594190731 2.31246496685079 3.11738365466798 1.86009340438378
0.014214296461969 0.866494106169167 2.21752965091059 3.18429407606951 1.95390922989189
0.0168969757285171 0.980356165094705 2.08237217434435 3.14898269053426 2.21320978554355
0.0142162656206882 0.85102471701591 2.2114603658381 3.08577269918494 1.72936822626223
0.0150388803477172 0.837927522747877 2.17474875889044 3.04253486565083 1.76345662627423
0.0123371094471847 0.98788590232462 1.89131154624913 2.92216073233819 1.8178118640683
0.0226056447760848 0.985141070745189 2.0995522172345 3.03082949868349 2.06842692920325
0.0165166867901842 0.93345361328883 1.90576729242133 2.86774846330961 1.7882992692683
0.0522446844257468 0.794897946631754 2.37287580851637 3.29989020602957 1.81842514743239
0.103263997941989 0.741608446936798 2.28053761919461 3.0551174533463 1.7014997603276
0.0113668319434766 0.901441404489756 2.00569790660841 2.88656928245679 1.79793676786043
0.0100862535222953 0.903983748520405 2.14288103975782 3.23280102471897 1.67022755284421
0.0175526490682981 0.954122086965428 1.87222147822315 2.69686500784863 1.97623389081596
0.0145480581520697 0.929833839742534 1.92389058311338 2.91151948791641 1.75398031701539
0.0193836475912193 0.950973197554924 2.15509778874842 3.17166054674711 2.07280568482257
0.0159584358378242 0.833328376513686 2.18148498455441 2.93754387890871 1.65181127348577
0.00861249007293201 0.955093597457795 2.01585542964992 2.99949104186876 1.92815126148942
0.0122271496607086 0.938859723119178 2.12840745254486 3.14185092032277 1.93497715760485
0.0133866233826797 0.970141450618375 2.07872436943012 3.12398415914975 2.05864867359147
0.0147178639773844 0.913751858256797 1.94946261951764 2.78492081447 1.66116866760509
0.00942851644280954 0.896365206109349 2.05851607816744 3.06436395620251 1.89516932828689
0.0645332004570434 0.758874480859739 2.26697170184953 2.83959810131838 1.65265256359386
0.0105517754709273 0.929943077424394 1.96413860065468 2.88694708820585 1.74253909055062
0.0143064247259102 0.944911540051829 1.90420718190287 3.00047276037633 1.81244664113011
0.0121274194631236 0.954575478326998 1.91245845057728 2.68546292628802 1.83527746447654
0.00842592654007276 0.914086279768052 2.0589638567874 3.03295821369305 1.7505084600579
0.0144340454273532 0.868638256641077 2.05171294478257 2.81119408344731 1.76220291314807
0.0191751850451493 0.97770068037701 1.83977217704378 2.90883160995177 1.78977901263505
0.00926192096519207 0.893455334016664 2.11758763345699 3.09237405273167 1.98655977594932
0.0134324697909563 0.980815392617183 2.05320560388798 3.00064408554042 1.94086416196957
0.0150888459755576 0.839799506928332 2.20585063046824 3.04198439680155 1.78586925978353
0.022048744769057 0.912158303080245 1.91534687522871 2.91347868552801 1.58488341980519
0.0156179730577099 0.888837405804054 1.99250861652731 2.88427968765631 1.88577959494725
0.0149414761559887 0.977638259391566 2.07488272960607 3.26366961922867 2.06800752742745
0.0662047905851915 0.939455507945594 2.25716098947609 3.14847190415332 2.06689628272156
0.0167297693908455 0.859353534055586 2.05747175787017 2.97196298774783 1.75290797448176
0.0716788085622949 0.887075914909729 2.3349967402137 3.24836883259206 2.12864505590418
0.0153994956220944 0.988717445059472 2.05076449120844 3.12031522941179 2.02626058156682
0.00880534393996053 0.960432821529385 2.00904967203702 3.04677922918661 1.82840987492146
0.0279620915030148 0.859882855104484 2.00359338618888 2.81887738523868 1.61932138897184
0.0176320933565379 0.860798469298856 2.04685597812927 3.08428757435491 1.63499260581991
0.0471139082696059 0.827830671339561 2.04233567284431 2.84065796896583 1.69283417475688
0.218286348032232 0.918132100238111 1.77388117621271 2.59268176536385 1.5502862797134
0.0121920503794882 0.986571335508125 1.89340476042146 2.7518646955379 2.09824764343526
0.0126297220544427 0.853066550573336 2.15004049164744 2.88389356590254 1.64775952451221
0.0276341533368077 0.908834408671756 1.90389435290676 2.79565566312468 1.63369103680945
0.00993335973120537 0.962757520902704 1.93958818483934 2.9409426238659 1.8607749985967
0.021955993578693 0.857038563082965 2.27509421603783 3.19199528626084 1.88582740410855
0.0178119728359825 0.825115221050286 2.20484561886255 3.02171791753591 1.8115205276019
0.0212700074885666 0.992125495265184 2.07750380814726 2.98830941534897 2.06536543165467
0.0115917986235372 0.862239996138917 2.12963992812732 3.04554424087014 1.68200713712806
0.0263069931372513 0.924478020041934 2.22183073189909 3.09752978038685 1.94103094219315
0.0197566094267093 0.826309484494739 2.25459195411987 3.0716418284272 1.67092225139994
0.0155441820942644 0.909098628447535 2.19689288257767 3.14316848373033 1.98023873151327
0.0929069473460136 0.800727551331811 2.42392860943359 3.14984771509938 1.9062354602369
0.00928491436958517 0.95032103037784 1.96343926074191 2.88618375055351 1.93463947042066
0.0147549789727404 0.989740009387172 2.04232515092702 3.22682989943234 1.99192830696255
0.0110766234495323 0.92918855526961 2.13009250299179 3.22284321015154 1.9392270155112
0.0424101258800146 0.887646593418554 2.3020352093012 3.2895647928062 2.15786837371782
0.0151703620857509 0.90379427870853 2.20033816446397 2.96579931319153 1.89836712100107
0.00888517862261179 0.963498907735332 1.99725934039338 2.86536660651098 1.90655047896287
0.0194793177822865 0.819158361579452 2.20290544918445 2.96597219377046 1.96720437658944
0.0108640139460284 0.868405696284523 2.13892240695367 3.13781808682271 1.69084667201689
0.0459097712372075 0.774931008673157 2.32783865510448 3.01028269022491 1.76658663642718
0.00856466379279267 0.9526497761372 1.99493121526183 2.90631710938353 1.85104203911519
0.0855306459398708 0.85043159231706 2.38436684756868 3.40058477098332 2.12104259646241
0.0269043745894059 0.894626439107968 2.26177409840152 3.16252519197861 1.97713681887258
0.0173807350116129 0.924656197973711 2.18748218218607 3.11776087956361 2.00738335399293
0.019524240051952 0.896351262512547 2.23310846168736 3.01236189339494 1.92626410053742
0.0119037581603774 0.995412117098062 1.90558427879001 2.9862282098361 1.95328138477388
0.0135230836164591 0.865052522559532 2.20908945398075 3.10022738013702 2.00298534401445
0.0361501276748482 0.819961400113232 2.08733162806244 2.90354605633775 1.6845665944559
0.0105462245219707 0.949156306145885 2.08883014178754 3.02102469960722 1.99242247179936
0.0116650660933923 0.931325530416983 1.94751710468434 2.71627933483862 1.80305031819082
0.0198616051119068 0.908071307674458 2.22127776994338 3.13738810621374 1.8805952252292
0.155397730325454 0.853139457573659 2.41603639893143 3.14550098827681 2.24313178010507
0.0679209123099711 0.753323519323092 2.33308388779046 3.17467240613974 1.70521233614252
0.0112641659804867 0.985795233972257 1.91073540491873 2.86637495388999 1.93882187074533
0.0370386072000039 0.918287971287428 1.86749417302858 2.64389702310822 1.5518239981004
0.0725197946004755 0.784077385464598 2.13693046425349 2.88151196932838 1.75140807662713
0.0104954526486472 0.963938669323729 1.92738464904882 2.83485794070785 1.91162877570952
0.0384281370390515 0.779916128187175 2.28119716819098 3.18456428687893 1.76701138386966
0.0309095799047836 0.946654285582621 2.19858480665931 3.18564726371916 1.90573288729724
0.00895573592832568 0.94144345551483 2.06947303136043 3.08732316011348 1.91914391565477
0.0107244977990733 0.869925389666005 2.13682380294889 2.92590541103534 2.01680354170323
0.0097430510538074 0.907597101137178 2.0199938597346 3.02607395445047 1.97154396825543
0.0122171306283566 0.992288117295366 2.00182090456982 3.07315493278695 2.13919934948113
0.0104346361096124 0.902449843530597 2.1506359657775 2.95184018720367 1.85810014795123
0.0178454581953032 0.98806225864748 1.83980838598536 2.78201490632912 1.96498135193038
0.0114174314412636 0.927556930290845 2.13675207304689 2.94499162448512 2.10430796631857
0.0133854898464706 0.852352192803576 2.12395472230944 2.98108180437817 1.79358663887676
0.0141001265213615 0.927194177304576 1.93133749917557 2.97355680329475 1.84701067099927
0.0090707937794506 0.946450863146415 1.97289681580396 2.95446044918334 1.8905639528313
0.031688658437591 0.889853276160592 1.92949984921487 2.70803554406711 1.75001246054861
0.0237052488187731 0.940457812737629 2.189439263119 3.31747303519121 2.06681469756093
0.0111988158072011 0.98820261866453 1.91453286382309 2.85486533111468 1.75402721791972
0.00975301454724067 0.882784366592846 2.10465186320063 3.18190409311807 1.93450071752893
0.0313694563318436 0.906399157079652 2.25904167317658 3.03792502793763 1.98155257881628
0.00848219426676546 0.915450665562399 2.08194782396416 2.99833567881245 1.79314916135656
0.00976333277506751 0.977183267138823 1.99054179074635 3.0473214758865 1.97571817548839
0.0119224450591153 0.878662007698648 2.18587363749233 2.9182069791904 1.89947231591651
0.00876629861246284 0.905680851190416 2.09917680141539 2.97109273802883 1.99737552203223
0.00829093909799038 0.932539352055841 2.05282535760145 2.86610193419072 1.98826704360569
0.0167745271663011 0.83410909063902 2.14936432294731 3.08451457124524 1.7824944122357
0.0136547214197877 0.965531323692827 1.88675114522949 2.68890456261495 1.86164958349638
0.0155391142217189 0.883260678651836 2.00555465718724 2.90447486632846 1.77819667751182
0.0331592445659772 0.838802253434045 2.32319512269795 3.15081291203041 1.94350808379917
0.0180185847374529 0.882570713171747 2.2383558629848 3.19929430306641 1.84779529259602
0.309946807440047 0.97750341285973 2.26373672526252 3.26061538302664 2.23285545125014
0.0915814450285096 0.747986819440641 2.40084878576792 3.09574274398935 1.57046513045755
0.157007774330305 0.968210165986198 2.25103027660352 3.26842795952885 2.29442732893723
0.145630868251241 0.98096839705067 1.70255641478291 2.67219238515161 1.65530288243995
0.00873313802433776 0.906835147984805 2.05730163657432 2.68406039298455 1.73652985347374
0.0187056811450492 0.946015160486293 2.16062627278048 3.1145461379324 2.17112949237094
0.0107535915121557 0.917975255951051 1.98129727161589 2.82881146658115 1.88095843410478
0.0099930539900489 0.981542360251565 1.97708949355125 2.98588813610764 2.09745854255029
0.0143001080224301 0.873528932302219 2.21666254934274 3.10782855449458 1.768866151154
0.00885163842155645 0.961682598598017 1.98294791829457 2.84006274704165 1.88161513345947
0.546921199319068 0.807924712450938 1.95245627072358 2.80087293283256 1.76054939410234
0.00990461029027078 0.972833458555284 1.94014349827628 2.87617177711615 2.07175341460631
0.0221532988933918 0.898030122990193 1.9409471501202 3.05840549626196 1.78469873542141
0.00997212097143692 0.915899035009939 1.99802236953458 2.98739249889874 1.7762067465683
0.0248177451004416 0.872127598301582 1.98537582335778 2.82106861710181 1.81085661573226
0.0201462868198004 0.92326343495542 1.90399014774275 2.82087165084548 1.65335102392645
0.0705877874205728 0.934734893388445 1.80288881849924 2.97196170457732 1.57250748154625
0.0154583857758432 0.849572597301096 2.10074011596472 2.88841847938272 1.66170149482577
4.61531462764381 0.648677965350415 2.78188898355719 3.3316770103318 1.78404905173608
