1 0.989965458866985 1.9388756264719 2.93731672001153 1.94206593310622
1 0.830658398271547 2.04987897662586 2.95989264538684 1.95882100490969
1 0.942813568055724 2.18653941157022 2.92518443585029 2.02920259343562
1 0.883005866604506 2.09923293765072 2.93611953969448 1.93118202016469
1 0.80340918945195 2.26625195693554 2.9576682096734 1.92484024429274
1 0.895483466634182 2.17970501935938 2.88258739558514 1.92481491264405
1 0.884804330733457 2.08556296061385 2.86167955576907 1.95857830327616
1 0.85257829543773 2.16186590680984 3.00256637249153 1.94532411898326
1 0.84456855012879 2.07423882673709 2.85115623997282 1.91600949260906
1 0.891023199975843 2.05741377525035 2.89352446577594 2.09141491264597
1 0.923105059531602 2.02848799544186 2.95924537880951 1.86377526895926
1 0.959328727703118 2.08786375418804 3.03005039545219 2.02267927930307
1 0.932808312659416 2.10198265644796 3.03040852981998 2.02485862473397
1 0.892501418397211 1.97428987261556 2.89260230276127 1.8525418338509
1 0.87352098354762 2.10186881498893 2.96749549288788 1.85309498624851
1 0.765282620257304 2.27706895709622 2.81363572017128 1.9194622818464
1 0.857566523529709 2.18289331997502 2.88967008801334 1.8474188888135
1 0.940622857246522 2.04712342374208 2.81167687999594 1.91501339667018
1 0.992058977547838 1.83730657497943 2.85661340371274 1.85844266817197
1 0.855942731222603 1.95555419135295 2.87080055045102 1.84250273447532
1 0.940706278827274 1.79595885868262 2.96098466931065 1.8350457422106
1 0.894658930744832 1.88874388876481 2.97915770173559 1.84271461474233
1 0.981582007272324 1.80710641218349 2.84494347075242 1.85417026953321
1 0.914853053947817 2.03744508726159 2.97263403646399 1.83411851562459
1 0.991193552739375 1.80065334861128 2.98022609024519 1.83425443985163
1 0.812396638463428 2.34042980619211 2.99880480876416 1.84348892326377
1 0.968646441247633 2.16214743057297 3.05292758358909 2.05540877447776
1 0.831743835664359 2.27762432205625 3.06229738917975 1.92918198931296
1 0.932187102480093 1.89390272417804 2.80104619834475 1.87806893708806
1 0.923654155953626 2.00504073718267 3.01763586321501 1.84706202915887
1 0.940265694719136 1.99797991028775 2.8715797312166 1.81316776145818
1 0.921863589232089 1.92413691239432 2.84830848550377 1.82300434983567
1 0.936949773594316 2.15222046366045 2.99068239898522 2.14665901190317
1 0.861058077625639 2.07614878131668 2.9627647909141 1.80107255162328
1 0.660194659577409 2.46297675165524 2.97802363361462 1.8028673908029
1 0.814901648436067 2.30271133990048 3.08946679912279 1.95032315992172
1 0.947093286729717 1.86190772000154 2.7938114856853 1.85409151933902
1 0.850964635299834 2.29595801156584 3.07374020574237 1.89099569582152
1 0.899060808522681 2.01814701239455 3.08628500814822 1.9127555092119
1 0.956276960417376 1.8732148711589 2.9034642879569 1.78407847720858
1 0.885049664035386 2.12698052934904 3.07202777226727 1.87701500169116
1 0.770853928325469 2.28071636573258 3.10141701242386 1.99390717446677
1 0.904856215773052 2.15373593985288 3.1019108594104 2.03064346350677
1 0.872252606798965 2.00128698874799 3.0246985982658 1.80517587878696
1 0.943576736317444 2.07834501962445 2.89258207700858 1.77253624570013
1 0.84518353116563 2.16498227964445 2.87105680970174 1.77562156757037
1 0.808912081030182 2.20720389248537 3.06716195890126 1.84241644054025
1 0.925478974017234 2.29605248012322 3.09124159461052 2.07678110761634
1 0.844152057411785 2.17751254979029 2.9025849029081 1.76532166904832
1 0.904327724664668 1.9967467088277 2.74759821546576 1.89206871142896
1 0.904831025598202 2.16842087217699 3.11994214654596 1.98869811164959
1 0.81523954360577 2.08969511999148 2.92137361839922 1.7560780608772
1 0.934319692114368 1.91592527901948 2.8000257360807 1.80323983334034
1 0.925121875801396 1.96678311687075 3.01889867803218 1.78322225581081
1 0.917494955335767 2.20263571304428 3.09383256431857 2.09600074823664
1 0.95366079742927 1.93373848163517 3.06793682654861 1.8208935754427
1 0.939343667601546 1.87375306077806 2.75878780955704 1.84147128996282
1 0.700655245366942 2.30503449177885 3.04227161796382 1.79166758839903
1 0.995612482703055 1.81466283924228 2.84606324949013 1.76042934118646
1 0.785134693307485 2.08006446763538 2.8455995014459 1.75800780160377
1 0.761722835838702 2.28494523255563 3.05573224746176 1.79331676201993
1 0.76312528146222 2.32895645225799 3.09049536856466 1.83192758239618
1 0.744502260046298 2.36685053028691 3.06691830901449 1.7997797904317
1 0.781807333618183 2.13905129216681 2.89877772684702 1.73633130822996
1 0.782896528247931 2.23532463902424 3.0664594957927 1.7961656384861
1 0.900824458075433 1.85596184420569 2.78613603827224 1.78847513704477
1 0.907390963102207 2.31879015604948 3.11167389164196 1.85813381166891
1 0.871766107909692 2.29080848849864 3.13920348124148 1.94873557305646
1 0.925996209361846 1.84592588183511 2.7895803444734 1.78116325740363
1 0.709419261453977 2.45016348512828 3.05367793571709 1.77831548649586
1 0.944355031909382 2.12408981328008 3.14621236080179 2.00200036790865
1 0.773398094206916 2.26571613587214 3.05306316736314 1.77311604059032
1 0.964986462215117 1.94310988184608 2.96901334565407 1.73116050275248
1 0.820930877262841 2.27412676862619 3.14419798791057 2.03430496133965
1 0.98666926780832 1.88868847417218 2.85799562592416 1.72918092791398
1 0.930669603959181 1.8257288233041 2.78877784523529 1.76508485368975
1 0.978634758781021 1.92828520531921 2.69303970704398 1.91209591610672
1 0.925820821788317 1.78870141646553 2.75287422581153 1.79271171027359
1 0.859962204654261 2.25600312508412 3.10895305211255 1.81380285382488
1 0.882109712573134 1.97361529557511 2.82998488978268 1.73036607138982
1 0.981876083857041 1.87804240014493 2.73659430754512 1.80517079085472
1 0.957888252045959 1.71890027059669 2.7848617074557 1.74854743303198
1 0.869912112797542 2.29533498714327 3.15719592295029 2.06626826130234
1 0.985617424872021 1.68206498760772 2.87725408798787 1.70523327906264
1 0.990024087392847 2.06280850680807 3.16271862216198 2.05135730968668
1 0.940490921566978 1.86327858070359 2.77017331767733 1.75790568660813
1 0.793783873673654 2.01115082140583 2.70779923567751 1.83646627860226
1 0.768409658094566 2.37910394949108 3.17208683191933 1.95768118630419
1 0.67902537188532 2.31457589532363 2.82641859237818 1.71283719617162
1 0.80709308856051 2.24032242789385 3.01097853589857 1.70504207480824
1 0.916508753099783 2.12804455863935 3.14246994452713 1.8240563473699
1 0.752995806990609 2.15365936227815 2.86066302350133 1.69432698807971
1 0.906859343468712 1.99940873597149 2.86169025295653 1.69259683673228
1 0.956002955403113 2.40987242009473 3.16200679185382 2.10101106428004
1 0.881952770041292 1.93598618557508 2.82538091604385 1.70432737391814
1 0.955283508362481 1.75862101736944 2.66269061695984 1.92850002313533
1 0.983010936263351 1.75941955825306 2.68483740613038 1.84846353855627
1 0.741501560611402 2.12970403951343 2.98470509772654 1.6884655893368
1 0.853511940120985 2.03435652266578 2.82318981623759 1.70099094146246
1 0.702590299561492 2.40986203232413 3.13845255286614 1.80328016773811
1 0.98589322891847 1.87414290821401 3.04982517430998 1.71506344058712
1 0.768413627150631 2.37700994831257 3.18801740532698 1.94178916563207
1 0.77956416515983 2.18327582067998 3.02415841838806 1.69982358092689
1 0.956455286147887 1.86269510481038 2.66029939077155 1.89695586749169
1 0.952616318496807 1.95897492477547 2.65316380290348 1.92903762450317
1 0.75654481537322 2.47473999806401 3.19474172547306 2.01189733084474
1 0.899090489259226 1.95796314614494 2.79570849192898 1.70327848015781
1 0.73375645147879 2.12258065335201 2.9268107241839 1.66816813058778
1 0.807984331417812 2.14589590821055 2.76624133319813 1.71971379796225
1 0.663920275859196 2.52041928144897 3.03693992472108 1.6896618544611
1 0.709945551513185 2.16103190260972 2.90861752149934 1.66213173722337
1 0.715630551013651 2.36679368209659 3.10344497721266 1.73474379486615
1 0.87774415826658 2.15216806147726 3.04277861103903 1.69101789437393
1 0.89992966157484 1.92255477958373 2.98296634755138 1.66770820991725
1 0.933835966044077 2.22210529268581 3.19174684007374 2.08479747549394
1 0.815329927449313 1.9246020460869 2.79382386660681 1.69196569975164
1 0.760562479765496 2.15330767344608 2.99098510668846 1.66615765771955
1 0.713512038264533 2.44753253106143 3.17795959434394 1.83224740757087
1 0.970459419469504 1.85169512601453 2.80641721176169 1.67710922601154
1 0.980534046526774 2.08281071998645 3.21190414880606 1.91908982994787
1 0.872158608196123 1.91648409293473 2.84328678233127 1.65910668556153
1 0.739206201559736 2.46673665343102 3.19210668076695 1.84308571914283
1 0.790618989401242 2.24752883519402 2.96834903068806 1.64845359075884
1 0.955823834223864 1.6373542563885 2.70010033332026 1.75638668308462
1 0.700531165173861 2.31860348316534 2.76659323481508 1.69277796773811
1 0.894124171860977 2.36556176590996 3.22166648070738 2.03440953121838
1 0.772028158274247 2.36558945276137 3.17052811755462 1.78191850837396
1 0.698586988699679 2.30345138164759 3.04181943592715 1.66422987788084
1 0.97112926151591 1.74367858651713 2.80926853516981 1.66028450093097
1 0.805786179984785 2.05372075442549 2.91295930836936 1.63524643771327
1 0.85415338421223 2.0022459084094 2.82437909003425 1.65188931962936
1 0.937778301863726 2.24694677842518 3.18775752622713 2.15372010485058
1 0.817406468721706 2.35650914791457 3.22716161894358 2.02439251254423
1 0.862169650906388 1.83356994581324 2.64823818968647 1.82240644292148
1 0.727687735252395 1.98728038844912 2.66937216327356 1.78207836390596
1 0.854803497282555 1.88203897396064 2.79397641609415 1.6569226189167
1 0.825088940063269 2.42112884715933 3.23809675836963 1.97067490341596
1 0.910914351499021 1.87339436920775 2.72960611703517 1.69641280269824
1 0.961042370738744 1.83634728360727 2.7064297736362 1.71571044250921
0.124379389926433 0.783435013519048 2.42942268416597 3.23199547343706 1.89538564218419
0.0982487712808728 0.716644420161153 2.15855903213818 2.93992267651806 1.62032585477252
0.096242586300831 0.69926053940353 2.42262801265058 2.96134957369035 1.62238265492521
0.119427401976982 0.957872141403066 1.72029202734707 2.69525409945321 1.72603608949092
0.125444354848304 0.827020900255981 2.0107640118999 3.05937664016243 1.64974754511809
0.149974439658244 0.90863574370994 1.88280388180182 2.7013941764439 1.71348073686957
0.124199265051398 0.741029570103033 2.28700960007335 3.06944222632549 1.65437440608088
0.106679376207313 0.753971439129253 2.20243569259821 2.98178178043398 1.62037365761801
0.175713335585571 0.971814572003614 1.73137230893865 2.67042110718725 1.7492010337627
0.109145940247648 0.87363243650839 1.7916531979607 2.78820496644371 1.6434925480662
0.101452081065047 0.83808580147345 2.42112407251235 3.19763960903164 2.17957684587857
0.097760452157181 0.874931571674957 2.43138702620294 3.24733383655144 2.03743152813221
0.0945869412847431 0.821472962642584 2.11902681561865 2.75672177626524 1.658191506574
0.102413759484926 0.887908330186037 1.99755249831243 2.77791531718588 1.64503482078234
0.543696170803249 0.960323297594441 1.654481226947 2.68568407886316 1.71834291936038
0.106418873128844 0.844868841665045 1.967529335087 2.83924347190984 1.61750697954803
0.118853363194231 0.709331790165441 2.32640556344075 3.08370063987358 1.6508569415411
0.0662628448499912 0.801141227882409 2.43882458860994 3.24241891561381 2.08691855618613
0.0657937479200942 0.9720078547005 2.28008795808018 3.23288860386002 2.1182104135724
0.0714098417756966 0.848890437717782 1.92973384458184 2.88744610444591 1.60511548198439
0.0667416309153076 0.663984596636526 2.28328929174271 2.9927105500849 1.61124183434217
0.0637535055281697 0.734521158601863 2.23383055243397 2.89523841743428 1.60332065673981
0.0695457377931107 0.717704008516288 2.35667128257959 3.09328092379688 1.65344836699546
0.0981313279433114 0.868608337299214 2.35059436051075 3.24761005098077 2.07648484433495
0.085569045275453 0.746743197466617 2.20202532175153 2.99319276693823 1.60800556126724
0.0813084186400821 0.704685946277318 2.28782383345634 3.04520367968256 1.62517023237697
0.0769001238712755 0.708254759247704 2.46672325552259 3.05847612531147 1.62862351834937
0.072232797831353 0.836227428497875 1.91005090151294 2.76077416065174 1.64106915991797
0.0874243609951814 0.86548425626684 2.34579603086511 3.25846390431664 1.90642261533829
0.0758056997365765 0.807163704896467 1.94301082556337 2.8334259310614 1.60653465653909
0.0705396655653583 0.715111439523407 2.21814729250055 2.86598203398003 1.59703587126458
0.0852709252526712 0.988330692485429 2.25216880977692 3.25678897032439 2.08005526988913
0.0906839694104674 0.869875783730844 1.9485207297084 2.7511930500473 1.63914146701826
0.142935682317871 0.98153536202386 1.78882985453431 2.87452693905508 1.59159226116205
0.0676710978951438 0.729615726242292 2.16930817829845 2.88804224294181 1.58492702454786
0.0760068077030755 0.804519616293422 2.42014439203663 3.27336108646946 1.94881178404463
0.0694997212682143 0.880604371037204 1.92099928299421 2.726304250291 1.6494651407693
0.0685834153675008 0.740178917881969 2.06116053015965 2.73911261414626 1.63932267312653
0.0782458732996082 0.640829910607255 2.69515287481569 3.2152762104844 1.75487750005209
0.0837923797214812 0.889480932810887 1.81528609866082 2.761058565736 1.62301122926282
0.0750359371183866 0.962821829483922 1.7085205876544 2.62679304115637 1.75168517922114
0.101677983389086 0.55719706454638 2.5659401634364 3.11603599211677 1.63955524110309
0.0632690757995443 0.918839025030411 1.83752030967797 2.68133680572374 1.67966916553816
0.0680202150493574 0.968404869893566 1.80936756490536 2.6562434382917 1.70586825449641
0.0704311105580604 0.786098346235718 2.0617109676676 2.81730432543505 1.59033279546314
0.0817392616639221 0.944718076484278 1.80188456462851 2.72582230504333 1.63747219448405
0.0669340712718097 0.900535488140756 2.15752507086741 3.27575600795141 1.89120042251444
0.114044821742672 0.993166415413143 1.69725880961865 2.64626231984914 1.7151079982264
0.0749312866962747 0.66396340869863 2.62750600707577 3.16948386680114 1.67932342136505
0.0696674386758547 0.933703264517908 1.82370082096995 2.89473860709755 1.57062367272348
0.0694792007435725 0.825428075716399 1.95124532726655 2.72546961586809 1.63420641451495
0.0722296247827682 0.7291898813727 2.16647159791954 2.82752097722904 1.58267719893861
0.0725485671792542 0.882615540604582 1.81258644573446 2.70121302662922 1.65150982652846
0.0900757853415707 0.834719354147139 2.44991006662037 3.27892805204918 2.07198682940063
0.0865767132023478 0.737919122660163 2.12805181550268 2.86690893057228 1.57109056659712
0.0977309546727612 0.785352975936731 2.03355174939733 2.76377129556517 1.60608652860778
0.0639924549295119 0.937058056711685 1.71049569943803 2.63366475903263 1.72281506578974
0.0810811644434432 0.971609220116966 2.17831830294342 3.27739436448638 2.10229785360587
0.164037681962235 0.867582569292281 1.99361342451302 2.98157363131212 1.56523978361008
0.145908061883757 0.775659550740396 2.42751879084413 3.2775789058139 1.85312631895879
0.0698581855215392 0.864398146113884 2.34031976948329 3.28497074191944 2.07807854760474
0.0772178403522114 0.739478725289019 2.47496844736093 3.26280425272628 1.80679229328488
0.13125316956482 0.884227415945017 1.68629957928349 2.7234140567269 1.62180979968798
0.0693323452678333 0.583301484104939 2.43856335393171 2.90746720658867 1.55663055999378
0.111714196969911 0.98832879299789 2.16605055776032 3.18328551833192 2.28626777649837
0.0906412245463674 0.875083013974523 1.94335598667037 2.91778399171989 1.55377325021517
0.122864155913607 0.742152698368388 2.25051015276981 3.15822431055568 1.64681698628883
0.0986917378762088 0.913383863056029 1.79912710465828 2.64235155184008 1.69034051235136
0.087123183471964 0.962529184961724 1.60915747699184 2.75413398494741 1.59470105682059
0.0941742788051147 0.843789355553065 2.46250226179412 3.30116442857776 1.92212674618965
0.0885748997367516 0.901363192016816 1.95693227318595 2.81411340382599 1.56643390175805
0.0959741440209702 0.969309150484508 2.20542853948729 3.30087277394682 2.0403048198346
0.105810449451668 0.924974355430222 2.21495399579212 3.27226885260336 2.15549919864128
0.0971883337257554 0.776245324078647 2.63846525849427 3.30637390844599 1.94261896534978
0.0855768754177881 0.846929993802526 1.97186977902621 2.84941614423372 1.5521148198639
0.065356585742297 0.735376446106881 2.52015627767986 3.27891542090878 1.80426276137593
0.0772358546186216 0.735074103422762 2.12235335850413 2.85107229142953 1.54828167985674
0.0741415092827333 0.809663251554116 2.37807028234496 3.3065595129304 2.05367444819832
0.069880901281922 0.742681055728434 1.99908940896735 2.70440412169807 1.6146510720498
0.0933363515846163 0.629773579228378 2.61138997305567 3.26030488267511 1.75900154288543
0.0710150576188793 0.610467869297829 2.29877554793941 2.8587896368461 1.54330028181612
0.0646142795442981 0.838616598167621 1.9838415334562 2.69931700661088 1.61505849350957
0.121289460884044 0.797629869511638 2.00663108168228 2.75843614037114 1.57703753104916
0.0750535343216953 0.921778204555142 1.77952301855155 2.60296859513608 1.72061176156596
0.09953136488591 0.786195149579061 2.25492831545067 3.2797915947359 1.79155131978849
0.123192425626165 0.831804169585618 1.96308125344881 2.69557750958773 1.61578721041978
0.0716809124570932 0.6977970322613 2.57727230721258 3.27608904400124 1.78152722649068
0.0718448047543164 0.668920226972047 1.98964712933541 2.71742531026172 1.59818700883593
0.0761278979382007 0.684420220463365 2.31455037660325 3.13300408928799 1.59939447628147
0.066022369392505 0.835586004093445 1.95860359794033 2.70829006852674 1.60036673826354
0.0696891353614073 0.767032670773585 1.96806964926138 2.93158681942506 1.52930639499439
0.0678257135915231 0.724024702438855 2.67686685315111 3.32259630228547 1.95402941967861
0.0768583340855207 0.707682568424674 2.07206648754665 2.74160617072237 1.5761309981231
0.13864663049254 0.551057836720719 2.47018328112989 3.03615769358366 1.54494652262637
0.0768188765846239 0.937260392077013 1.86790052359523 2.69127972556668 1.60473002412408
0.0729385354355495 0.681447226359885 2.30595916293507 2.86244120647152 1.5280070124451
0.0723157809107789 0.676094902762881 2.2640138963692 3.1428040633747 1.59477285730731
0.0630615941234712 0.65229260492544 2.48536731520628 3.25164244589113 1.7080488407184
0.0721715817405287 0.657123357654171 2.42564200056026 3.16894512920446 1.61307967485403
0.176691235754165 0.695294993491936 2.30726846696021 2.99635575213456 1.52219660228444
0.0773626065543062 0.873927833235098 2.31740643984462 3.32595858608828 1.87812109595928
0.0729416833972874 0.936450779430962 2.36943109429774 3.2588920103934 2.25317907976436
0.069592926422169 0.898787689735784 1.7824038240583 2.76774040742854 1.54196089332713
0.0718533772048642 0.836053920392974 2.3923295101787 3.33722072548784 2.04675525373738
0.0667500757053005 0.609016787956368 2.77018963424557 3.24307812468529 1.67286201327724
0.0917189628904072 0.807104905986417 2.06008733910872 2.56619231161453 1.72564948633991
0.0686012889589176 0.754858847120918 2.07680952586909 2.88575573163348 1.50543619212723
0.0844662181270629 0.599627430725985 2.38010141046179 2.86350994903477 1.5070069233046
0.0988648294693008 0.985224278260333 1.62522383823254 2.65557999158512 1.60885726190679
0.145181242709768 0.648963766196866 2.38500408338193 2.80747689242163 1.51637738995079
0.0782425283737442 0.592699733435273 2.27716612488367 2.85987202551145 1.50300980456666
0.093195870183261 0.76952338891165 2.49121617596153 3.35051405333456 1.95584612485428
0.100014973058696 0.983574103418893 1.74392509733754 2.5145150271311 1.83006916907771
0.104696479104088 0.926238384948087 1.69323029445583 2.69876566315957 1.56477702365073
0.0700667132968778 0.571288193903486 2.44262407936504 3.04901741662588 1.51552937719788
0.0703471022563164 0.600409943204218 2.73672332761616 3.28311769292845 1.71353375228452
0.0834458141157531 0.861655611043749 2.02013358339641 2.61081242837759 1.64330467104953
0.0755665091037945 0.686190624146924 2.2077807018097 2.73038595406652 1.5432496420619
0.0817831449896211 0.68281840291532 2.36015394162793 2.90719910648394 1.49227941496465
0.0669241434808717 0.71926818661182 2.16365696421708 2.78191770167862 1.51834040449823
0.062844965599107 0.923332896556593 2.38161892161763 3.32370200834368 2.16324683130705
0.0851096257767157 0.6290183521392 2.39026580419009 3.03040629023847 1.50674797910518
0.0637533723043144 0.62804671663553 2.40751719215265 3.04592920182219 1.51007269301257
0.0674998885179158 0.694550321793304 2.20395786840426 2.80275181640899 1.50829269946069
0.0889942570763504 0.659625068744137 2.33736414660765 3.15697543813855 1.56654069665795
0.0983527098104827 0.775166523295518 1.96177433087076 2.7886747937531 1.51258626804782
0.0644063903950107 0.931948916291256 1.58086385203119 2.66856295466079 1.57588926422601
0.0671243058726032 0.707683287966099 2.51603977956559 3.34265865190684 1.83569778226581
0.145713062836587 0.858393017727738 1.8103164718835 2.70408838957664 1.54916901541449
0.0657840725165169 0.807473913313976 1.99325137135185 2.79118043774853 1.50606679978423
0.0662114136388513 0.985535718923118 2.23248447974651 3.3139750570648 2.2064050716265
0.0651828357088469 0.777436385312572 1.99397182317079 2.75331716449598 1.52119809564357
0.0767778535503382 0.878357248060243 1.75876190122021 2.6631403636247 1.57651177204768
0.108716065672794 0.610401814894797 2.50495127755391 3.0480971475706 1.50161796517635
0.0955595683122171 0.916892897178564 1.74685953442129 2.60457610673913 1.6309436960104
0.0632655316593997 0.722900254296307 2.2561342929119 2.92253285951544 1.47779762692681
0.07794392716046 0.669593460773869 2.30218704820088 2.99333824271924 1.48350619288358
0.0779919178453843 0.875719279108496 1.78118634385071 2.59612154688705 1.63658214356372
0.087908646491595 0.953659639872419 1.59015422043679 2.56659833783644 1.67544763687861
0.0702802202709949 0.808820198854675 1.86650795737817 2.6293990127557 1.59915204156665
0.0684546000394357 0.812619392310098 1.9963985607185 2.76259763848428 1.50897471670137
0.0630071914881559 0.791781850457702 1.81034966161752 2.6533627087052 1.57688032564702
0.0742391238267459 0.664417597274944 2.5112271782086 3.20693999010589 1.5888146660078
0.0648151143984795 0.756911150159479 2.48254039556015 3.35854930884569 1.85704074149547
0.0669085842772345 0.674693612673851 2.59157328033141 3.35251591441947 1.81739791226389
0.0705784311034175 0.876098803816322 1.63967973212139 2.64134263915086 1.57731273577959
0.0964967950656455 0.821947582037299 2.51464817464263 3.18004863469334 2.40185406581536
0.0800372050501822 0.652910795788142 2.16073659677784 2.75636799619442 1.50195999696761
0.118102868170309 0.924177822059781 1.77065085230217 2.55530394867749 1.67508568029639
0.0817263782001193 0.66505558456973 2.07503613948205 2.95922647876274 1.46715566833598
0.0817639245378849 0.679664052632894 2.11711801383992 2.71417119722904 1.5216616084008
0.092753460339901 0.822621112101299 2.53448404937992 3.37830494207178 2.02876736953287
0.0886813807183552 0.565882124511316 2.30586416178701 2.76079808886327 1.49626907972703
0.128400033261403 0.978537008460416 2.26576215641904 3.30028828974064 2.27577860876812
0.0662870799486178 0.844618957875688 1.86960814248563 2.59080241265397 1.61820688624448
0.0631949241114515 0.79740503017948 2.36456794900586 3.36979347210683 1.84902992435441
0.0954378250822957 0.844162739850401 1.93369077585527 2.57682357406956 1.63025371360821
0.0783808257647267 0.74554506878688 2.07307244682063 2.78672387188238 1.47860262756011
0.121022549318205 0.694572752731335 2.12342345238771 2.89170342494895 1.4559298070745
0.111725271625314 0.854611379328371 1.71858617450689 2.60420777274675 1.5949706128101
0.108421868437167 0.854981980034969 2.41656465141666 3.34442437600267 2.20998222054519
