1 0.909768202602516 2.18421257189161 2.92242029086279 1.98497692828509
1 0.978899552052154 1.99037311171183 2.93882794387209 1.99093748356237
1 0.87666614815106 2.12226753886722 2.90745950256946 1.96064489367775
1 0.904669708330873 2.13358105489839 2.90938823487937 1.95748629812871
1 0.928395299704117 2.08992898964915 2.91166403639755 1.95535586012122
1 0.895924622267799 2.05408427164635 2.9466700729152 1.96808899114051
1 0.933542844869969 1.92610136969285 2.92685833955508 1.94872158194233
1 0.876587971607455 2.11291911305435 2.89494024540454 1.9896206767611
1 0.879952762871385 2.16600824752744 2.89321172118558 1.98030477335511
1 0.958926970820434 1.90612149117447 2.9278700040561 1.93946655886729
1 0.986778502132227 1.91346244922255 2.90302133082879 1.94483049242461
1 0.989965458866985 1.9388756264719 2.93731672001153 1.94206593310622
1 0.939893230901674 1.95884706595849 2.93108177504945 2.02187902130086
1 0.830658398271547 2.04987897662586 2.95989264538684 1.95882100490969
1 0.942813568055724 2.18653941157022 2.92518443585029 2.02920259343562
1 0.997717525019301 1.90909896099859 2.88256757506415 1.95745534107456
1 0.910557952847606 2.0898822918966 2.91364030325568 2.02966007379883
1 0.883005866604506 2.09923293765072 2.93611953969448 1.93118202016469
1 0.921191032558859 2.07873325654596 2.88635928375006 1.94792900294215
1 0.921928735838358 1.97899972679709 2.96816450642481 1.98668734773522
1 0.969165037703668 1.93924530807784 2.91457208180044 1.92836702180257
1 0.978866352311931 2.02653016025602 2.97008627417437 1.99962819265466
1 0.887050329455884 2.09796568052803 2.95580876979317 2.02738133552943
1 0.812960240119646 2.22895847810321 2.91771948398407 1.91883650067903
1 0.980845781389223 2.00108403086654 2.97138870193462 2.00999934767243
1 0.928767475782929 1.95612003735608 2.90900154992862 1.91559773918925
1 0.80340918945195 2.26625195693554 2.9576682096734 1.92484024429274
1 0.9252576779178 2.02545876949676 2.96873317271322 2.02413433439672
1 0.895483466634182 2.17970501935938 2.88258739558514 1.92481491264405
1 0.857472060750983 2.19201878743041 2.92075939835441 1.90847600177817
1 0.884804330733457 2.08556296061385 2.86167955576907 1.95857830327616
1 0.939284239309568 2.11620722319188 2.86132025887367 1.94296493546193
1 0.946696545138659 2.08936998466359 2.86533691067505 1.92743283614933
1 0.884636777380967 2.11543152205909 2.87300707935966 1.91580070249067
1 0.963551623043658 1.96101928739301 2.91284759121087 1.89473742695028
1 0.984889289264726 1.91891352462901 2.87394939621692 2.04831175371112
1 0.85257829543773 2.16186590680984 3.00256637249153 1.94532411898326
1 0.948674531198233 2.12443471258917 2.98796464665925 2.04278111475025
1 0.847127031156119 2.17164939605524 2.91644466351082 1.87909972449188
1 0.84456855012879 2.07423882673709 2.85115623997282 1.91600949260906
1 0.851676943809722 2.19839669404341 2.92820758501396 1.87682307181987
1 0.869644276593708 2.24888876861516 2.92067271323448 2.08472893075831
1 0.973296442640291 1.85446059826164 2.94496334318476 1.87429748064968
1 0.911570988037134 2.17380874817602 3.01989965355064 1.97870353238319
1 0.86594947400762 2.23159849196549 3.00992466706947 2.02994895886564
1 0.891023199975843 2.05741377525035 2.89352446577594 2.09141491264597
1 0.87573012958638 2.16190180766885 2.99406039441946 1.89449578055985
1 0.927630536170892 2.07806264676508 3.01498203671908 1.9232019179149
1 0.923105059531602 2.02848799544186 2.95924537880951 1.86377526895926
1 0.770040063817221 2.36914829401213 3.0158787671223 1.9134708447453
1 0.751027711638815 2.47982552297944 3.03119415417838 1.94146585369916
1 0.959328727703118 2.08786375418804 3.03005039545219 2.02267927930307
1 0.884257656325857 2.11924506485008 3.01878996422467 1.91044193086991
1 0.947775744093739 2.00359342855154 2.97992780409343 1.86755008121362
1 0.932808312659416 2.10198265644796 3.03040852981998 2.02485862473397
1 0.892501418397211 1.97428987261556 2.89260230276127 1.8525418338509
1 0.897361543658853 2.07303061137132 3.00902790308863 1.89078387498729
1 0.804062622450227 2.26515088279333 2.93409760845736 1.84720293006987
1 0.954426086195746 1.98598818305783 2.95158784771591 2.11098206984522
1 0.87352098354762 2.10186881498893 2.96749549288788 1.85309498624851
1 0.765282620257304 2.27706895709622 2.81363572017128 1.9194622818464
1 0.857566523529709 2.18289331997502 2.88967008801334 1.8474188888135
1 0.970683645022659 1.90493204836646 2.88284248796534 1.84953407487659
1 0.773185479646286 2.31552065233677 3.04390064594854 1.95664994844691
1 0.964097740268219 1.88461757696978 2.90694285203105 1.84127505002019
1 0.905120798830167 2.11160851890007 3.03826093389484 1.92963557299426
1 0.940622857246522 2.04712342374208 2.81167687999594 1.91501339667018
1 0.928416731361714 2.02230499035744 3.00286378766848 1.87136786388412
1 0.84637100257341 2.21884496698696 2.98442962907745 1.85675138616989
1 0.992058977547838 1.83730657497943 2.85661340371274 1.85844266817197
1 0.865242983165822 1.97761456842742 2.93926134879238 1.83800909340094
1 0.943561907599653 2.06830303892599 3.04956215901929 1.98172679829673
1 0.999609219440827 2.02942460193304 3.0521943911341 1.97779423405744
1 0.991647443395148 1.88093074711246 2.80165637586516 2.04000381292436
1 0.919952564229383 2.09925300932527 3.03980446273713 1.91173105176007
1 0.855942731222603 1.95555419135295 2.87080055045102 1.84250273447532
1 0.895109516315691 2.14055837845017 3.01447009893879 1.87256814345973
1 0.940750402506109 2.1655306972092 3.05295996871303 2.00823289823658
1 0.955533886225564 1.88878137768824 2.81037972807845 1.89855769620666
1 0.940706278827274 1.79595885868262 2.96098466931065 1.8350457422106
1 0.894658930744832 1.88874388876481 2.97915770173559 1.84271461474233
1 0.985635390920869 1.90330716570959 2.86323515267325 1.84323585446393
1 0.981582007272324 1.80710641218349 2.84494347075242 1.85417026953321
1 0.914853053947817 2.03744508726159 2.97263403646399 1.83411851562459
1 0.766287257093376 2.26095339233234 3.01102974024108 1.85909867554009
1 0.936243064940598 1.948961567913 2.9806835113436 1.83571019521211
1 0.969597094372225 2.01096419714712 3.01094473041396 1.85653642044669
1 0.8854026534598 2.02176716054095 2.84387424615156 1.84738224756563
1 0.991193552739375 1.80065334861128 2.98022609024519 1.83425443985163
1 0.894632074321328 2.14098893918474 3.02930890076819 2.08550855356586
1 0.812396638463428 2.34042980619211 2.99880480876416 1.84348892326377
1 0.848402840549886 2.20401925346562 2.99251198183342 1.83758970091808
1 0.906688262303532 2.27204183690159 3.06745799148302 1.98569786257746
1 0.968646441247633 2.16214743057297 3.05292758358909 2.05540877447776
1 0.831743835664359 2.27762432205625 3.06229738917975 1.92918198931296
1 0.734467438914849 2.26918761710915 2.94906565513633 1.81572174022354
1 0.846810554850343 2.19731926130464 3.04099731621577 1.87692152445433
1 0.932187102480093 1.89390272417804 2.80104619834475 1.87806893708806
1 0.923654155953626 2.00504073718267 3.01763586321501 1.84706202915887
1 0.856236799282504 2.23886019349853 3.05139763769353 1.88975987759145
1 0.874055750471442 2.14982401568966 2.98854229725869 1.82346349268049
1 0.846431088659271 2.18478748115119 2.95498352516366 1.80810123769012
1 0.857252448026175 2.14205340968921 3.06143722516548 1.89973562991869
1 0.909331359091972 2.2536404236313 3.06407919894194 2.05376523083655
1 0.940265694719136 1.99797991028775 2.8715797312166 1.81316776145818
1 0.836328162272338 2.13231181644025 2.91797149782474 1.80248739810085
1 0.921863589232089 1.92413691239432 2.84830848550377 1.82300434983567
1 0.769122699800012 2.16133504220798 2.90862239587603 1.79941184453351
1 0.949985600097338 1.86000849664281 2.97083276126998 1.80711452828152
1 0.967049485959789 1.86271804341824 2.84467824813455 2.1393947976698
1 0.904132955487073 1.98253705728288 2.88616426531691 1.80202196429745
1 0.966325188483518 2.02195232515142 2.94597911529843 1.79887564553341
1 0.876351004481723 2.21306743049876 3.06850847227709 1.89907469534648
1 0.936949773594316 2.15222046366045 2.99068239898522 2.14665901190317
1 0.861058077625639 2.07614878131668 2.9627647909141 1.80107255162328
1 0.975570014098946 1.96976143560037 2.98762662466913 1.81033643928599
1 0.769827451559698 2.20582924066828 2.9092807792548 1.79514833341472
1 0.902319289244122 2.01353360293049 2.81249997665712 1.83958011857763
1 0.761396003144563 2.28318675116258 2.96422738596082 1.79827210434813
1 0.660194659577409 2.46297675165524 2.97802363361462 1.8028673908029
1 0.878222544069203 2.09586250793701 3.0583693460776 1.87021725587286
1 0.814901648436067 2.30271133990048 3.08946679912279 1.95032315992172
1 0.955649246260668 2.14025993644801 3.03839173620196 2.11962113778918
1 0.947093286729717 1.86190772000154 2.7938114856853 1.85409151933902
1 0.850964635299834 2.29595801156584 3.07374020574237 1.89099569582152
1 0.899060808522681 2.01814701239455 3.08628500814822 1.9127555092119
1 0.956276960417376 1.8732148711589 2.9034642879569 1.78407847720858
1 0.851561157326032 2.12431952721631 3.0305830753042 1.82460718299488
1 0.885049664035386 2.12698052934904 3.07202777226727 1.87701500169116
1 0.677035129345272 2.24691657298121 2.96868440355703 1.78852163339217
1 0.846959379518332 2.12618958830295 3.0213295705378 1.81555745544711
1 0.905617797532455 2.03005635648384 2.86250936311626 1.78969227285573
1 0.770853928325469 2.28071636573258 3.10141701242386 1.99390717446677
1 0.945519367499592 1.9543715721085 2.95817075473512 1.78138053766357
1 0.977841156116288 1.77446791340273 2.91274459049591 1.77567224401829
1 0.71313471248543 2.3318532959503 3.00783229820467 1.79889048065523
1 0.919489576629912 2.05946897143717 3.10291154360371 1.94805977857423
1 0.960568611201407 1.92084345648908 2.91647879637363 1.77348600411476
1 0.890462244441427 2.22066419320242 3.10188743343344 1.92904931653082
0.124379389926433 0.904856215773052 2.15373593985288 3.1019108594104 2.03064346350677
0.0982487712808728 0.803551072723912 2.06796872537212 2.94228404363452 1.77223981426018
0.096242586300831 0.90770585917184 2.0297195332246 3.07894851583012 1.86759994427589
0.119427401976982 0.872252606798965 2.00128698874799 3.0246985982658 1.80517587878696
0.125444354848304 0.943576736317444 2.07834501962445 2.89258207700858 1.77253624570013
0.149974439658244 0.932661563772333 2.16345898683261 3.102960389335 1.92798326580434
0.124199265051398 0.89363132163761 2.11707322617298 2.9262961026898 2.18996342758893
0.106679376207313 0.797277447522736 2.17259291448488 2.90894626324513 1.76935109587107
0.175713335585571 0.830243503699164 2.1847327909695 2.9580733696248 1.7726519141644
0.109145940247648 0.886717523926594 2.22958708873994 3.10405861419158 2.0322596055317
0.101452081065047 0.84518353116563 2.16498227964445 2.87105680970174 1.77562156757037
0.097760452157181 0.808912081030182 2.20720389248537 3.06716195890126 1.84241644054025
0.0945869412847431 0.916581564604082 2.02005893964362 2.83838189935638 1.7882471766364
0.102413759484926 0.925478974017234 2.29605248012322 3.09124159461052 2.07678110761634
0.543696170803249 0.739367733699966 2.35555062706214 2.99051743796824 1.77979511131568
0.106418873128844 0.689837655603863 2.49716652053085 3.09780938488695 1.89480537079547
0.118853363194231 0.870885983168757 2.01815277878012 2.83247075303251 1.78968554983149
0.0662628448499912 0.844152057411785 2.17751254979029 2.9025849029081 1.76532166904832
0.0657937479200942 0.904327724664668 1.9967467088277 2.74759821546576 1.89206871142896
0.0714098417756966 0.98732777446343 2.06725497981763 3.01096278017541 2.17366615696637
0.0667416309153076 0.986845086157612 1.83677662469458 2.79598462396129 1.81199123402885
0.0637535055281697 0.734079528699119 2.40682171524482 3.06902055499401 1.83423420767437
0.0695457377931107 0.928876286373551 2.01697366842914 2.79698216218562 1.80805669526482
0.0981313279433114 0.904831025598202 2.16842087217699 3.11994214654596 1.98869811164959
0.085569045275453 0.784805529960466 2.32258416011291 3.02307205228352 1.78711876081266
0.0813084186400821 0.81523954360577 2.08969511999148 2.92137361839922 1.7560780608772
0.0769001238712755 0.934319692114368 1.91592527901948 2.8000257360807 1.80323983334034
0.072232797831353 0.816899906995331 2.26196030996274 3.08362957615477 1.84892803768781
0.0874243609951814 0.921762275599198 1.94402375687153 2.89619848218682 1.75714796294148
0.0758056997365765 0.925121875801396 1.96678311687075 3.01889867803218 1.78322225581081
0.0705396655653583 0.917494955335767 2.20263571304428 3.09383256431857 2.09600074823664
0.0852709252526712 0.681281345527971 2.36141929852244 3.04545628928854 1.8010902861957
0.0906839694104674 0.786464401398904 2.13017608696144 2.96698278091881 1.75844796761729
0.0524143503758908 0.912215733586453 1.94273879809413 3.01191346683496 1.77581088521033
0.0519474772694082 0.901014896678986 2.03773316896061 2.93944928883328 1.75287301295419
0.063209745593691 0.95366079742927 1.93373848163517 3.06793682654861 1.8208935754427
0.0266671775714565 0.773869700364747 2.42831524118805 3.12543418867935 1.96970851811207
0.0293517011440994 0.99511847449869 2.12996279295952 3.01207128521564 2.1856551632817
0.0257488291542424 0.911308229530037 2.34746527430595 3.0833678496866 2.12037714746815
0.035289203508793 0.939343667601546 1.87375306077806 2.75878780955704 1.84147128996282
0.0399044839618144 0.921342891111585 1.95538271600809 2.92081813664524 1.74911375108191
0.0256732059523194 0.962380115009896 1.94228620545436 2.82674971872067 1.77578077459604
0.0431125860853137 0.700655245366942 2.30503449177885 3.04227161796382 1.79166758839903
0.0292078350941902 0.827746251447973 2.15810985164411 3.00018258915878 1.76534750377301
0.0369986274847371 0.868825063187524 2.0633927364851 3.01631109064097 1.77193227470706
0.0269381550221877 0.741440137415969 2.1977459536484 2.96685795495198 1.75190821890803
0.0284778472059641 0.924055772049878 2.26707494767831 3.083970023904 2.12640006808662
0.0420603872143924 0.951355391261661 2.2184553958907 3.13059487288366 1.99005214896195
0.0714286971901931 0.995612482703055 1.81466283924228 2.84606324949013 1.76042934118646
0.0267825319898921 0.981963874023684 2.10574957488713 3.12718794614823 1.92919839001399
0.027613963330236 0.855306675360581 2.25271642971043 3.07342413954829 1.81360497906772
0.0261943319165105 0.785134693307485 2.08006446763538 2.8455995014459 1.75800780160377
0.0380620173127599 0.826631191385067 2.40044188635573 3.1264602377828 1.91819301583657
0.0334306659281268 0.978460475185656 2.01072939170263 3.13430525308893 1.97254762752168
0.0452175522949274 0.761722835838702 2.28494523255563 3.05573224746176 1.79331676201993
0.0317560390301885 0.861887735500785 2.18426978937545 2.94074424234345 1.74110201188356
0.0685433253376373 0.963026434934509 1.82109318670551 2.85262882835853 1.75320585980421
0.0277088755671449 0.8695711418734 2.03785253411736 2.99034021862904 1.75226147628112
0.0298171337667718 0.821625378229353 2.02084867575273 2.8924529826202 1.74197038154853
0.0369973678963329 0.76312528146222 2.32895645225799 3.09049536856466 1.83192758239618
0.0535591560174676 0.924529865106703 2.17209426011778 3.12891109762439 2.04413143640618
0.0301976242927986 0.744502260046298 2.36685053028691 3.06691830901449 1.7997797904317
0.0317995842022319 0.848571186921151 2.12689210679336 2.93181361457682 1.73695058094519
0.0369633331682163 0.780954384887766 2.28484678664168 3.1381371743142 1.96304676807246
0.0263677204216119 0.880233789015909 2.21767514073664 3.13870267171329 1.96395187565838
0.0352379245626781 0.781807333618183 2.13905129216681 2.89877772684702 1.73633130822996
0.031222094467611 0.782896528247931 2.23532463902424 3.0664594957927 1.7961656384861
0.0508856339088533 0.900824458075433 1.85596184420569 2.78613603827224 1.78847513704477
0.0361100676452205 0.907390963102207 2.31879015604948 3.11167389164196 1.85813381166891
0.0521406075852028 0.757596793169154 2.27717255454152 3.09022724732493 1.82235478524576
0.0439372548926045 0.871766107909692 2.29080848849864 3.13920348124148 1.94873557305646
0.0256894557663333 0.931004316257667 2.09899699738643 2.95519322276974 1.73585088201791
0.0327808729461181 0.796079579333162 2.3081261192688 3.13601727012795 1.92382371539118
0.0354299000734328 0.883085885136229 2.36684875552553 3.14048388272526 1.95184213232659
0.0340690354987138 0.991925882243252 1.77742307442505 2.8548891390558 1.74420569783231
0.0287951691591726 0.747195595440462 2.15619219911049 2.8819630257605 1.73635896673397
0.0439763683898454 0.925996209361846 1.84592588183511 2.7895803444734 1.78116325740363
0.0375823207256737 0.709419261453977 2.45016348512828 3.05367793571709 1.77831548649586
0.0294096852842754 0.958941707066381 1.80364073395698 2.83091249360075 1.75096579917187
0.0353060772943653 0.81793213364496 2.32158678552678 3.08881549099276 1.81139580775638
0.0257217629836323 0.874551459173464 2.23066448281788 3.1446851963776 1.95000464853145
0.0270247402136503 0.980216203970756 2.17396859323801 3.11574672973373 2.10868645824144
0.0270082889025272 0.944355031909382 2.12408981328008 3.14621236080179 2.00200036790865
0.026441649904266 0.778359873304773 2.27594390563476 2.98605914499938 1.73669897091809
0.0402564706758334 0.78947566782643 2.1377079037176 2.83500338216567 1.74583599939408
0.0264433014723243 0.773398094206916 2.26571613587214 3.05306316736314 1.77311604059032
0.0259345838086382 0.964986462215117 1.94310988184608 2.96901334565407 1.73116050275248
0.0274209188675605 0.751380731344548 2.33208883660306 3.04486077373554 1.76516523397315
0.0413186921927845 0.820930877262841 2.27412676862619 3.14419798791057 2.03430496133965
0.0380643637879408 0.801578437761955 2.35275863151949 3.14942928601826 2.00126681429876
0.0720701869769491 0.779890534650259 2.51540016445807 3.15011385369987 2.00183189616578
0.0472824627745265 0.95403613704871 1.83044331540134 2.81362451709507 1.75190555082706
0.0271524563212891 0.924124010534628 1.94170616282182 3.10352745912556 1.81987138112555
0.0274499572089136 0.99925227226115 2.05947273980617 3.13561740314463 2.07965445079176
0.0337282105147314 0.98666926780832 1.88868847417218 2.85799562592416 1.72918092791398
0.0775809690606544 0.850301915091737 2.26011343481917 3.14709327044472 1.91514847299343
0.030002562947946 0.930669603959181 1.8257288233041 2.78877784523529 1.76508485368975
0.0264002359283957 0.834639660150128 2.3089283639098 3.10133632098892 1.81160296665482
0.0265520357565543 0.902549443346452 1.91078039512867 2.78389357859161 1.76771403199456
0.0319347885663931 0.883867427419364 2.1151995717408 2.76935677697582 1.7807903220798
0.0311197460264417 0.877719939991655 2.27308287869481 3.14160036598247 2.07403207982246
0.0272417572654508 0.760425437174997 2.47896778884089 3.15028567908233 1.91357993271357
0.025610275749855 0.76057724080841 2.4141310384402 3.15353710834066 1.92988077257799
0.0259793468512922 0.825191424532225 1.91056762442571 2.73966010063607 1.81184740454324
0.0269782167579404 0.978634758781021 1.92828520531921 2.69303970704398 1.91209591610672
0.0313819681549331 0.925820821788317 1.78870141646553 2.75287422581153 1.79271171027359
0.0342251925493633 0.829777587954729 2.13827220555706 2.78904459299617 1.75855436202714
0.0327115185466733 0.859962204654261 2.25600312508412 3.10895305211255 1.81380285382488
0.0257833637562124 0.84438776114641 2.08999948031327 2.79756260416839 1.75155336003922
0.0259793545038115 0.773570593362465 2.19677697857591 3.09118965404254 1.78967864434437
0.0297170735468169 0.961236147987889 1.87297970610072 3.0139229932478 1.73068127561651
0.0410862202572181 0.882109712573134 1.97361529557511 2.82998488978268 1.73036607138982
0.0331316705911541 0.765770482770805 2.43671546062279 3.06979485175383 1.76571855425515
0.0276813294089261 0.970386601442314 1.9214782848498 2.9654350056595 1.71193236563673
0.0309261840355453 0.850875201583168 2.06830297399289 2.8269783749028 1.72947501938215
0.0265340272957134 0.981876083857041 1.87804240014493 2.73659430754512 1.80517079085472
0.043043156912482 0.730575342453032 2.41063019563207 3.16410015702783 1.96950420593292
0.0485885455380407 0.844404970850948 2.33519647121581 3.14387023476632 1.86961176619095
0.0337577021210873 0.93194420907565 2.1556288739815 3.16023563479383 2.03254509927846
0.0355997572225904 0.777795068291394 2.38281836536655 3.14540156269867 1.87242431776071
0.0313455874054454 0.938883034569042 1.93402871240768 2.99326914796298 1.71775084633193
0.035371653654151 0.656302342398787 2.54544654870184 3.08066791298363 1.76937273141347
0.0289165176742727 0.832371668815864 2.18690288921491 3.05553991675107 1.74603503362412
0.0256120060826356 0.957888252045959 1.71890027059669 2.7848617074557 1.74854743303198
0.0326907398608389 0.869912112797542 2.29533498714327 3.15719592295029 2.06626826130234
0.0302729791006182 0.985617424872021 1.68206498760772 2.87725408798787 1.70523327906264
0.0319791294651095 0.884529870190004 1.94050309616256 2.81960854698068 1.72561509324939
0.0310953050662312 0.780928045873749 2.11945955504325 2.99900661343271 1.71370189274296
0.0381476157669478 0.940726602188433 2.21084515984467 3.10501775311849 2.16943516184466
0.0292639870136885 0.814867913676212 1.9872537726252 2.80504813032166 1.73296717401987
0.0280179962569755 0.811148345156999 2.0888161852052 2.86310929648592 1.70761455786574
0.0332645542915387 0.990024087392847 2.06280850680807 3.16271862216198 2.05135730968668
0.0323528498593857 0.736811254581466 2.39717479198078 3.09611606273722 1.77923957870769
0.03912377542403 0.940490921566978 1.86327858070359 2.77017331767733 1.75790568660813
0.0458621735816802 0.939492846040433 1.923751268128 2.91530302146029 1.69938147773224
0.0320107016197879 0.793783873673654 2.01115082140583 2.70779923567751 1.83646627860226
0.0346754301804839 0.768409658094566 2.37910394949108 3.17208683191933 1.95768118630419
0.0587718905572841 0.752412472182222 2.38876922474538 3.12779900854961 1.81754075948387
0.0282285281456299 0.999033261668174 2.06430783873147 3.05268199956339 2.22375670241092
0.0296638806285485 0.763499609567532 2.18998183396478 2.8151391603162 1.72116811250136
0.0270841356876492 0.948495722633726 1.72639175784963 2.8074253175055 1.72389635213129
0.0288073209126135 0.890316164196661 2.05279019305922 3.04526634575179 1.72773945935549
0.0301264019235857 0.67902537188532 2.31457589532363 2.82641859237818 1.71283719617162
0.0259587128411078 0.869601202488728 1.98738420994514 2.84071441434518 1.70669099998164
0.0329646699142244 0.867732000395687 2.29591593860513 3.17282374018555 2.04748202770038
0.0393487777194175 0.822011713478627 2.40073130631064 3.13777579817453 2.14235574497566
0.0290260809269927 0.80709308856051 2.24032242789385 3.01097853589857 1.70504207480824
0.0292674849734156 0.916508753099783 2.12804455863935 3.14246994452713 1.8240563473699
0.0298670319049419 0.979212687489935 2.11084840142223 3.17176027162712 2.06258683276853
0.0350783246901383 0.752995806990609 2.15365936227815 2.86066302350133 1.69432698807971
0.0341701382535211 0.782436847122804 2.4483849450527 3.17187685754241 1.89348973525212
0.0319330029564447 0.836981285077753 2.11170151037436 3.06282276142903 1.73160935064354
0.0340774602494652 0.766983789663776 2.52877015311241 3.18179931722956 1.94546450237893
0.026809633914704 0.906859343468712 1.99940873597149 2.86169025295653 1.69259683673228
0.0479407042770372 0.786084917908728 2.53331712731253 3.169656088908 2.07768104612463
0.0350147073470218 0.956002955403113 2.40987242009473 3.16200679185382 2.10101106428004
0.028496313655628 0.881952770041292 1.93598618557508 2.82538091604385 1.70432737391814
0.0325718884755076 0.955283508362481 1.75862101736944 2.66269061695984 1.92850002313533
0.0320824444408261 0.983010936263351 1.75941955825306 2.68483740613038 1.84846353855627
0.0326860644838501 0.848311270705658 2.36989624951965 3.18116463087642 2.04682856152404
0.0403293640014364 0.741501560611402 2.12970403951343 2.98470509772654 1.6884655893368
