1 0.909768202602516 2.18421257189161 2.92242029086279 1.98497692828509
1 0.956719472844565 1.92446939709135 2.92565242806634 1.99072076295653
1 0.978899552052154 1.99037311171183 2.93882794387209 1.99093748356237
1 0.859782883259769 2.09379594235295 2.91596309476662 1.95593746790941
1 0.87666614815106 2.12226753886722 2.90745950256946 1.96064489367775
1 0.904669708330873 2.13358105489839 2.90938823487937 1.95748629812871
1 0.928395299704117 2.08992898964915 2.91166403639755 1.95535586012122
1 0.895924622267799 2.05408427164635 2.9466700729152 1.96808899114051
1 0.933542844869969 1.92610136969285 2.92685833955508 1.94872158194233
1 0.876587971607455 2.11291911305435 2.89494024540454 1.9896206767611
1 0.879952762871385 2.16600824752744 2.89321172118558 1.98030477335511
1 0.958365406634776 2.09930720344824 2.93897139023755 2.00845424745208
1 0.994283471624368 2.0551315750329 2.93562361917678 2.01641174654068
1 0.899514059119965 2.03919697239478 2.9515760260194 1.95757231723252
1 0.958926970820434 1.90612149117447 2.9278700040561 1.93946655886729
1 0.986778502132227 1.91346244922255 2.90302133082879 1.94483049242461
1 0.989965458866985 1.9388756264719 2.93731672001153 1.94206593310622
1 0.939893230901674 1.95884706595849 2.93108177504945 2.02187902130086
1 0.830658398271547 2.04987897662586 2.95989264538684 1.95882100490969
1 0.941226060124726 2.06484992762888 2.92788803138734 2.02709445002383
1 0.942813568055724 2.18653941157022 2.92518443585029 2.02920259343562
1 0.997717525019301 1.90909896099859 2.88256757506415 1.95745534107456
1 0.910557952847606 2.0898822918966 2.91364030325568 2.02966007379883
1 0.883005866604506 2.09923293765072 2.93611953969448 1.93118202016469
1 0.921191032558859 2.07873325654596 2.88635928375006 1.94792900294215
1 0.921928735838358 1.97899972679709 2.96816450642481 1.98668734773522
1 0.969165037703668 1.93924530807784 2.91457208180044 1.92836702180257
1 0.92164036898403 2.15623964851334 2.90420180743581 1.93150693716596
1 0.953642521065996 2.02570697169022 2.9565796163545 2.01895161303279
1 0.858410114746116 2.09883791676492 2.93274102198321 1.92360940017827
1 0.978866352311931 2.02653016025602 2.97008627417437 1.99962819265466
1 0.997312975895797 1.9432503666526 2.8913145207147 2.02527027486172
1 0.838546806376544 2.19572881450595 2.96540978703477 1.94884773638918
1 0.887050329455884 2.09796568052803 2.95580876979317 2.02738133552943
1 0.812960240119646 2.22895847810321 2.91771948398407 1.91883650067903
1 0.980845781389223 2.00108403086654 2.97138870193462 2.00999934767243
1 0.928767475782929 1.95612003735608 2.90900154992862 1.91559773918925
1 0.80340918945195 2.26625195693554 2.9576682096734 1.92484024429274
1 0.9252576779178 2.02545876949676 2.96873317271322 2.02413433439672
1 0.82306229572897 2.40473447457114 2.98209842451624 1.96407168508043
1 0.895483466634182 2.17970501935938 2.88258739558514 1.92481491264405
1 0.857472060750983 2.19201878743041 2.92075939835441 1.90847600177817
1 0.884804330733457 2.08556296061385 2.86167955576907 1.95857830327616
1 0.939284239309568 2.11620722319188 2.86132025887367 1.94296493546193
1 0.969067324579156 1.83843715007423 2.90506179743361 1.9029462315925
1 0.946696545138659 2.08936998466359 2.86533691067505 1.92743283614933
1 0.94922187878716 2.00832731141504 2.99435695516306 2.00217223313815
1 0.884636777380967 2.11543152205909 2.87300707935966 1.91580070249067
1 0.963551623043658 1.96101928739301 2.91284759121087 1.89473742695028
1 0.984889289264726 1.91891352462901 2.87394939621692 2.04831175371112
1 0.973245824249928 1.90514738549062 2.98203831000233 2.03653995879164
1 0.94907372252729 2.01395655458294 2.98553188500997 1.92285031428709
1 0.912541787914801 2.00197725902213 2.98577983629078 1.92001497964099
1 0.863481628621966 2.13933338086808 2.87759160121918 1.90079416945597
1 0.894102709683267 2.26325056980153 3.00621634729671 1.98559311952641
1 0.85257829543773 2.16186590680984 3.00256637249153 1.94532411898326
1 0.826676928589643 2.16077541209999 2.91809280396746 1.88280997515946
1 0.948674531198233 2.12443471258917 2.98796464665925 2.04278111475025
1 0.948002720978543 1.93545952416036 2.85734622295414 1.91441353406122
1 0.977423420624736 1.83027272705803 2.86305795401295 1.90654887846896
1 0.870584046256763 2.00039327804516 2.92596764774227 1.8790305404167
1 0.847127031156119 2.17164939605524 2.91644466351082 1.87909972449188
1 0.858703074705867 2.13721687852316 2.83807215045382 1.94480517553708
1 0.84456855012879 2.07423882673709 2.85115623997282 1.91600949260906
1 0.917392533782901 2.04267733301991 2.99259903551313 1.91444947214433
1 0.797609855997341 2.46482504236892 2.97109700639703 1.89249380230758
1 0.851676943809722 2.19839669404341 2.92820758501396 1.87682307181987
1 0.869644276593708 2.24888876861516 2.92067271323448 2.08472893075831
1 0.851279864286789 2.11311079467339 2.9527230261643 1.88010101616448
1 0.808257164367892 2.26501733545082 2.96458707786678 1.88395511404749
1 0.962546318169107 2.10185195856214 2.98688949424764 1.90060979598723
1 0.973296442640291 1.85446059826164 2.94496334318476 1.87429748064968
1 0.845947432768842 2.09545049994779 2.82571716850858 1.9720623138859
1 0.911570988037134 2.17380874817602 3.01989965355064 1.97870353238319
1 0.86594947400762 2.23159849196549 3.00992466706947 2.02994895886564
1 0.906041302168009 2.12063983442185 2.89264634654796 2.08640104006249
1 0.941961528190385 2.15062413353314 2.98910653111148 2.06264804769365
1 0.891023199975843 2.05741377525035 2.89352446577594 2.09141491264597
1 0.87573012958638 2.16190180766885 2.99406039441946 1.89449578055985
1 0.927630536170892 2.07806264676508 3.01498203671908 1.9232019179149
1 0.920667918868522 2.19621948432946 2.91727672542824 2.09895935776988
1 0.953879206895103 2.02924221750279 3.01317749934872 2.04665259494343
1 0.923105059531602 2.02848799544186 2.95924537880951 1.86377526895926
1 0.770040063817221 2.36914829401213 3.0158787671223 1.9134708447453
1 0.951561184557627 2.16398411667077 3.02901056274058 2.01759617820621
1 0.84208614315929 2.11573571767339 2.90666529900528 1.85261819166925
1 0.751027711638815 2.47982552297944 3.03119415417838 1.94146585369916
1 0.959328727703118 2.08786375418804 3.03005039545219 2.02267927930307
1 0.884257656325857 2.11924506485008 3.01878996422467 1.91044193086991
1 0.947775744093739 2.00359342855154 2.97992780409343 1.86755008121362
1 0.932808312659416 2.10198265644796 3.03040852981998 2.02485862473397
1 0.902205255361798 2.16367051777903 3.02098041934776 2.04841790697805
1 0.892501418397211 1.97428987261556 2.89260230276127 1.8525418338509
1 0.897361543658853 2.07303061137132 3.00902790308863 1.89078387498729
1 0.804062622450227 2.26515088279333 2.93409760845736 1.84720293006987
1 0.902254934232535 2.04936592417003 3.0080595982113 1.88748520367158
1 0.954426086195746 1.98598818305783 2.95158784771591 2.11098206984522
1 0.87352098354762 2.10186881498893 2.96749549288788 1.85309498624851
1 0.765282620257304 2.27706895709622 2.81363572017128 1.9194622818464
1 0.857566523529709 2.18289331997502 2.88967008801334 1.8474188888135
1 0.970683645022659 1.90493204836646 2.88284248796534 1.84953407487659
1 0.83396531657079 2.04008464030444 2.92813893354446 1.84150215964654
1 0.773185479646286 2.31552065233677 3.04390064594854 1.95664994844691
1 0.964097740268219 1.88461757696978 2.90694285203105 1.84127505002019
1 0.905120798830167 2.11160851890007 3.03826093389484 1.92963557299426
1 0.940622857246522 2.04712342374208 2.81167687999594 1.91501339667018
1 0.951984677670008 1.88596496262336 2.87357690133498 1.84985339163395
1 0.875641020647701 2.25408929326729 3.04448372616116 2.01150642578262
1 0.928416731361714 2.02230499035744 3.00286378766848 1.87136786388412
1 0.84637100257341 2.21884496698696 2.98442962907745 1.85675138616989
1 0.847926589195523 2.16945311050944 3.02048822489214 1.89073647783392
1 0.992058977547838 1.83730657497943 2.85661340371274 1.85844266817197
1 0.865242983165822 1.97761456842742 2.93926134879238 1.83800909340094
1 0.943561907599653 2.06830303892599 3.04956215901929 1.98172679829673
1 0.952844030247392 1.99978788299124 3.02282096012914 2.06887383115805
1 0.953184574506385 2.0109075981383 2.93756061970784 1.83661308910638
1 0.944618250504971 2.04758784972223 2.91384261598304 1.83587478660929
1 0.931749857741303 2.09235630288087 3.0454437140447 1.93905800951512
1 0.999609219440827 2.02942460193304 3.0521943911341 1.97779423405744
1 0.87280801994853 2.18423560061383 3.00478085468828 1.86588418997742
1 0.991647443395148 1.88093074711246 2.80165637586516 2.04000381292436
1 0.884368203643326 2.01949878548696 2.87672135314536 1.84006136238866
1 0.919952564229383 2.09925300932527 3.03980446273713 1.91173105176007
1 0.855942731222603 1.95555419135295 2.87080055045102 1.84250273447532
1 0.967847196521542 1.96929575593814 2.82553733047031 1.87797341813057
1 0.895109516315691 2.14055837845017 3.01447009893879 1.87256814345973
1 0.905780516112062 2.08301952981759 3.04234189365754 1.91604061321022
1 0.940750402506109 2.1655306972092 3.05295996871303 2.00823289823658
1 0.955533886225564 1.88878137768824 2.81037972807845 1.89855769620666
1 0.87610308227922 1.99399533851052 2.78879442011026 1.98868860584253
1 0.788653382938106 2.49365729413829 3.05598813831162 1.9912143947421
1 0.940706278827274 1.79595885868262 2.96098466931065 1.8350457422106
1 0.894658930744832 1.88874388876481 2.97915770173559 1.84271461474233
1 0.985635390920869 1.90330716570959 2.86323515267325 1.84323585446393
1 0.981582007272324 1.80710641218349 2.84494347075242 1.85417026953321
1 0.89717851138692 2.03811958092351 2.81615562800974 1.88348714654754
1 0.863756559543634 2.326812053665 3.05672390109039 1.95163464182077
1 0.883901381310555 2.16884403434146 3.02974441312916 1.88163283816755
1 0.914853053947817 2.03744508726159 2.97263403646399 1.83411851562459
0.124379389926433 0.892295969440769 2.04352731618661 2.94714477516214 1.82593561930611
0.0982487712808728 0.849813457300976 2.30528135407775 3.0405316771361 1.897552003928
0.096242586300831 0.766287257093376 2.26095339233234 3.01102974024108 1.85909867554009
0.119427401976982 0.936243064940598 1.948961567913 2.9806835113436 1.83571019521211
0.125444354848304 0.969597094372225 2.01096419714712 3.01094473041396 1.85653642044669
0.149974439658244 0.8854026534598 2.02176716054095 2.84387424615156 1.84738224756563
0.124199265051398 0.991193552739375 1.80065334861128 2.98022609024519 1.83425443985163
0.106679376207313 0.894632074321328 2.14098893918474 3.02930890076819 2.08550855356586
0.175713335585571 0.987176893093974 1.83465310879699 2.8516094670495 1.84020137609606
0.109145940247648 0.812396638463428 2.34042980619211 2.99880480876416 1.84348892326377
0.101452081065047 0.882084496119285 2.04452819815746 2.94253945842684 1.82010275132969
0.097760452157181 0.848402840549886 2.20401925346562 2.99251198183342 1.83758970091808
0.0945869412847431 0.968600917014253 2.04029276750917 3.03877879183822 2.07677867922659
0.102413759484926 0.906688262303532 2.27204183690159 3.06745799148302 1.98569786257746
0.543696170803249 0.968646441247633 2.16214743057297 3.05292758358909 2.05540877447776
0.106418873128844 0.831743835664359 2.27762432205625 3.06229738917975 1.92918198931296
0.118853363194231 0.902296527092558 2.01221390315152 2.88262256959214 1.81995673263058
0.0662628448499912 0.951003095994121 2.09989531854787 2.85398548392852 1.83271393928428
0.0657937479200942 0.734467438914849 2.26918761710915 2.94906565513633 1.81572174022354
0.0714098417756966 0.866670981273114 2.18644504829756 2.99145742116846 1.83194594638361
0.0667416309153076 0.846810554850343 2.19731926130464 3.04099731621577 1.87692152445433
0.0637535055281697 0.932187102480093 1.89390272417804 2.80104619834475 1.87806893708806
0.0695457377931107 0.923654155953626 2.00504073718267 3.01763586321501 1.84706202915887
0.0981313279433114 0.856236799282504 2.23886019349853 3.05139763769353 1.88975987759145
0.085569045275453 0.755454313332624 2.39714860953253 2.92048728775941 1.80819165145774
0.0813084186400821 0.913630872218454 1.8510018522079 2.84609016316974 1.82985032004637
0.0769001238712755 0.874055750471442 2.14982401568966 2.98854229725869 1.82346349268049
0.072232797831353 0.886959025046708 2.33549668881226 3.07491988991494 1.95678144525722
0.0874243609951814 0.963721604831367 2.15978784402053 3.06219161191336 2.05253211950233
0.0758056997365765 0.899473233872234 2.25636570664341 3.04730201082523 2.08373703148632
0.0705396655653583 0.846431088659271 2.18478748115119 2.95498352516366 1.80810123769012
0.0852709252526712 0.857252448026175 2.14205340968921 3.06143722516548 1.89973562991869
0.0906839694104674 0.909331359091972 2.2536404236313 3.06407919894194 2.05376523083655
0.0524143503758908 0.940265694719136 1.99797991028775 2.8715797312166 1.81316776145818
0.0519474772694082 0.836328162272338 2.13231181644025 2.91797149782474 1.80248739810085
0.063209745593691 0.921863589232089 1.92413691239432 2.84830848550377 1.82300434983567
0.0266671775714565 0.946301340565981 2.05131739851527 3.08011391359787 1.98602307047377
0.0293517011440994 0.976767784054688 1.74156223531567 2.83407703152118 1.82903280632891
0.0257488291542424 0.769122699800012 2.16133504220798 2.90862239587603 1.79941184453351
0.035289203508793 0.949985600097338 1.86000849664281 2.97083276126998 1.80711452828152
0.0399044839618144 0.928967307259186 1.92668706452184 2.87524152909265 1.80629953781632
0.0256732059523194 0.967049485959789 1.86271804341824 2.84467824813455 2.1393947976698
0.0189120705790528 0.938299264217597 2.09793433655513 3.07984904033548 1.93886508195456
0.0189503371635059 0.904132955487073 1.98253705728288 2.88616426531691 1.80202196429745
0.0350900080818663 0.966325188483518 2.02195232515142 2.94597911529843 1.79887564553341
0.0300107517656366 0.780817909855416 2.17326211905173 2.88322686110945 1.80211681658993
0.0253463402676653 0.876351004481723 2.21306743049876 3.06850847227709 1.89907469534648
0.0239891784409497 0.936949773594316 2.15222046366045 2.99068239898522 2.14665901190317
0.0430361337369775 0.799406019918186 2.21183910303539 2.96582907070447 1.80217340337457
0.0211429699105518 0.861058077625639 2.07614878131668 2.9627647909141 1.80107255162328
0.0459499490816285 0.975570014098946 1.96976143560037 2.98762662466913 1.81033643928599
0.0187656184795498 0.978695539189278 1.89470568892231 2.75911248638896 1.9634134366906
0.0369144142599022 0.771846850619573 2.44475819801466 3.08634356589027 1.98320878945533
0.0186128150470051 0.80616129082946 2.17781106201718 2.89931266494071 1.79651168286174
0.0174698049959474 0.769827451559698 2.20582924066828 2.9092807792548 1.79514833341472
0.0262484341711713 0.99979370978659 2.04343500681363 3.00942250170768 2.13692989395844
0.0208331242495225 0.860023745450153 2.29336256660327 2.96547497813848 2.15864437822946
0.0494687308051582 0.902319289244122 2.01353360293049 2.81249997665712 1.83958011857763
0.0173031101972035 0.761396003144563 2.28318675116258 2.96422738596082 1.79827210434813
0.0363838562139072 0.660194659577409 2.46297675165524 2.97802363361462 1.8028673908029
0.0215567546139604 0.914633458899762 2.02509311061487 2.95901543900044 1.79660532474043
0.0245765152940217 0.878222544069203 2.09586250793701 3.0583693460776 1.87021725587286
0.0222248076263457 0.966744278336683 1.82142149867578 2.84817076198078 1.80982619529837
0.0206251383210099 0.959450527982406 2.02683704012364 3.05778867781048 1.86694087576271
0.0220146618648635 0.815764725203423 2.21305559252736 3.0587305842619 1.86813953546678
0.0172378294976877 0.814901648436067 2.30271133990048 3.08946679912279 1.95032315992172
0.0282377180440236 0.935923988750666 2.14864379082683 3.08460776760933 1.92524558041748
0.0230748981599728 0.955649246260668 2.14025993644801 3.03839173620196 2.11962113778918
0.0189661392701387 0.947093286729717 1.86190772000154 2.7938114856853 1.85409151933902
0.0199568199055986 0.850964635299834 2.29595801156584 3.07374020574237 1.89099569582152
0.0186291043046187 0.969597261628673 1.80496890374021 2.82475134173628 1.82137769304621
0.0188740306637551 0.827515539155493 2.2551806162272 3.01665446646583 1.81712378286414
0.0222809155499259 0.950304337676897 1.93648961341821 2.78792034421224 1.85530115586129
0.0223085261038308 0.899060808522681 2.01814701239455 3.08628500814822 1.9127555092119
0.0190036199935241 0.956276960417376 1.8732148711589 2.9034642879569 1.78407847720858
0.0180580742068522 0.90172748261292 2.22540625765409 2.89260286974248 2.17427163724262
0.0180799495460484 0.851561157326032 2.12431952721631 3.0305830753042 1.82460718299488
0.025987562318297 0.885049664035386 2.12698052934904 3.07202777226727 1.87701500169116
0.0240598592257432 0.677035129345272 2.24691657298121 2.96868440355703 1.78852163339217
0.0200794182492834 0.846959379518332 2.12618958830295 3.0213295705378 1.81555745544711
0.0180494245229966 0.893755215993907 2.00602175191833 2.80357244239894 1.83182738667732
0.0200727931371894 0.905617797532455 2.03005635648384 2.86250936311626 1.78969227285573
0.0203655812816382 0.770853928325469 2.28071636573258 3.10141701242386 1.99390717446677
0.0225339152977357 0.945519367499592 1.9543715721085 2.95817075473512 1.78138053766357
0.0175648386696674 0.939575458516507 2.09239852395075 3.07997639820306 2.07920726679989
0.024106181600877 0.977841156116288 1.77446791340273 2.91274459049591 1.77567224401829
0.0280897857740107 0.71313471248543 2.3318532959503 3.00783229820467 1.79889048065523
0.019070189309263 0.822364770870909 2.13044047421129 2.91253940802737 1.77507839513484
0.0327883529460721 0.919489576629912 2.05946897143717 3.10291154360371 1.94805977857423
0.0337526711945388 0.960568611201407 1.92084345648908 2.91647879637363 1.77348600411476
0.0428338994390849 0.858430878136883 2.21479265846482 3.10664052270463 1.98723994276445
0.018321166582848 0.918014679325327 1.96742308668529 2.90973447643673 1.7716815723799
0.0261040708991345 0.890462244441427 2.22066419320242 3.10188743343344 1.92904931653082
0.0377242178582633 0.884691820880211 2.21350583995897 3.1012967107477 1.92627849191207
0.0252860357447912 0.904856215773052 2.15373593985288 3.1019108594104 2.03064346350677
0.0169251456892991 0.803551072723912 2.06796872537212 2.94228404363452 1.77223981426018
0.0177333128991825 0.904024874826196 2.23869513498213 3.03557922614749 1.81458275102174
0.0191221474562399 0.90770585917184 2.0297195332246 3.07894851583012 1.86759994427589
0.0292705635057068 0.872252606798965 2.00128698874799 3.0246985982658 1.80517587878696
0.0171725403085621 0.943576736317444 2.07834501962445 2.89258207700858 1.77253624570013
0.0193442729187043 0.932661563772333 2.16345898683261 3.102960389335 1.92798326580434
0.0203873202760365 0.89363132163761 2.11707322617298 2.9262961026898 2.18996342758893
0.0192527297089464 0.797277447522736 2.17259291448488 2.90894626324513 1.76935109587107
0.0452321563312233 0.830243503699164 2.1847327909695 2.9580733696248 1.7726519141644
0.0584059517460655 0.886717523926594 2.22958708873994 3.10405861419158 2.0322596055317
0.0341109360363292 0.887677446464058 2.22163071461827 3.11034407590564 1.9787274610204
0.0539711728097582 0.84518353116563 2.16498227964445 2.87105680970174 1.77562156757037
0.0708093674265387 0.808912081030182 2.20720389248537 3.06716195890126 1.84241644054025
0.0360471482345836 0.916581564604082 2.02005893964362 2.83838189935638 1.7882471766364
0.01720748538821 0.925478974017234 2.29605248012322 3.09124159461052 2.07678110761634
0.0189811805024269 0.865408640991772 2.28420481348234 3.10669710583911 2.03137371518804
0.0336126462546165 0.739367733699966 2.35555062706214 2.99051743796824 1.77979511131568
0.0202323505769418 0.689837655603863 2.49716652053085 3.09780938488695 1.89480537079547
0.0225832880610538 0.870885983168757 2.01815277878012 2.83247075303251 1.78968554983149
0.019365202696611 0.844152057411785 2.17751254979029 2.9025849029081 1.76532166904832
0.024330011100756 0.72477434685135 2.32742126300396 2.99804091226778 1.7817416098985
0.0181534790323636 0.904327724664668 1.9967467088277 2.74759821546576 1.89206871142896
0.0180177384436878 0.847023464008628 1.9563615948802 2.77196192901921 1.84424513584585
0.0178811461606859 0.909519865063531 2.25488708913194 3.02002031389814 2.16695289547202
0.0238016044800004 0.984960561410096 1.7798892329677 2.88837418528756 1.76578675607237
0.0259905848865613 0.827011977380933 2.13161331612597 2.9651555122355 1.76718286529577
0.0683678945243429 0.98732777446343 2.06725497981763 3.01096278017541 2.17366615696637
0.0488129599983393 0.795221278456114 2.23601060061473 3.10100565408374 1.89387180951886
0.0519693961709349 0.90451722465683 2.02314879917567 2.738248738763 1.90929979925463
0.0223149008495393 0.986845086157612 1.83677662469458 2.79598462396129 1.81199123402885
0.0180814459776263 0.734079528699119 2.40682171524482 3.06902055499401 1.83423420767437
0.0175630976377374 0.832231780956889 1.98916827822019 2.96212018068349 1.76322446641733
0.0185178938977031 0.713137757260648 2.33799444015538 2.99925912850195 1.77541693261751
0.0321210107562253 0.913502366183081 1.99593262356445 3.06799581721427 1.82994919165201
0.0247144369319658 0.928876286373551 2.01697366842914 2.79698216218562 1.80805669526482
0.0243611071193856 0.904831025598202 2.16842087217699 3.11994214654596 1.98869811164959
0.0237203214067734 0.784805529960466 2.32258416011291 3.02307205228352 1.78711876081266
0.0230571951630912 0.81523954360577 2.08969511999148 2.92137361839922 1.7560780608772
0.0190600206438914 0.934319692114368 1.91592527901948 2.8000257360807 1.80323983334034
0.0443017156975238 0.816899906995331 2.26196030996274 3.08362957615477 1.84892803768781
0.0339293888523261 0.921762275599198 1.94402375687153 2.89619848218682 1.75714796294148
0.0209895686978239 0.925121875801396 1.96678311687075 3.01889867803218 1.78322225581081
0.0204881148868885 0.831982767851298 2.12556720699933 2.9427411741892 1.75589073191053
0.0209677221930558 0.912312355251845 2.28792918794539 3.12081185003703 2.00516714171234
0.0175714123779468 0.917494955335767 2.20263571304428 3.09383256431857 2.09600074823664
0.0483810738739724 0.875418465223683 2.12616866436344 2.88972983959773 1.75706092077282
0.0179188697843201 0.871119705358708 2.18366427999223 3.01573283307404 1.77977139142914
0.029613914968945 0.681281345527971 2.36141929852244 3.04545628928854 1.8010902861957
0.0200428997964978 0.786464401398904 2.13017608696144 2.96698278091881 1.75844796761729
0.0171439831393892 0.812328132836042 2.39371874578419 3.1143057804554 1.90985785351451
0.0187606493761429 0.957506583825264 1.73894065100896 2.76174713962113 1.84189295187082
0.0263660073334498 0.912215733586453 1.94273879809413 3.01191346683496 1.77581088521033
0.0320400128499416 0.901014896678986 2.03773316896061 2.93944928883328 1.75287301295419
0.0227486392705856 0.749777095636629 2.39110094128062 3.04865152008414 1.80186767122418
0.0323018331921807 0.875557239444425 2.00831470566577 2.99886497792555 1.76840470526445
0.0192215339746802 0.95366079742927 1.93373848163517 3.06793682654861 1.8208935754427
0.0264141272620943 0.773869700364747 2.42831524118805 3.12543418867935 1.96970851811207
0.0380980248746495 0.99511847449869 2.12996279295952 3.01207128521564 2.1856551632817
0.0188638029173065 0.911308229530037 2.34746527430595 3.0833678496866 2.12037714746815
0.0207718421737859 0.868312028626516 2.15909640031117 3.09289895246594 1.8537706871259
0.0187467622789659 0.939343667601546 1.87375306077806 2.75878780955704 1.84147128996282
0.0246415665560397 0.921342891111585 1.95538271600809 2.92081813664524 1.74911375108191
0.0288378953394631 0.962380115009896 1.94228620545436 2.82674971872067 1.77578077459604
0.0212464735940586 0.910616092689046 2.09326456096886 3.09117824487043 1.84909365224319
0.0201795406996324 0.88975859106403 2.07389037706949 2.93781179847652 1.74930313876616
0.0219313611694251 0.840427748419695 2.09662628245544 2.80353435798597 1.79135679783096
