1 0.978899552052154 1.99037311171183 2.93882794387209 1.99093748356237
1 0.895924622267799 2.05408427164635 2.9466700729152 1.96808899114051
1 0.933542844869969 1.92610136969285 2.92685833955508 1.94872158194233
1 0.876587971607455 2.11291911305435 2.89494024540454 1.9896206767611
1 0.986778502132227 1.91346244922255 2.90302133082879 1.94483049242461
1 0.989965458866985 1.9388756264719 2.93731672001153 1.94206593310622
1 0.830658398271547 2.04987897662586 2.95989264538684 1.95882100490969
1 0.942813568055724 2.18653941157022 2.92518443585029 2.02920259343562
1 0.997717525019301 1.90909896099859 2.88256757506415 1.95745534107456
1 0.883005866604506 2.09923293765072 2.93611953969448 1.93118202016469
1 0.921191032558859 2.07873325654596 2.88635928375006 1.94792900294215
1 0.969165037703668 1.93924530807784 2.91457208180044 1.92836702180257
1 0.80340918945195 2.26625195693554 2.9576682096734 1.92484024429274
1 0.9252576779178 2.02545876949676 2.96873317271322 2.02413433439672
1 0.895483466634182 2.17970501935938 2.88258739558514 1.92481491264405
1 0.884804330733457 2.08556296061385 2.86167955576907 1.95857830327616
1 0.939284239309568 2.11620722319188 2.86132025887367 1.94296493546193
1 0.984889289264726 1.91891352462901 2.87394939621692 2.04831175371112
1 0.85257829543773 2.16186590680984 3.00256637249153 1.94532411898326
1 0.84456855012879 2.07423882673709 2.85115623997282 1.91600949260906
1 0.851676943809722 2.19839669404341 2.92820758501396 1.87682307181987
1 0.891023199975843 2.05741377525035 2.89352446577594 2.09141491264597
1 0.927630536170892 2.07806264676508 3.01498203671908 1.9232019179149
1 0.923105059531602 2.02848799544186 2.95924537880951 1.86377526895926
1 0.770040063817221 2.36914829401213 3.0158787671223 1.9134708447453
1 0.751027711638815 2.47982552297944 3.03119415417838 1.94146585369916
1 0.959328727703118 2.08786375418804 3.03005039545219 2.02267927930307
1 0.932808312659416 2.10198265644796 3.03040852981998 2.02485862473397
1 0.892501418397211 1.97428987261556 2.89260230276127 1.8525418338509
1 0.804062622450227 2.26515088279333 2.93409760845736 1.84720293006987
1 0.87352098354762 2.10186881498893 2.96749549288788 1.85309498624851
1 0.765282620257304 2.27706895709622 2.81363572017128 1.9194622818464
1 0.857566523529709 2.18289331997502 2.88967008801334 1.8474188888135
1 0.905120798830167 2.11160851890007 3.03826093389484 1.92963557299426
1 0.940622857246522 2.04712342374208 2.81167687999594 1.91501339667018
1 0.928416731361714 2.02230499035744 3.00286378766848 1.87136786388412
1 0.992058977547838 1.83730657497943 2.85661340371274 1.85844266817197
1 0.999609219440827 2.02942460193304 3.0521943911341 1.97779423405744
1 0.919952564229383 2.09925300932527 3.03980446273713 1.91173105176007
1 0.855942731222603 1.95555419135295 2.87080055045102 1.84250273447532
1 0.955533886225564 1.88878137768824 2.81037972807845 1.89855769620666
1 0.940706278827274 1.79595885868262 2.96098466931065 1.8350457422106
1 0.894658930744832 1.88874388876481 2.97915770173559 1.84271461474233
1 0.981582007272324 1.80710641218349 2.84494347075242 1.85417026953321
1 0.914853053947817 2.03744508726159 2.97263403646399 1.83411851562459
1 0.991193552739375 1.80065334861128 2.98022609024519 1.83425443985163
1 0.894632074321328 2.14098893918474 3.02930890076819 2.08550855356586
1 0.812396638463428 2.34042980619211 2.99880480876416 1.84348892326377
1 0.968646441247633 2.16214743057297 3.05292758358909 2.05540877447776
1 0.831743835664359 2.27762432205625 3.06229738917975 1.92918198931296
1 0.734467438914849 2.26918761710915 2.94906565513633 1.81572174022354
1 0.932187102480093 1.89390272417804 2.80104619834475 1.87806893708806
1 0.923654155953626 2.00504073718267 3.01763586321501 1.84706202915887
1 0.846431088659271 2.18478748115119 2.95498352516366 1.80810123769012
1 0.909331359091972 2.2536404236313 3.06407919894194 2.05376523083655
1 0.940265694719136 1.99797991028775 2.8715797312166 1.81316776145818
1 0.836328162272338 2.13231181644025 2.91797149782474 1.80248739810085
1 0.921863589232089 1.92413691239432 2.84830848550377 1.82300434983567
1 0.949985600097338 1.86000849664281 2.97083276126998 1.80711452828152
1 0.967049485959789 1.86271804341824 2.84467824813455 2.1393947976698
1 0.936949773594316 2.15222046366045 2.99068239898522 2.14665901190317
1 0.861058077625639 2.07614878131668 2.9627647909141 1.80107255162328
1 0.660194659577409 2.46297675165524 2.97802363361462 1.8028673908029
1 0.814901648436067 2.30271133990048 3.08946679912279 1.95032315992172
1 0.947093286729717 1.86190772000154 2.7938114856853 1.85409151933902
1 0.850964635299834 2.29595801156584 3.07374020574237 1.89099569582152
1 0.899060808522681 2.01814701239455 3.08628500814822 1.9127555092119
1 0.956276960417376 1.8732148711589 2.9034642879569 1.78407847720858
1 0.885049664035386 2.12698052934904 3.07202777226727 1.87701500169116
1 0.677035129345272 2.24691657298121 2.96868440355703 1.78852163339217
1 0.905617797532455 2.03005635648384 2.86250936311626 1.78969227285573
1 0.770853928325469 2.28071636573258 3.10141701242386 1.99390717446677
1 0.945519367499592 1.9543715721085 2.95817075473512 1.78138053766357
1 0.977841156116288 1.77446791340273 2.91274459049591 1.77567224401829
1 0.71313471248543 2.3318532959503 3.00783229820467 1.79889048065523
1 0.904856215773052 2.15373593985288 3.1019108594104 2.03064346350677
1 0.803551072723912 2.06796872537212 2.94228404363452 1.77223981426018
1 0.90770585917184 2.0297195332246 3.07894851583012 1.86759994427589
1 0.872252606798965 2.00128698874799 3.0246985982658 1.80517587878696
1 0.943576736317444 2.07834501962445 2.89258207700858 1.77253624570013
1 0.89363132163761 2.11707322617298 2.9262961026898 2.18996342758893
1 0.797277447522736 2.17259291448488 2.90894626324513 1.76935109587107
1 0.84518353116563 2.16498227964445 2.87105680970174 1.77562156757037
1 0.808912081030182 2.20720389248537 3.06716195890126 1.84241644054025
1 0.925478974017234 2.29605248012322 3.09124159461052 2.07678110761634
1 0.739367733699966 2.35555062706214 2.99051743796824 1.77979511131568
1 0.844152057411785 2.17751254979029 2.9025849029081 1.76532166904832
1 0.904327724664668 1.9967467088277 2.74759821546576 1.89206871142896
1 0.928876286373551 2.01697366842914 2.79698216218562 1.80805669526482
1 0.904831025598202 2.16842087217699 3.11994214654596 1.98869811164959
1 0.81523954360577 2.08969511999148 2.92137361839922 1.7560780608772
1 0.934319692114368 1.91592527901948 2.8000257360807 1.80323983334034
1 0.925121875801396 1.96678311687075 3.01889867803218 1.78322225581081
1 0.917494955335767 2.20263571304428 3.09383256431857 2.09600074823664
1 0.681281345527971 2.36141929852244 3.04545628928854 1.8010902861957
1 0.786464401398904 2.13017608696144 2.96698278091881 1.75844796761729
1 0.912215733586453 1.94273879809413 3.01191346683496 1.77581088521033
1 0.95366079742927 1.93373848163517 3.06793682654861 1.8208935754427
1 0.99511847449869 2.12996279295952 3.01207128521564 2.1856551632817
1 0.939343667601546 1.87375306077806 2.75878780955704 1.84147128996282
1 0.700655245366942 2.30503449177885 3.04227161796382 1.79166758839903
1 0.868825063187524 2.0633927364851 3.01631109064097 1.77193227470706
1 0.741440137415969 2.1977459536484 2.96685795495198 1.75190821890803
1 0.995612482703055 1.81466283924228 2.84606324949013 1.76042934118646
1 0.981963874023684 2.10574957488713 3.12718794614823 1.92919839001399
1 0.785134693307485 2.08006446763538 2.8455995014459 1.75800780160377
1 0.826631191385067 2.40044188635573 3.1264602377828 1.91819301583657
1 0.761722835838702 2.28494523255563 3.05573224746176 1.79331676201993
1 0.8695711418734 2.03785253411736 2.99034021862904 1.75226147628112
1 0.821625378229353 2.02084867575273 2.8924529826202 1.74197038154853
1 0.76312528146222 2.32895645225799 3.09049536856466 1.83192758239618
1 0.744502260046298 2.36685053028691 3.06691830901449 1.7997797904317
1 0.848571186921151 2.12689210679336 2.93181361457682 1.73695058094519
1 0.780954384887766 2.28484678664168 3.1381371743142 1.96304676807246
1 0.781807333618183 2.13905129216681 2.89877772684702 1.73633130822996
1 0.782896528247931 2.23532463902424 3.0664594957927 1.7961656384861
1 0.900824458075433 1.85596184420569 2.78613603827224 1.78847513704477
1 0.907390963102207 2.31879015604948 3.11167389164196 1.85813381166891
1 0.757596793169154 2.27717255454152 3.09022724732493 1.82235478524576
1 0.871766107909692 2.29080848849864 3.13920348124148 1.94873557305646
1 0.931004316257667 2.09899699738643 2.95519322276974 1.73585088201791
1 0.883085885136229 2.36684875552553 3.14048388272526 1.95184213232659
1 0.747195595440462 2.15619219911049 2.8819630257605 1.73635896673397
1 0.925996209361846 1.84592588183511 2.7895803444734 1.78116325740363
1 0.709419261453977 2.45016348512828 3.05367793571709 1.77831548649586
1 0.958941707066381 1.80364073395698 2.83091249360075 1.75096579917187
1 0.81793213364496 2.32158678552678 3.08881549099276 1.81139580775638
1 0.874551459173464 2.23066448281788 3.1446851963776 1.95000464853145
1 0.980216203970756 2.17396859323801 3.11574672973373 2.10868645824144
1 0.944355031909382 2.12408981328008 3.14621236080179 2.00200036790865
1 0.778359873304773 2.27594390563476 2.98605914499938 1.73669897091809
1 0.78947566782643 2.1377079037176 2.83500338216567 1.74583599939408
1 0.773398094206916 2.26571613587214 3.05306316736314 1.77311604059032
1 0.964986462215117 1.94310988184608 2.96901334565407 1.73116050275248
1 0.751380731344548 2.33208883660306 3.04486077373554 1.76516523397315
1 0.820930877262841 2.27412676862619 3.14419798791057 2.03430496133965
1 0.801578437761955 2.35275863151949 3.14942928601826 2.00126681429876
1 0.98666926780832 1.88868847417218 2.85799562592416 1.72918092791398
1 0.930669603959181 1.8257288233041 2.78877784523529 1.76508485368975
0.124379389926433 0.76057724080841 2.4141310384402 3.15353710834066 1.92988077257799
0.0982487712808728 0.825191424532225 1.91056762442571 2.73966010063607 1.81184740454324
0.096242586300831 0.978634758781021 1.92828520531921 2.69303970704398 1.91209591610672
0.119427401976982 0.925820821788317 1.78870141646553 2.75287422581153 1.79271171027359
0.125444354848304 0.859962204654261 2.25600312508412 3.10895305211255 1.81380285382488
0.149974439658244 0.882109712573134 1.97361529557511 2.82998488978268 1.73036607138982
0.124199265051398 0.981876083857041 1.87804240014493 2.73659430754512 1.80517079085472
0.106679376207313 0.777795068291394 2.38281836536655 3.14540156269867 1.87242431776071
0.175713335585571 0.938883034569042 1.93402871240768 2.99326914796298 1.71775084633193
0.109145940247648 0.832371668815864 2.18690288921491 3.05553991675107 1.74603503362412
0.101452081065047 0.957888252045959 1.71890027059669 2.7848617074557 1.74854743303198
0.097760452157181 0.869912112797542 2.29533498714327 3.15719592295029 2.06626826130234
0.0945869412847431 0.985617424872021 1.68206498760772 2.87725408798787 1.70523327906264
0.102413759484926 0.814867913676212 1.9872537726252 2.80504813032166 1.73296717401987
0.543696170803249 0.811148345156999 2.0888161852052 2.86310929648592 1.70761455786574
0.106418873128844 0.990024087392847 2.06280850680807 3.16271862216198 2.05135730968668
0.118853363194231 0.940490921566978 1.86327858070359 2.77017331767733 1.75790568660813
0.0662628448499912 0.793783873673654 2.01115082140583 2.70779923567751 1.83646627860226
0.0657937479200942 0.768409658094566 2.37910394949108 3.17208683191933 1.95768118630419
0.0714098417756966 0.890316164196661 2.05279019305922 3.04526634575179 1.72773945935549
0.0667416309153076 0.67902537188532 2.31457589532363 2.82641859237818 1.71283719617162
0.0637535055281697 0.867732000395687 2.29591593860513 3.17282374018555 2.04748202770038
0.0695457377931107 0.822011713478627 2.40073130631064 3.13777579817453 2.14235574497566
0.0981313279433114 0.80709308856051 2.24032242789385 3.01097853589857 1.70504207480824
0.085569045275453 0.916508753099783 2.12804455863935 3.14246994452713 1.8240563473699
0.0813084186400821 0.979212687489935 2.11084840142223 3.17176027162712 2.06258683276853
0.0769001238712755 0.752995806990609 2.15365936227815 2.86066302350133 1.69432698807971
0.072232797831353 0.782436847122804 2.4483849450527 3.17187685754241 1.89348973525212
0.0874243609951814 0.766983789663776 2.52877015311241 3.18179931722956 1.94546450237893
0.0758056997365765 0.906859343468712 1.99940873597149 2.86169025295653 1.69259683673228
0.0705396655653583 0.786084917908728 2.53331712731253 3.169656088908 2.07768104612463
0.0852709252526712 0.956002955403113 2.40987242009473 3.16200679185382 2.10101106428004
0.0906839694104674 0.881952770041292 1.93598618557508 2.82538091604385 1.70432737391814
0.0524143503758908 0.955283508362481 1.75862101736944 2.66269061695984 1.92850002313533
0.0519474772694082 0.983010936263351 1.75941955825306 2.68483740613038 1.84846353855627
0.063209745593691 0.741501560611402 2.12970403951343 2.98470509772654 1.6884655893368
0.0476780117067171 0.853511940120985 2.03435652266578 2.82318981623759 1.70099094146246
0.0613191775670446 0.805840908747699 2.24057971139666 2.93238105700683 1.6791365587163
0.0397715219700748 0.702590299561492 2.40986203232413 3.13845255286614 1.80328016773811
0.0727834229816956 0.755522890743434 2.15823034430072 2.95653132620034 1.68105432772589
0.0366067634755229 0.98589322891847 1.87414290821401 3.04982517430998 1.71506344058712
0.0618986095615988 0.876027527703536 2.13151511332175 3.03843309818879 1.70831582628528
0.0377265196470665 0.768413627150631 2.37700994831257 3.18801740532698 1.94178916563207
0.0431934271018584 0.77956416515983 2.18327582067998 3.02415841838806 1.69982358092689
0.0615896905629201 0.826917755478708 2.06305763836407 2.91865791904282 1.67538199408073
0.0405157965290466 0.897377862935751 1.91363639321224 2.7920977937973 1.71299240197361
0.0446670351982559 0.956455286147887 1.86269510481038 2.66029939077155 1.89695586749169
0.0369006967539662 0.952616318496807 1.95897492477547 2.65316380290348 1.92903762450317
0.042981093732778 0.886275966594086 2.39156937128185 3.15160358482089 2.1475740207648
0.0653602618093276 0.75654481537322 2.47473999806401 3.19474172547306 2.01189733084474
0.0605516323381023 0.893716888089982 1.92326560718872 2.81436889460462 1.69530372221467
0.0489197139711205 0.733430145266124 2.45747980427428 3.02809591283364 1.69299837989304
0.0612674188948424 0.899090489259226 1.95796314614494 2.79570849192898 1.70327848015781
0.0451252118326982 0.684470264798349 2.37322329665835 2.95239144917847 1.6702066021474
0.0567219613223938 0.73375645147879 2.12258065335201 2.9268107241839 1.66816813058778
0.0449407562875168 0.807984331417812 2.14589590821055 2.76624133319813 1.71971379796225
0.0446230409537611 0.745474653513038 2.29062135167004 2.88830636147777 1.66507245499383
0.0501443699024881 0.663920275859196 2.52041928144897 3.03693992472108 1.6896618544611
0.040602461529395 0.709945551513185 2.16103190260972 2.90861752149934 1.66213173722337
0.0458472144911965 0.843830563127866 2.05967857254518 2.91932735152895 1.66164405694553
0.0404395513465165 0.715630551013651 2.36679368209659 3.10344497721266 1.73474379486615
0.036009977542321 0.87774415826658 2.15216806147726 3.04277861103903 1.69101789437393
0.049498954903611 0.89992966157484 1.92255477958373 2.98296634755138 1.66770820991725
0.0469392102710172 0.915421582752814 1.92594424604324 3.07105428180885 1.70654419048592
0.0887508239619253 0.933835966044077 2.22210529268581 3.19174684007374 2.08479747549394
0.0611178146041223 0.897615469160637 2.34526128627485 3.18979971490438 2.09185757653781
0.0481671525822196 0.815329927449313 1.9246020460869 2.79382386660681 1.69196569975164
0.0646860845807185 0.760562479765496 2.15330767344608 2.99098510668846 1.66615765771955
0.0393587030836759 0.743748868334426 2.14275994314443 2.88095205016502 1.65999393052252
0.0525862651244683 0.713512038264533 2.44753253106143 3.17795959434394 1.83224740757087
0.052156813306389 0.991953985884754 1.79634192262364 2.74224771039995 1.72514885821468
0.0539903903038622 0.817397514537882 2.44939524101338 3.19771023305333 2.07868563007726
0.0758201968924964 0.87015499180817 2.41813579791031 3.19105626855434 2.10609094630541
0.0576675020250563 0.970459419469504 1.85169512601453 2.80641721176169 1.67710922601154
0.049024925628741 0.952756895787957 1.76975574344698 2.64581590841502 1.87208403793624
0.0547996735998694 0.70693130020076 2.41293785791193 3.16653193490114 1.79782978887779
0.0593607071161469 0.727433595455246 2.28782346040701 3.04329577841457 1.67792265639859
0.0409500766702936 0.980534046526774 2.08281071998645 3.21190414880606 1.91908982994787
0.0408151328227894 0.872158608196123 1.91648409293473 2.84328678233127 1.65910668556153
0.043535211129975 0.739206201559736 2.46673665343102 3.19210668076695 1.84308571914283
0.0366600720399497 0.982355777695214 2.1906982552682 3.16609336239213 2.16932804307667
0.0541820020171388 0.837023723646121 2.10089638864736 2.85428659036438 1.65467778588962
0.0733845867098657 0.827967087981855 2.31946710828382 3.1630342997435 1.78394459289296
0.0416599267337638 0.963024840015721 1.73272897274137 2.82032470268347 1.66507132169591
0.0389406953792391 0.790618989401242 2.24752883519402 2.96834903068806 1.64845359075884
0.0365378185373392 0.955823834223864 1.6373542563885 2.70010033332026 1.75638668308462
0.0614539224130462 0.700531165173861 2.31860348316534 2.76659323481508 1.69277796773811
0.0462064996156178 0.788425234302394 2.11962602607932 2.94928475839174 1.64229503137619
0.0770249784578745 0.734869614046739 2.2013797547144 3.01766794600381 1.6568413909769
0.0459143907425665 0.817746961454401 2.48727544276067 3.22223930015396 2.02283158254538
0.0738379013849623 0.894124171860977 2.36556176590996 3.22166648070738 2.03440953121838
0.0430665076349161 0.772028158274247 2.36558945276137 3.17052811755462 1.78191850837396
0.0376086696406199 0.698586988699679 2.30345138164759 3.04181943592715 1.66422987788084
0.0382399828165346 0.97112926151591 1.74367858651713 2.80926853516981 1.66028450093097
0.0386355497044074 0.678168071834737 2.42566520392744 3.06991362966149 1.67829587090545
0.0362910920268789 0.805786179984785 2.05372075442549 2.91295930836936 1.63524643771327
0.0368344341085501 0.886343781671186 2.3201918781746 3.19779566132623 2.12935791074484
0.0487918194614706 0.85415338421223 2.0022459084094 2.82437909003425 1.65188931962936
0.0566998719079491 0.937778301863726 2.24694677842518 3.18775752622713 2.15372010485058
0.0406386946095163 0.817406468721706 2.35650914791457 3.22716161894358 2.02439251254423
0.0414063680778691 0.862169650906388 1.83356994581324 2.64823818968647 1.82240644292148
0.0521506477409295 0.727687735252395 1.98728038844912 2.66937216327356 1.78207836390596
0.0691648570899418 0.754155485384221 2.40470079853133 3.17462231245736 1.77867902045271
0.0395559748778555 0.854803497282555 1.88203897396064 2.79397641609415 1.6569226189167
0.0482227760729666 0.752324178724809 2.24714214072367 3.07222695281637 1.66732638410618
0.037323557930624 0.825088940063269 2.42112884715933 3.23809675836963 1.97067490341596
0.046743041608101 0.929788041691932 1.97335583529918 2.99674017929784 1.63354268046854
0.0452285868744321 0.910914351499021 1.87339436920775 2.72960611703517 1.69641280269824
0.0481661761803634 0.844735863801103 2.41887339785091 3.23237561111619 2.0533491277105
0.043740847024894 0.797152119003568 2.56570797803252 3.23840620324975 1.93530581406487
0.0438779106762998 0.961042370738744 1.83634728360727 2.7064297736362 1.71571044250921
0.0812773609410431 0.783435013519048 2.42942268416597 3.23199547343706 1.89538564218419
0.0423988770578184 0.716644420161153 2.15855903213818 2.93992267651806 1.62032585477252
0.0522995940500609 0.69926053940353 2.42262801265058 2.96134957369035 1.62238265492521
0.0366253706754513 0.957872141403066 1.72029202734707 2.69525409945321 1.72603608949092
0.0540013901507912 0.683151256425034 2.40398364486618 3.21272851613012 1.82806428844691
0.0427160156022174 0.70795102298761 2.19849646657751 2.90202564436787 1.61962894761804
0.0495628754189668 0.9612389705525 1.82926578819833 2.78729855403216 1.65212174131336
0.048586556822062 0.662565671193771 2.4656849262842 3.15078826684222 1.72278546848355
0.0412793788201551 0.827020900255981 2.0107640118999 3.05937664016243 1.64974754511809
0.0419146301897554 0.90863574370994 1.88280388180182 2.7013941764439 1.71348073686957
0.0490817753352757 0.741029570103033 2.28700960007335 3.06944222632549 1.65437440608088
0.0706456337844718 0.753971439129253 2.20243569259821 2.98178178043398 1.62037365761801
0.0534607892481798 0.971814572003614 1.73137230893865 2.67042110718725 1.7492010337627
0.067430029818295 0.87363243650839 1.7916531979607 2.78820496644371 1.6434925480662
0.0453071699229175 0.83808580147345 2.42112407251235 3.19763960903164 2.17957684587857
0.0651842764491241 0.874931571674957 2.43138702620294 3.24733383655144 2.03743152813221
0.0387364407967704 0.821472962642584 2.11902681561865 2.75672177626524 1.658191506574
0.0680063267795547 0.887908330186037 1.99755249831243 2.77791531718588 1.64503482078234
0.0704375161773214 0.634730442328701 2.38537832890059 2.887350792489 1.60904138838372
0.0531824858777442 0.960323297594441 1.654481226947 2.68568407886316 1.71834291936038
0.0620501577141089 0.844868841665045 1.967529335087 2.83924347190984 1.61750697954803
0.0537201540746108 0.709331790165441 2.32640556344075 3.08370063987358 1.6508569415411
0.048839612862912 0.801141227882409 2.43882458860994 3.24241891561381 2.08691855618613
0.0425661777815498 0.9720078547005 2.28008795808018 3.23288860386002 2.1182104135724
0.0449224068862632 0.848890437717782 1.92973384458184 2.88744610444591 1.60511548198439
0.0374531263033935 0.663984596636526 2.28328929174271 2.9927105500849 1.61124183434217
0.0408308620634174 0.734521158601863 2.23383055243397 2.89523841743428 1.60332065673981
0.0662751855942638 0.99189235351707 1.67816451141805 2.67612124157551 1.72316118937633
0.0593167143244335 0.995105338394986 1.76311100042532 2.59783714850284 1.88174923311607
0.0367713551426688 0.717704008516288 2.35667128257959 3.09328092379688 1.65344836699546
0.0362550894164188 0.868608337299214 2.35059436051075 3.24761005098077 2.07648484433495
0.074870633800191 0.882741689887366 1.89592381498117 2.92393333011991 1.60052958877128
0.0393507440423201 0.809964811052924 1.91694438506293 2.79340444554175 1.62881886484192
0.0781239105727662 0.746743197466617 2.20202532175153 2.99319276693823 1.60800556126724
0.04944754020665 0.697610170620442 2.2759750170739 3.0381109908235 1.62237914678988
0.0414411510950026 0.704685946277318 2.28782383345634 3.04520367968256 1.62517023237697
0.0635830864120007 0.961905118152899 2.07747621718988 3.25920517565345 1.94518101813424
0.0549031912471699 0.682207437766705 2.6262179943168 3.22429804439742 1.80723393087246
0.0390671982817836 0.708254759247704 2.46672325552259 3.05847612531147 1.62862351834937
0.040380287622996 0.836227428497875 1.91005090151294 2.76077416065174 1.64106915991797
0.0901781461566585 0.695075990699857 2.36219239165207 3.16602210490492 1.70938694288325
0.0917006322658233 0.69812770063788 2.53514236822312 3.24417226875416 1.84851053546925
0.036385601475911 0.86548425626684 2.34579603086511 3.25846390431664 1.90642261533829
0.055786544134624 0.845703087192061 1.93317217904012 2.75951833236524 1.63982513025421
0.0394618223965959 0.807163704896467 1.94301082556337 2.8334259310614 1.60653465653909
0.0390164552422932 0.86659487246655 2.31431601169208 3.26592619753621 1.99073234442622
0.0498221055163212 0.715111439523407 2.21814729250055 2.86598203398003 1.59703587126458
0.0395648292737149 0.97908762458976 1.6496879016288 2.77563743060502 1.62721143587839
0.0440333403365422 0.988330692485429 2.25216880977692 3.25678897032439 2.08005526988913
0.0372729643874466 0.869875783730844 1.9485207297084 2.7511930500473 1.63914146701826
