1 0.437771506188437 1.75041508493751 2.09199324953396 0.737029275900209
1 0.501391380665203 1.78348118218787 2.30654804913943 0.839972835101244
1 0.812676493559654 1.78021765211248 2.5088085975935 1.58517697363963
1 0.830613186585639 1.49129503540811 2.24522861845759 1.15704348708284
1 0.274931982101795 1.7119704810658 2.01278475048434 0.653787507658674
1 0.339993244286549 1.84953601161678 2.23717059525271 0.616291749176692
1 0.883887213426254 1.31121702134144 2.09360336312163 1.15100428547758
1 0.475726474669452 1.6759405339191 2.24431293241572 0.979571398839812
1 0.559978434907195 1.75593656526064 2.43218352914621 0.924694163021661
1 0.955283508362481 1.75862101736944 2.66269061695984 1.92850002313533
1 0.704066142244264 1.39625989202565 2.11964726765973 0.939591104928225
1 0.915096944343143 1.04936526127586 1.94327884528061 0.856111830720028
1 0.983574103418893 1.74392509733754 2.5145150271311 1.83006916907771
1 0.755664021942454 1.64424700990979 2.59062728827709 1.35698599753606
1 0.645863992065812 1.91081695492884 2.42834383102542 1.10778289142287
1 0.746560159087336 1.75693544225961 2.37464378128447 1.27688906275351
1 0.78341196977611 1.12160864665949 1.90648467049757 0.966010509993035
1 0.937058056711685 1.71049569943803 2.63366475903263 1.72281506578974
1 0.829626918944996 1.21644995969099 2.15258941134317 1.02248775043132
1 0.899554485662763 1.66916906149127 2.5998966852252 1.58649142803165
1 0.633725159215586 1.67998355940566 2.29515214649265 0.941723581697003
1 0.679181503283714 1.26355148543759 2.07982883343597 0.801710980216262
1 0.498075962127574 1.93595124396418 2.43027582991306 0.806790337059682
1 0.850958619652859 1.03580008543407 1.9521505307263 0.883328238094244
1 0.951595722813314 1.21956291433463 2.20523860622853 1.09019682283614
1 0.845081643841695 1.63875626827086 2.50381400085777 1.10686877201815
1 0.358418447353179 1.87522478482065 2.3095103936865 0.619180670293594
1 0.991193552739375 1.80065334861128 2.98022609024519 1.83425443985163
1 0.844603492605966 1.37268115706315 2.193189493679 1.10933068089825
1 0.948707469160436 1.39174000909203 2.15423410656381 1.4343348350385
1 0.455134941459013 1.96136107739372 2.4885605225431 0.942674512734819
1 0.514474704655974 1.88356230755298 2.53044816624517 0.78172666440571
1 0.692281909758846 1.76637115404359 2.69105053027801 1.24452450635172
1 0.725629107305625 1.41130284159095 2.28052570306364 0.999370985967802
1 0.674065394612262 1.76696981653882 2.44875174834791 1.22848476335683
1 0.599274848582766 1.97162916310597 2.41672687340651 1.21624194843445
1 0.654048991551002 1.687752650495 2.26249217162596 1.1517554860283
1 0.601759542548098 1.78297310685817 2.41648721970184 1.0556250257394
1 0.806435883973415 1.39872065948594 2.15019274316076 1.23708394790131
1 0.685896744575584 1.3039225881799 2.06154708290321 0.920170862330316
1 0.568774862508678 1.57698989035833 2.25650114596423 0.9508681515119
1 0.902045068637235 1.56012698005186 2.35866458151808 1.45613462989076
1 0.642922009025933 1.98401221325543 2.62549751754145 1.21919513518764
1 0.960323297594441 1.654481226947 2.68568407886316 1.71834291936038
1 0.840957466942491 1.43918670290654 2.25751860089542 1.27495178797233
1 0.596132387023341 1.44491855706166 1.89589074328923 0.932172759643606
1 0.994043006554712 1.25232682073877 2.25408795688838 1.22976063226874
1 0.486453067354159 1.64166659943915 2.13257595831721 0.800745964830104
1 0.399786842381194 1.97667719783261 2.22858569821702 0.740499492913359
1 0.853195558781736 1.30648745388802 2.27483548758102 1.14931532975889
1 0.760873903091609 1.91953690989486 2.57749877283142 1.29897296241592
1 0.934319692114368 1.91592527901948 2.8000257360807 1.80323983334034
1 0.474183648750962 1.5998939042162 2.04147390391562 0.813889714657574
1 0.41898459976733 1.74878422216085 2.08917150428836 0.738187547847455
1 0.712355559976228 1.36787226925294 2.04556943366137 1.03717500817991
1 0.824202095956619 1.73298916866343 2.46368518501888 1.37526141516199
1 0.833352911044688 1.26980164244383 2.10480605245539 1.05930180693008
1 0.660284918763597 1.73463889054372 2.38363459715182 1.10717396165047
1 0.59366559568909 1.8780464759958 2.27587723140318 1.23914240959353
1 0.52730918684431 1.52004221296598 2.07647092358488 0.940418539543539
1 0.584374262470519 1.57464563209835 2.12759672497382 1.16051988778777
1 0.792430181317808 1.3429149162129 2.14868054835364 1.20168846919126
1 0.558122009095193 1.72533374441128 2.29987397679026 1.07917438946031
1 0.978634758781021 1.92828520531921 2.69303970704398 1.91209591610672
1 0.612082736817732 1.29975356590895 2.04290639050917 0.707971411668939
1 0.910093805097664 1.20470253560382 2.15146973697471 1.13603751600487
1 0.953921136581339 1.4736577279435 2.48725604694988 1.45401445468819
1 0.630491156785671 1.61405374509399 2.25358387275532 1.05237222688792
1 0.925820821788317 1.78870141646553 2.75287422581153 1.79271171027359
1 0.607377365215604 1.8613206046583 2.48670243455226 1.17079228435924
1 0.772310427745882 1.32827639455441 2.15202279466669 1.01456397288783
1 0.82071513148762 1.35820205775167 2.33716105271391 1.17934780013122
1 0.893010435630179 1.2098999189438 2.17160164921708 1.18708956420131
1 0.510162289364962 1.8121921344474 2.23733922685307 0.883854951330695
1 0.802885809318007 1.06975222319869 1.89665960836266 0.82965928515178
1 0.795954359827641 1.21713044701998 1.84985383662877 0.962480659436149
1 0.91919237260047 1.58672124237637 2.50075972038438 1.53507580101267
1 0.930339038556752 1.22879451830871 2.39129249609914 1.07716405499123
1 0.641025327663713 1.48291429520468 2.40584950387992 0.898168922164915
1 0.788395998916046 1.74500972730146 2.4150347237504 1.4081848286096
1 0.838054967091108 1.7365586146072 2.51513022943467 1.47111727047457
1 0.709667997014476 1.30093959663219 2.01361127661351 1.04562614032675
1 0.871676670310165 1.67803058455194 2.47461650299606 1.44368518619398
1 0.831804169585618 1.96308125344881 2.69557750958773 1.61578721041978
1 0.935673946312551 1.05804044560219 2.09910465408599 0.948118154169207
1 0.562186852669111 1.58119953999684 2.18561492691066 0.902974859108711
1 0.45281118385649 1.88823358289626 2.19046213969853 0.856423369626235
1 0.585516640713904 1.38390066957489 1.91425273824939 0.856637068254538
1 0.50769587220042 1.91760167160149 2.65402576085858 0.96172667550973
1 0.656107625350511 1.93442399703975 2.61734417563587 1.22930210870397
1 0.993166415413143 1.69725880961865 2.64626231984914 1.7151079982264
1 0.517009124874603 1.69619147228892 2.09509483074107 0.84519871196157
1 0.900195567059175 1.5940042287154 2.59470515595263 1.44818008349876
1 0.620996097836954 1.6110422649025 2.23955591769112 0.948597387147316
1 0.964986462215117 1.94310988184608 2.96901334565407 1.73116050275248
1 0.989965458866985 1.9388756264719 2.93731672001153 1.94206593310622
1 0.700025278104392 1.59299616504228 2.32162751261242 1.08068298035631
1 0.957888252045959 1.71890027059669 2.7848617074557 1.74854743303198
1 0.525088661859045 1.52361886143684 2.01730639523162 0.826123919536879
1 0.471830735733577 1.43153229988374 1.93734411857443 0.847459976147758
1 0.928078223504514 1.32949542511332 2.43258348135942 1.22293940551238
1 0.357219670321016 1.70083919171671 1.98574533578832 0.795218033480197
1 0.767309015167411 1.29808603062411 2.04147773407145 1.06372667312738
1 0.841825173158043 1.29607052347972 1.93712395503141 1.12402117686502
1 0.601286689677897 1.416286701288 1.97079841069335 0.85568256500896
1 0.762355871932814 1.50656662947576 2.30265877469983 1.04405663098185
1 0.44665464584056 1.3608422843654 1.9698373818695 0.713976762205214
1 0.944718076484278 1.80188456462851 2.72582230504333 1.63747219448405
1 0.867582569292281 1.99361342451302 2.98157363131212 1.56523978361008
1 0.682772023403086 1.57961951486844 2.14440784870261 1.17914445301483
1 0.804700492376772 1.72477304800802 2.55623215050794 1.41440460840651
1 0.7514343443835 1.19467249871348 2.01475674357307 0.868341603912204
1 0.81630573144299 1.81811187688378 2.46613227286866 1.54020045326071
1 0.639589072720458 1.51168241393442 2.23148405979888 0.950824046261855
1 0.302148909367388 1.90983341288753 2.38728089161869 0.451524390587235
1 0.729874574049609 1.64510915482844 2.3464763679575 1.10355927239604
1 0.717608883870222 1.95312060615009 2.69402615638225 1.40046125021499
1 0.581284611050117 1.75414949434732 2.37715366979364 1.01629308408284
1 0.924287560867767 1.084691915911 2.08686835807375 0.960755855220235
1 0.946682277379247 1.27560920680834 2.1327325363589 1.12521744208799
1 0.952327458087432 1.31684782367937 2.32251141057625 1.27918595109276
1 0.498945751472687 1.63006887573438 2.15312101058579 0.87122294718231
1 0.769971645078622 1.3499884978969 2.13024039584473 0.975148017509243
1 0.835586004093445 1.95860359794033 2.70829006852674 1.60036673826354
1 0.801156657862399 1.49210415676236 2.4200646766306 1.1507060329949
1 0.871558036473968 1.27785513448141 2.15550555452799 1.12410715183909
1 0.505137018700674 1.67034351462421 2.17625705180896 0.72989872290828
1 0.261933041698067 1.867623741891 2.17119084924015 0.551387047567278
1 0.998317448506908 1.51991944029306 2.48506580707321 1.46736442342397
1 0.756961111113584 1.48842151718137 2.42655931058964 1.05935541987613
1 0.897456752558937 1.15872218962487 2.08012190075517 0.952821280987737
1 0.797325854576581 1.18324004771925 2.01346275528903 0.945854601262464
1 0.775881776636234 1.39030332649321 2.14477514350094 0.896483210963504
1 0.707345289195267 1.62134570377297 2.26261471933792 1.11622333326048
1 0.52087132537427 1.98897749856619 2.46047348887294 0.949246363453274
1 0.43487515771063 1.60552464108177 2.07355909958512 0.674430006279808
1 0.408990802050491 1.81881405451025 2.25304495795911 0.803702233862942
1 0.50920600290061 1.99929222163511 2.47246247591693 1.12014642008619
1 0.375847302683784 1.58998177226943 2.13925365256652 0.693994241157608
1 0.965000921658163 1.31612573259355 2.26772231856004 1.16102331197141
1 0.691489287651687 1.34045468295226 2.00107019374029 0.914099982245753
1 0.839222896824746 1.14691206659966 2.0432789560216 0.998323277903791
1 0.536957994923384 1.89681094823366 2.41586868742397 1.00456030359708
1 0.684272131931502 1.48349176097157 2.31267378945493 0.8601884778434
1 0.826970039304191 1.22764515767184 2.13177860358582 0.967590761604982
1 0.819739184244536 1.2866148683421 1.91903271276461 0.943255795983352
1 0.920455444220764 1.53543673626186 2.49523205207613 1.51043070863367
1 0.411286653001249 1.98776612325727 2.41367621054465 0.651991111032935
1 0.753944481679937 1.81019101304545 2.50429133893419 1.27767197440022
1 0.876390194837392 1.29464599459471 2.30841527752405 1.22082574262113
1 0.568146430661824 1.64672246471164 2.16517498519543 0.96346332352277
1 0.978129371984396 1.13581916716532 2.1982578656587 1.09993619866105
1 0.932187102480093 1.89390272417804 2.80104619834475 1.87806893708806
1 0.917740041567789 1.66388955831993 2.59815252038772 1.47355855452089
1 0.998565560522256 1.14474500573551 2.1430622597561 1.21370073539767
1 0.374345239903778 1.69380256497185 1.93932422455643 0.706813029100666
1 0.503897779350324 1.45922305773439 1.97473162905535 0.81529345584107
1 0.893822278760296 1.10910658862752 1.95994967115337 0.936976586084733
1 0.958795963135781 1.20711696691345 1.95783781239767 1.03857986382299
1 0.807473913313976 1.99325137135185 2.79118043774853 1.50606679978423
1 0.336355904696587 1.89077163787132 2.23437108089769 0.626576355951369
1 0.885650674223822 1.42229540838472 2.41808116650048 1.28525800111113
1 0.859526104144752 1.45385014072061 2.46854491750363 1.41602892426173
1 0.463704776410013 1.35994166921397 2.02492230962243 0.66177825283785
1 0.973228196651908 1.48508866641593 2.45003569899002 1.63879826399509
1 0.68714210604822 1.36893205449684 2.26525422429678 0.715913943534647
1 0.647276262889306 1.69835739639316 2.48806999578698 1.01171261518711
1 0.857614313466862 1.09922198527958 1.92267552725764 1.03093477287363
1 0.970459419469504 1.85169512601453 2.80641721176169 1.67710922601154
1 0.391446570228242 1.73154587480899 2.23032340576404 1.00805755137198
1 0.793853568813065 1.49636039380683 2.27097158813309 1.07700029891012
1 0.636234619246097 1.52873097417061 2.17186543201735 1.07107387471558
1 0.604281877088749 1.85771351864833 2.40141878947888 1.10573199141049
1 0.611316015603176 1.41889092754379 1.90161995066338 0.959034327541557
1 0.890256744344175 1.66680153705257 2.6136417747112 1.21808079318793
1 0.637721241563559 1.46436501755457 2.07945616580297 0.936077824758983
1 0.715491622459764 1.18627096176962 1.80439360690932 1.07441352058645
1 0.846929993802526 1.97186977902621 2.84941614423372 1.5521148198639
1 0.539226475741016 1.7068076873916 2.12192243241937 0.862035395245719
1 0.659993071144757 1.23694387761216 1.98789721854565 0.787850184715211
1 0.222079958888547 1.94392036016448 2.30974977882551 0.463963077497166
1 0.228884106552772 1.9676026992073 2.23264278120543 0.520533446196855
1 0.880562357099649 1.43428251403151 2.37125993377369 1.2478614994227
1 0.882096165095378 1.23240939549015 1.92155277320701 1.26555495162233
1 0.724008614334744 1.78616953371248 2.42987063056318 1.25466797403622
1 0.906535415078979 1.57173650566372 2.48717343361331 1.55115414111748
1 0.324779330724074 1.77356749531114 2.23219136759647 0.588817929016928
1 0.512370891247022 1.63658765421133 2.3256358819433 0.899902376611446
1 0.435710071534074 1.5493516559146 2.13121808245678 0.837879656022137
1 0.866259728254518 1.42668052408573 2.315984110217 1.23639660117523
1 0.313173078432446 1.93049851007061 2.11340916029198 0.6005433821359
1 0.578297955051142 1.42109694438637 2.11646081644423 0.794034262972408
1 0.763554374253145 1.07565373523704 1.8263794803859 0.847582987007399
1 0.735674149459228 1.9317866248036 2.62962872348243 1.3101537860154
1 0.981582007272324 1.80710641218349 2.84494347075242 1.85417026953321
1 0.968404869893566 1.80936756490536 2.6562434382917 1.70586825449641
1 0.985224278260333 1.62522383823254 2.65557999158512 1.60885726190679
1 0.479741922973578 1.58634329333436 2.14344914857585 0.767004217339576
1 0.766280237507308 1.49376294114355 2.02418058475332 1.17467661680131
1 0.942004853939482 1.3243264727178 2.325582537707 1.35965248707919
1 0.814207759543012 1.65021403323859 2.52513333978371 1.26401122239088
1 0.855942731222603 1.95555419135295 2.87080055045102 1.84250273447532
1 0.817280177597422 1.92168210262355 2.7443568160031 1.48856371461485
1 0.689083599817629 1.83021355000635 2.49641362187161 1.21834091765037
1 0.759683877339121 1.11175169866493 2.04723179338433 0.759985458624993
1 0.895498615030277 1.19507117952181 2.29320913605208 1.16675522424593
1 0.414406457197232 1.95754829896692 2.54331988532667 0.712337213833788
1 0.7213073926842 1.83811658513305 2.58678355174376 1.33335248665729
1 0.676057413639889 1.27476029287364 2.05327921353037 1.07091661759377
1 0.629509977741012 1.64906146470186 2.10687761573348 0.85143133490534
1 0.552603447041086 1.42957983177039 2.03217954687336 0.807526891283573
1 0.554686502564388 1.39346892029396 2.0159090294622 0.860389177742226
1 0.467799492131065 1.51399337240766 1.97599769129152 0.675866840122592
1 0.713422210723317 1.93749636037081 2.78387754777691 1.31607523356134
1 0.30955857265275 1.90140793016918 2.2488511166622 0.498097849207567
1 0.670738214493031 1.59075267538312 2.3762352730909 1.23982911425398
1 0.785448216996544 1.54109064484209 2.45905733201631 1.26493211051923
1 0.733400152397808 1.33667109960807 1.98058211596804 0.71109799279063
1 0.907378636801926 1.69072456161686 2.5019144585209 1.50611362083277
1 0.614823925865737 1.46219019969964 2.23406627526212 0.771168635581875
1 0.676867318895723 1.86244537122897 2.54534740671042 1.05886590056795
1 0.962821829483922 1.7085205876544 2.62679304115637 1.75168517922114
1 0.860199660218398 1.68476306935889 2.64257608161536 1.43239363547284
1 0.87979127791749 1.66009929263072 2.3943396179517 1.44751315274776
1 0.730458102854512 1.63256767482768 2.18998501557229 1.25064362261183
1 0.622922483093959 1.94767000459018 2.46994703216619 1.05918767974871
1 0.78759190384803 1.16779603106668 1.87991879757854 0.894555614454608
1 0.908817908790273 1.27322993188204 2.12352588149697 1.25350497676011
1 0.387277716399403 1.78742102720503 2.28717412413933 0.864816602657391
1 0.854803497282555 1.88203897396064 2.79397641609415 1.6569226189167
1 0.723297631488725 1.38815041846867 2.06621913143607 1.00192448817813
1 0.576442406351756 1.90291251960482 2.5748827899931 1.0282706045633
1 0.650090580903537 1.89986108354176 2.52398578173379 1.18068892055758
1 0.696315594805637 1.6239255643896 2.49526494038444 0.960330153175174
1 0.480748478233969 1.61922697750075 2.10449464877142 0.7495521463356
1 0.702057482456245 1.38866900271076 2.05338958728414 1.0739039229323
1 0.560420524845831 1.40277526094151 1.91918755297537 0.766115001619417
1 0.619179090094597 1.76357781578903 2.41449153598044 1.16658679095793
1 0.914532031561248 1.25879098812118 2.15553232923941 1.23027389733214
1 0.995291709729548 1.0738155864183 2.21152406302781 1.11740303670927
1 0.744197864771898 1.84724785130238 2.69717980931721 1.34111150419176
1 0.889480932810887 1.81528609866082 2.761058565736 1.62301122926282
1 0.946519083139719 1.14540619090937 1.91275211304214 1.04682690278571
1 0.325833504989666 1.88646342343651 2.17977127871367 0.565491877570846
1 0.540177891363467 1.60406320007402 2.08019365199925 0.914944538066175
1 0.780490187937394 1.1923596757631 1.96863928815419 0.852018755928002
1 0.777252932450889 1.7767580781912 2.63334537571141 1.22201315700622
1 0.515781103166907 1.94156375172238 2.49285736186459 0.923532552790614
1 0.530223681807596 1.234548139382 1.72457223425984 0.974467291047805
1 0.863780322365152 1.05065486154791 2.01831486834093 0.996237237633099
1 0.774206798544619 1.55004144957367 2.60713584649345 1.18872069403721
1 0.921863589232089 1.92413691239432 2.84830848550377 1.82300434983567
1 0.877015581600911 1.60781036253592 2.57168724438196 1.40985232348341
1 0.73223076073026 1.98096264004863 2.61185880834017 1.35529508649924
1 0.648987501218993 1.51573984108089 2.13212714553772 1.10404035908326
1 0.887908330186037 1.99755249831243 2.77791531718588 1.64503482078234
1 0.69480745516213 1.28170859512097 2.12323082526953 0.693993413713616
1 0.490331498599456 1.87052725323321 2.4128869963767 0.992533201396901
1 0.87363243650839 1.7916531979607 2.78820496644371 1.6434925480662
1 0.904174729611259 1.44563488625456 2.39296216741049 1.20019990483855
1 0.541855761120484 1.8696367751058 2.31839273927037 0.997421413909722
1 0.809821181353182 1.80567951560214 2.65119686079165 1.37333053975417
1 0.770609202425306 1.82371093223725 2.4750124928327 1.44838162047044
1 0.748486411348373 1.96894325840559 2.86250973042269 1.44853272544999
1 0.939343667601546 1.87375306077806 2.75878780955704 1.84147128996282
1 0.295857109922993 1.86406183983587 2.0234016228394 0.781382023907824
1 0.825647840565459 1.77647791162677 2.55771997286394 1.6108057029632
1 0.547286153467139 1.68178841650447 2.26432020214827 0.874335051829224
1 0.928356871053887 1.71482199307337 2.37343729808299 1.7456209044013
1 0.74294969109081 1.74233382239317 2.58257853163102 1.35730344625846
1 0.782695061927273 1.30205047957095 2.23999126710257 1.18586395086431
1 0.64374391448296 1.61831167765815 2.39719670920198 1.06032624283883
1 0.790249772546037 1.5011350238816 2.28564090147141 0.93360629936795
1 0.868518592165783 1.5263312915441 2.478952171942 1.34941552664605
1 0.74768627088711 1.22205857684875 1.98166897093284 1.00635637163142
1 0.975359159600145 1.25581839040698 2.25547241545579 1.17893901660165
1 0.81089044282989 1.45012410349911 2.28038767737895 1.05707471637103
1 0.548561113430187 1.65675170291952 2.42792214214372 0.947135417505292
1 0.966804772526181 1.01921391567409 1.94053041279848 0.934824372769885
1 0.719128780520599 1.95076716240573 2.7159509487123 1.32534312622092
1 0.628203437298847 1.71761338946953 2.37673552490712 1.10788765841411
1 0.544831855273417 1.82666583575658 2.43717252201413 1.02914292584748
1 0.56425141495148 1.84265411947505 2.40055081467606 1.1836226083476
1 0.940706278827274 1.79595885868262 2.96098466931065 1.8350457422106
1 0.664522553417288 1.75171244441609 2.53777690050735 1.12556407244323
1 0.590295365010388 1.90491268221444 2.66886249921732 1.18433342385136
1 0.973914071945474 1.5418147816183 2.49142948112997 1.38475794013807
1 0.623519131240901 1.74002005855087 2.27432920735983 1.19947819805704
1 0.91247989625282 1.52725560888881 2.35701107033462 1.17381638081077
1 0.57124592054092 1.65962343748426 2.33006714557827 0.827930382161141
1 0.799178897408225 1.12963947101186 2.00608210705096 0.797898657386253
1 0.299325628393174 1.97513305769224 2.34145153208244 0.723017208757411
1 0.982863722630621 1.41495337104153 2.25173829992219 1.3655615685794
1 0.823156442900654 1.24943663937078 2.05066205241471 1.02272102013019
1 0.98666926780832 1.88868847417218 2.85799562592416 1.72918092791398
1 0.848890437717782 1.92973384458184 2.88744610444591 1.60511548198439
1 0.496179859641318 1.72007168926531 2.34931744466264 0.958045864360921
1 0.589874300063433 1.81467678378918 2.37159970814556 1.12363719295159
1 0.779711426182184 1.62802805618499 2.33065010869131 1.37440331060407
1 0.861707021547093 1.18445769673989 1.93415056732791 1.04048292676883
