1 0.909768202602516 2.18421257189161 2.92242029086279 1.98497692828509
1 0.978504287416021 1.94299330601071 2.92596795350616 1.97271900249301
1 0.956719472844565 1.92446939709135 2.92565242806634 1.99072076295653
1 0.939146679754593 2.10290350602048 2.91242168080125 1.98473137269721
1 0.894718866125162 2.03946345496259 2.93188465993262 1.97085181503642
1 0.89019253460715 2.0846542736497 2.92343058791894 1.96403278571346
1 0.936137169240103 2.1476113712102 2.90932105084355 1.97276792029145
1 0.918855399330879 2.10232087745117 2.93698497939764 1.98595647935807
1 0.963891474664847 2.01028147971423 2.90676407717199 1.98529154844174
1 0.95652950320008 2.05823312542905 2.93644585608015 1.99087361830762
1 0.896645756254384 2.08257512454144 2.92785371052887 1.96087254616566
1 0.918729841426228 2.09191613717396 2.93855130800235 1.98988205571312
1 0.947875640213758 1.98590870900959 2.93855267396666 1.96937801029227
1 0.945956763884372 2.04458694149153 2.9039555591635 1.97490328943268
1 0.978899552052154 1.99037311171183 2.93882794387209 1.99093748356237
1 0.996908087752157 1.97391196719305 2.91110054342533 1.96097592771406
1 0.99637932123809 1.90315986425476 2.94243728571825 1.97880572103519
1 0.973048569786607 1.9318102255102 2.94086452132854 1.96799793678812
1 0.957074828215812 2.00793985865486 2.90764924888293 1.99828832968116
1 0.859782883259769 2.09379594235295 2.91596309476662 1.95593746790941
1 0.87666614815106 2.12226753886722 2.90745950256946 1.96064489367775
1 0.970000266691058 1.86161518172619 2.9369014386066 1.96031424526682
1 0.935171331189352 1.9850272198155 2.91935307499687 2.00507862129861
1 0.789159841857774 2.182315813959 2.90001774916909 1.97464187919888
1 0.900563782078124 2.048267004823 2.90115151795358 1.97003858227637
1 0.891070523392238 1.98984836499441 2.91462192424251 1.95535235204707
1 0.904669708330873 2.13358105489839 2.90938823487937 1.95748629812871
1 0.88405587743014 2.09601838210004 2.94618260010223 1.98230492097275
1 0.928395299704117 2.08992898964915 2.91166403639755 1.95535586012122
1 0.954532498822714 1.97009992050891 2.9322946451233 2.00495157005195
1 0.864303836411775 2.12580686172763 2.92780570639395 1.95240390279607
1 0.952066257287361 2.01777412103939 2.93958817556297 1.95937066007926
1 0.914532315885902 2.04160437832082 2.89634029606307 1.97693224663473
1 0.895924622267799 2.05408427164635 2.9466700729152 1.96808899114051
1 0.930523480808301 2.13038224770412 2.9410929424057 1.95817190863691
1 0.911983672522065 2.06936348458961 2.9295460142161 2.00935636734707
1 0.986337601346545 1.95319211128227 2.94709202344084 1.99337925219397
1 0.933542844869969 1.92610136969285 2.92685833955508 1.94872158194233
1 0.876587971607455 2.11291911305435 2.89494024540454 1.9896206767611
1 0.879952762871385 2.16600824752744 2.89321172118558 1.98030477335511
1 0.958365406634776 2.09930720344824 2.93897139023755 2.00845424745208
1 0.920587869710238 2.06335372431052 2.94705242755728 1.95951543219869
1 0.975554362387432 1.96896190579428 2.94410438687103 2.00457390206052
1 0.939217467252626 2.04079055751261 2.94575876761083 2.00292224048269
1 0.943886312885668 2.09476054313378 2.92829047531675 2.01464505739185
1 0.967841115408651 2.05218592911756 2.93482122931147 1.9465738974514
1 0.999985030752083 1.97596939001663 2.9134730546422 1.94474770732045
1 0.939183648247202 2.01606026100386 2.92943002367011 1.94342129273614
1 0.869925389666005 2.13682380294889 2.92590541103534 2.01680354170323
1 0.975298516122 1.95667132346803 2.91876892656735 2.01739302349139
1 0.919436348236358 2.1066645374127 2.88864663921148 1.97782082079117
1 0.974703780187233 1.97069461830223 2.93874322122352 2.01301922703369
1 0.926205647767975 2.00399548470649 2.9532052229932 1.96429954717124
1 0.954133459579717 2.01703916055829 2.95471742719323 1.99285580556171
1 0.939353318810007 2.07188255440127 2.90212647226924 1.94838550773271
1 0.994283471624368 2.0551315750329 2.93562361917678 2.01641174654068
1 0.899514059119965 2.03919697239478 2.9515760260194 1.95757231723252
1 0.861915607081882 2.20645663119851 2.92609653569093 1.93975831918812
1 0.958926970820434 1.90612149117447 2.9278700040561 1.93946655886729
1 0.951246863333118 2.00239893195185 2.88616472258994 1.9750363219504
1 0.986778502132227 1.91346244922255 2.90302133082879 1.94483049242461
1 0.946881458010474 1.94987472098712 2.9076056914828 1.94203682491056
1 0.989965458866985 1.9388756264719 2.93731672001153 1.94206593310622
1 0.982438961178944 2.03692751589233 2.95920928329607 1.97891169810206
1 0.970611125167232 1.92737374199123 2.90560764436035 2.01721987406865
1 0.98303117131771 2.01692460195001 2.95028218386557 1.95197675098543
1 0.945580498532349 1.95791364689669 2.95892191585218 1.9708012890358
1 0.978119755450982 2.07047974875772 2.88703850946139 1.96514689070879
1 0.920897618550226 2.02821296168495 2.91778687247999 1.9375703708422
1 0.990697218716564 1.93608480528332 2.95861797383488 1.99299125693358
1 0.939893230901674 1.95884706595849 2.93108177504945 2.02187902130086
1 0.944047153548483 2.06736204458202 2.96131632561171 1.98163315144811
1 0.7519786292038 2.41230235155075 2.94033907421273 1.9406654294105
1 0.891268841669338 2.15909986245093 2.92098468239301 1.93466128494867
1 0.967024053217661 2.01419607096551 2.96401969257536 1.9844148996057
1 0.830658398271547 2.04987897662586 2.95989264538684 1.95882100490969
1 0.973180162541038 1.86991072270625 2.93764161491808 1.93576379035513
1 0.89139221395912 2.14116167903128 2.91554730033922 2.02646407941581
1 0.933939820794589 1.87300184379454 2.95673807940062 2.00738665695365
1 0.941226060124726 2.06484992762888 2.92788803138734 2.02709445002383
1 0.847289395140478 2.15055157072117 2.89147590912517 1.94694108228919
1 0.986581914672019 1.90855736864207 2.91389178763524 1.93268876187022
1 0.95682792094258 2.04361808826385 2.96327964273904 1.99520965708644
1 0.89816615940913 2.08349399777034 2.93422531931964 1.93292041359326
1 0.855934969477848 2.23473639346076 2.95951791528169 2.00471029486511
1 0.942813568055724 2.18653941157022 2.92518443585029 2.02920259343562
1 0.900640248821813 1.97519604950661 2.93898970646912 1.93367112606841
1 0.860661405268348 2.22767980825256 2.9664347259848 1.97670846309634
1 0.997717525019301 1.90909896099859 2.88256757506415 1.95745534107456
1 0.956462009789967 1.98068742867054 2.96357740814235 1.99868359582426
1 0.882197848488041 2.00005374162085 2.89286177711155 1.94208798085101
1 0.989827233162406 1.89090720011913 2.88481336307393 1.95264716076672
1 0.900975156035543 2.07569583826337 2.92277125721416 1.92902557952411
1 0.819158361579452 2.20290544918445 2.96597219377046 1.96720437658944
1 0.910557952847606 2.0898822918966 2.91364030325568 2.02966007379883
1 0.9085340987945 2.04082110786751 2.96697697871387 1.98803135388731
1 0.883005866604506 2.09923293765072 2.93611953969448 1.93118202016469
1 0.944387869714177 1.98540645386289 2.91682820184172 1.92891097452486
1 0.921191032558859 2.07873325654596 2.88635928375006 1.94792900294215
1 0.938353866272917 2.09649736526543 2.9676508075614 1.96959239598824
1 0.921928735838358 1.97899972679709 2.96816450642481 1.98668734773522
1 0.969165037703668 1.93924530807784 2.91457208180044 1.92836702180257
1 0.963705828968944 2.00842208611518 2.9247615845656 1.92746403007514
1 0.92164036898403 2.15623964851334 2.90420180743581 1.93150693716596
1 0.922208115464461 1.97462187202075 2.88972919962088 2.01714417796682
1 0.940280512220478 2.04294828184851 2.9109663010369 2.03109216266632
1 0.920419336569164 2.048004296174 2.96358006326317 2.00758320486067
1 0.978212705473504 1.89851496680684 2.9704693267584 1.98700664764491
1 0.995221691252568 1.93800682421454 2.8745003452122 1.97046172184875
1 0.953642521065996 2.02570697169022 2.9565796163545 2.01895161303279
1 0.89806532850135 2.03470091606681 2.91767055611373 1.92501229232305
1 0.987157288887477 1.76869048679745 2.89350064737998 1.93517002468628
1 0.940372389843718 1.92466325720731 2.97135327018105 1.97299824663094
1 0.715412478798212 2.50358103394942 2.96676545269955 1.95460888149495
1 0.945776502135063 2.08753530071194 2.97226155600928 1.98510006595418
1 0.969822861544871 2.00448590901236 2.89376729656393 2.02682895900768
1 0.858410114746116 2.09883791676492 2.93274102198321 1.92360940017827
1 0.978866352311931 2.02653016025602 2.97008627417437 1.99962819265466
1 0.997312975895797 1.9432503666526 2.8913145207147 2.02527027486172
1 0.838546806376544 2.19572881450595 2.96540978703477 1.94884773638918
1 0.905680851190416 2.09917680141539 2.97109273802883 1.99737552203223
1 0.866259552344953 2.09317218080302 2.87298189599879 1.99606010227384
1 0.902271685666552 1.97517741451726 2.97319283823107 1.96571904468233
1 0.921838963216586 2.01263209479777 2.87525215410524 1.95380822862976
1 0.976080880128209 1.90765299744326 2.87408860367732 1.95656250956859
1 0.864570042762453 2.12358928402682 2.94170969740649 2.03518783322325
1 0.902469663617053 2.12759975536325 2.88478768233041 1.93778358384136
1 0.951310234119624 1.96387543891496 2.87159557423671 1.96179721334014
1 0.876701484022754 2.26344804258411 2.97534406496978 1.97447006573014
1 0.887050329455884 2.09796568052803 2.95580876979317 2.02738133552943
1 0.95032103037784 1.96343926074191 2.88618375055351 1.93463947042066
1 0.953302764227428 1.98261209829849 2.87003631165415 1.99589792677504
1 0.97773323792309 1.94725252386565 2.96523381402014 1.94234713164483
1 0.812960240119646 2.22895847810321 2.91771948398407 1.91883650067903
1 0.997433830570838 1.97025863009137 2.86771887807204 1.97639096778852
1 0.9745153540088 2.02123789158663 2.97404479853757 2.00033920814395
1 0.880574248484529 2.05198680886642 2.90819822551377 1.91950800317431
1 0.92240602795413 2.09501283363472 2.9634389747795 1.93794337323539
1 0.989307021467863 1.88643892285362 2.90743375015476 1.91946972227466
0.124379389926433 0.980845781389223 2.00108403086654 2.97138870193462 2.00999934767243
0.0982487712808728 0.847251224005708 2.17412846330095 2.97639336781899 1.96172754774031
0.096242586300831 0.986427648294585 2.01451679552742 2.95692613362499 1.92939939965173
0.119427401976982 0.932539352055841 2.05282535760145 2.86610193419072 1.98826704360569
0.125444354848304 0.961452744679395 2.0651030384985 2.89775249568973 1.92167758017537
0.149974439658244 0.958504598846623 1.95754325374376 2.9001941917258 1.92031169122267
0.124199265051398 0.872291080081584 2.1595973517219 2.97835996345638 1.96651973243204
0.106679376207313 0.940852783958765 2.02880229556921 2.97540819340402 2.00398367722533
0.175713335585571 0.899618144544095 2.03400590828959 2.97157498623998 2.01322968625192
0.109145940247648 0.874486512822605 2.1303882240599 2.97319317623692 1.94825051435229
0.101452081065047 0.928767475782929 1.95612003735608 2.90900154992862 1.91559773918925
0.097760452157181 0.954233297048199 1.95735944519619 2.88558034747717 1.92823042471469
0.0945869412847431 0.927324859284365 2.09966488629441 2.87294493180809 2.01551047334895
0.102413759484926 0.963162058444303 1.96405038202172 2.86436073097883 1.99053682102695
0.543696170803249 0.955137682034354 1.8977672986287 2.88327880644101 1.92882805683252
0.106418873128844 0.923762362321892 2.08474721285639 2.87629067370911 2.02301545894046
0.118853363194231 0.899609492070928 1.99154155954686 2.94312397868539 1.91631813756962
0.0662628448499912 0.80340918945195 2.26625195693554 2.9576682096734 1.92484024429274
0.0657937479200942 0.826332903785382 2.25175076046771 2.98084805522453 1.9630741304934
0.0714098417756966 0.878887103081974 2.12852715640987 2.89992159553405 1.91643453709395
0.0667416309153076 0.9252576779178 2.02545876949676 2.96873317271322 2.02413433439672
0.0637535055281697 0.961774267616864 2.00503206130853 2.90496027478858 1.91358716040253
0.0695457377931107 0.82306229572897 2.40473447457114 2.98209842451624 1.96407168508043
0.0981313279433114 0.895523563797132 2.00118557432811 2.95008136603015 2.04163336543281
0.085569045275453 0.95029020543764 2.07979015405597 2.98364451186421 1.97210811323842
0.0813084186400821 0.950412716965743 2.08312011206699 2.98365550197977 1.9706788083659
0.0769001238712755 0.899447562093117 2.07703774906335 2.86098497540627 1.97006234636655
0.072232797831353 0.884804951675398 2.12192283167437 2.91109578162811 1.91093414764232
0.0874243609951814 0.900923692353237 2.13644806706087 2.96957871066389 2.02543290721445
0.0758056997365765 0.984040994103188 1.951240621237 2.98091720338843 1.95606660097798
0.0705396655653583 0.887644501813086 2.06491738807325 2.97749113813724 1.94685673311132
0.0852709252526712 0.933709753488381 2.05366747596835 2.89266974925478 2.04179439297863
0.0906839694104674 0.924361049737876 2.09334754645105 2.96696743074461 2.02958930076418
0.0524143503758908 0.957057391443112 1.98191840781684 2.94226224976119 1.91256287284512
0.0519474772694082 0.895483466634182 2.17970501935938 2.88258739558514 1.92481491264405
0.063209745593691 0.981049387128122 2.01811611604939 2.87236443872846 2.02343919724873
0.0266671775714565 0.857472060750983 2.19201878743041 2.92075939835441 1.90847600177817
0.0293517011440994 0.90803257598919 2.11374827201965 2.98552094661618 1.97585749516382
0.0257488291542424 0.999536489045906 2.0340959641231 2.98257612746519 2.00167342242994
0.035289203508793 0.884804330733457 2.08556296061385 2.86167955576907 1.95857830327616
0.0399044839618144 0.856596596648166 2.1461217764856 2.93607415453486 1.90975599968396
0.0256732059523194 0.96118085565313 2.01761236249066 2.96966789163388 2.02786847095802
0.0189120705790528 0.870313070288426 2.07504177300078 2.87463431442004 1.93183534741634
0.0189503371635059 0.978145933062011 2.0608370092459 2.85902908327146 1.99122267893287
0.0350900080818663 0.933612623465666 1.92191948273869 2.88403683342669 1.9214501464126
0.0300107517656366 0.848825570986703 2.14498605059526 2.94732773243049 1.91280828725541
0.0253463402676653 0.978958146291562 1.91970098980208 2.98285109397545 1.95447148604119
0.0239891784409497 0.856810227214522 2.21119524423918 2.96709654982353 1.92724377183145
0.0430361337369775 0.984735855182345 1.95273537050444 2.93387963903714 1.90758943284075
0.0211429699105518 0.962471280167458 1.91908948792472 2.93069389155089 1.90684548304239
0.0459499490816285 0.925016229210359 1.98191178732292 2.8819889113367 1.92190206459293
0.0187656184795498 0.955800532660724 2.03197771442159 2.95163105419075 1.91395978044143
0.0369144142599022 0.986577823200462 1.9512904344021 2.98015119397989 1.94510594042517
0.0186128150470051 0.985338609485506 1.97405047348832 2.94812537252876 1.91150806382308
0.0174698049959474 0.965868961725971 2.0004490372037 2.91159949464734 2.05309066918583
0.0262484341711713 0.971609791618083 2.02366235301802 2.98632521762556 1.96136726286439
0.0208331242495225 0.882803209818502 2.08704640969989 2.94902890490105 1.91161194692151
0.0494687308051582 0.964134833515546 1.93362683053924 2.8771797985326 1.92507304124044
0.0173031101972035 0.985795233972257 1.91073540491873 2.86637495388999 1.93882187074533
0.0363838562139072 0.986298297955599 2.0100320367797 2.88576806019506 2.04275989769131
0.0215567546139604 0.988919847786024 1.90381261439357 2.90075908971015 2.05117849971053
0.0245765152940217 0.928058531712371 2.12643386970583 2.98143436339948 2.01683475239783
0.0222248076263457 0.995412117098062 1.90558427879001 2.9862282098361 1.95328138477388
0.0206251383210099 0.958593369146649 1.96913905893091 2.86435890768065 1.93914567924227
0.0220146618648635 0.929987551821158 2.06640366985319 2.96834998223715 1.92274543633898
0.0172378294976877 0.949858852683417 1.9672962135015 2.8540144184323 1.97142390096875
0.0144749987063303 0.887453754070128 2.06953338232273 2.92133781849922 1.90202040448482
0.0233088335230829 0.894949636697495 2.09536632846445 2.93126905889225 1.90256956198547
0.0170477817302755 0.939284239309568 2.11620722319188 2.86132025887367 1.94296493546193
0.0160499383247265 0.897698104534103 2.16138153914854 2.98982431182736 1.95904173162527
0.0154951847459141 0.969842526575552 2.06537286499271 2.8632465979144 1.93745613631281
0.0160385527203525 0.986276314854198 1.94599106870219 2.85309964273651 1.96810696929576
0.0155977940229347 0.969067324579156 1.83843715007423 2.90506179743361 1.9029462315925
0.025302949355275 0.816283869952068 2.17726130281127 2.92901509261324 1.9003800711214
0.0185936585911505 0.895255060082124 2.12458697140108 2.97514087194998 2.03376801558511
0.0156197039706279 0.878662007698648 2.18587363749233 2.9182069791904 1.89947231591651
0.0144216582739693 0.945201801683427 2.07616798121247 2.8548248876169 1.9533092534721
0.0839780828693296 0.875496912006618 2.10662882705889 2.87662698107787 1.91768822672102
0.0179373694026686 0.922777522205192 1.99834339343344 2.85151738790721 1.9673579425129
0.0183741310244538 0.967288874309132 1.95410528811528 2.9615135886204 1.91086965879668
0.0336076451444675 0.961933396910697 1.92238832452746 2.98538027928219 1.93778416247165
0.0256440238314427 0.92734623363105 2.09965533558824 2.95966954831673 1.90845997672376
0.0170412123429402 0.946696545138659 2.08936998466359 2.86533691067505 1.92743283614933
0.0143572577715416 0.904288785888145 2.12539268236315 2.85646840242553 2.01684896887525
0.0141993143310861 0.912927768815255 1.98304745006475 2.89061560178573 1.90477333774812
0.1113231849198 0.959318279957722 2.01653801375982 2.946389674933 1.90065267466061
0.0159860935293284 0.91499319082028 2.02069215227842 2.99678856957774 1.9810736805946
0.0157859065886948 0.94922187878716 2.00832731141504 2.99435695516306 2.00217223313815
0.0129822681722393 0.955876168415595 1.9795472151845 2.8855389035983 1.90618046760346
0.013703703716663 0.884636777380967 2.11543152205909 2.87300707935966 1.91580070249067
0.012325944983834 0.949430481970233 2.13151334976026 2.9596370085176 2.05347695375315
0.0179693079385902 0.738055287611393 2.34273637082925 2.94897424272844 1.9003692389459
0.0122047917560517 0.919714440794316 1.95393573597754 2.88104069109593 1.90819856030339
0.011541753915834 0.813429556331229 2.2650798388305 2.99610469337054 1.96028931520026
0.0170332155351539 0.97348692512275 2.06920974136717 2.93535609866509 2.06397561359409
0.0154675256027792 0.946772073835716 2.00877548216151 2.99712894388637 1.99503997511781
0.013189337598288 0.887230939412189 2.17679771419994 2.99660483506361 1.96145050587937
0.0150896144112572 0.963551623043658 1.96101928739301 2.91284759121087 1.89473742695028
0.0139641201686358 0.978693824936271 2.03221264828736 2.98047973787386 1.92441675563836
0.0135517498396128 0.974824837610837 1.95630565512935 2.99806087620998 1.98882243324751
0.0163959291497185 0.955318251483781 1.9515247878613 2.92007368966675 1.89378293172784
0.0246319377993577 0.951761333771808 1.99563874243001 2.85660002339542 1.93603416662753
0.00998914001651982 0.928886703230319 1.98765106308636 2.894175283326 1.89977862346849
0.0222453024199324 0.924135953923201 2.01250304791717 2.84618035443682 1.96928686395571
0.0133973215656777 0.988562442968 2.04028247640049 2.954685403734 2.05824627596653
0.0094011700374523 0.998458065451155 1.88504621687344 2.84743926940965 1.95917206733214
0.0114899066667146 0.865717271320742 2.1401080204376 2.95789291107637 1.9023514282698
0.0110623720628523 0.902513266870872 2.02140417372569 2.94882911805496 1.89777029462741
0.013576722820656 0.917339785896854 2.14457494236214 2.9897071736415 1.93658778389743
0.00886804315325534 0.984889289264726 1.91891352462901 2.87394939621692 2.04831175371112
0.0114296681829381 0.858084648030029 2.10489887525522 2.95972985584162 1.90296400702783
0.0102418995202445 0.980637179106042 1.91356450410663 2.84532413050856 1.99418164435159
0.00873361200132411 0.929004247532131 2.10048436436367 2.85407450304101 2.0225042946193
0.011119473719182 0.967144949417471 2.09835483632908 2.92966297755832 2.06742091085397
0.00891697979145765 0.973245824249928 1.90514738549062 2.98203831000233 2.03653995879164
0.0135801778638027 0.945756973221553 2.03821739543273 2.90421994195572 1.8938981548422
0.0195131895894978 0.988448729450283 1.99976987197833 2.97358069539907 1.91244259020825
0.0103085642856815 0.973038653562139 1.82029898262188 2.99795449381671 2.00542900939273
0.00984895907436326 0.981348399236024 1.89673791000781 2.85478006514297 1.93281218644839
0.0149130940590195 0.967262304990788 1.94706818966374 2.89979007759453 1.89387888926243
0.00962284628513023 0.953898955782757 1.94027032338628 2.93547784420195 1.89117981363363
0.021874304578998 0.908559740550442 2.13059416592247 2.9833647625147 1.92139626713569
0.0106282690360099 0.923446979031166 2.10949114572954 2.89450761400891 1.89500489613763
0.00928993681815487 0.943464816321083 1.93108542523813 2.95755499809216 1.89819247111724
0.0237798878748689 0.941862430244082 1.98746794382189 2.84650005741401 2.0110784373322
0.00906450689329677 0.94907372252729 2.01395655458294 2.98553188500997 1.92285031428709
0.0115910528369467 0.830637093135494 2.29433550718983 3.00317724564892 1.9695030201609
0.0109553767951234 0.989011294050326 1.9447196494526 2.8915057112966 2.06474224221224
0.0151078078084795 0.957150940630004 2.08611088437386 2.84418907354897 2.00712281395395
0.0110943437959252 0.921890457501229 2.09171513388088 3.00067439974376 1.95299635248972
0.0187407627341952 0.964443537575379 1.82337648535807 2.84509373090773 1.94748779612561
0.00907505675160696 0.986042965312536 1.87473947087432 2.93009370963708 1.88718303823958
0.0103069482062217 0.953913566110301 1.9736957621432 2.93352025624039 1.88756610264862
0.0109721341749596 0.896578789537123 2.03210374873685 2.95426886175221 1.89380816836124
0.0108511632918603 0.912541787914801 2.00197725902213 2.98577983629078 1.92001497964099
0.00957505303790072 0.966667950793417 1.96476284973837 2.88512890110409 1.8965132709512
0.00977228994506856 0.941671019742938 2.06502665157119 2.92016082138429 1.88626435445999
0.00920422396281609 0.863481628621966 2.13933338086808 2.87759160121918 1.90079416945597
0.00862794729621682 0.883379746257989 2.0682826487438 2.83909713690632 1.97921181079447
0.0101183646608845 0.941712909015828 2.00726376252635 2.88921479831217 1.89365868765923
0.0107284754166564 0.909957613096582 2.21175110022367 3.0049940199931 1.99364980379195
0.009019340955015 0.797531674482252 2.23322969597334 2.86604458986788 2.04959393580286
0.010217651946589 0.950717592488459 2.06291143610372 2.94690414269054 1.88925615354509
0.00874978132332314 0.894102709683267 2.26325056980153 3.00621634729671 1.98559311952641
0.009503172397188 0.937878351687446 1.91642101762456 2.85585054843561 1.92172779663622
0.0112346188228248 0.90379427870853 2.20033816446397 2.96579931319153 1.89836712100107
0.00810806462788959 0.863270903294995 2.22174979738475 2.98235935729783 2.04668074941855
0.0114891266409043 0.961477442694531 1.86203519801264 2.90185967713169 1.88740516472179
0.00901880298537532 0.903239476601132 2.16063835174974 3.00407560168522 1.95568881932042
0.00800583210412492 0.988026346198072 1.98145322086539 2.97857848452481 2.05086895692227
0.0110156168683478 0.924830619478332 1.95951095704238 2.92116657255715 1.88445646658729
0.0197402311970252 0.896652620473311 1.95205688592711 2.89693156741216 1.88872405404457
0.00822943329615745 0.960141811483276 2.06307840745175 2.99664394589045 2.02706190829209
0.0090478094879084 0.946450863146415 1.97289681580396 2.95446044918334 1.8905639528313
0.0109193284019273 0.980815392617183 2.05320560388798 3.00064408554042 1.94086416196957
0.00928729548007483 0.85257829543773 2.16186590680984 3.00256637249153 1.94532411898326
0.00871897242808901 0.930916099701836 2.07072853300897 2.99958660410473 1.93741586992609
0.00845978905737644 0.826676928589643 2.16077541209999 2.91809280396746 1.88280997515946
0.0114061816472539 0.948674531198233 2.12443471258917 2.98796464665925 2.04278111475025
0.00973979119539808 0.790689307908985 2.35372773836467 3.00307757563125 2.01390625847833
0.0100184214942715 0.870935866637628 2.21194196570673 2.99989183462397 1.93708700060482
