1 0.909768202602516 2.18421257189161 2.92242029086279 1.98497692828509
1 0.956719472844565 1.92446939709135 2.92565242806634 1.99072076295653
1 0.894718866125162 2.03946345496259 2.93188465993262 1.97085181503642
1 0.936137169240103 2.1476113712102 2.90932105084355 1.97276792029145
1 0.918855399330879 2.10232087745117 2.93698497939764 1.98595647935807
1 0.95652950320008 2.05823312542905 2.93644585608015 1.99087361830762
1 0.896645756254384 2.08257512454144 2.92785371052887 1.96087254616566
1 0.947875640213758 1.98590870900959 2.93855267396666 1.96937801029227
1 0.945956763884372 2.04458694149153 2.9039555591635 1.97490328943268
1 0.978899552052154 1.99037311171183 2.93882794387209 1.99093748356237
1 0.973048569786607 1.9318102255102 2.94086452132854 1.96799793678812
1 0.957074828215812 2.00793985865486 2.90764924888293 1.99828832968116
1 0.859782883259769 2.09379594235295 2.91596309476662 1.95593746790941
1 0.87666614815106 2.12226753886722 2.90745950256946 1.96064489367775
1 0.900563782078124 2.048267004823 2.90115151795358 1.97003858227637
1 0.891070523392238 1.98984836499441 2.91462192424251 1.95535235204707
1 0.904669708330873 2.13358105489839 2.90938823487937 1.95748629812871
1 0.88405587743014 2.09601838210004 2.94618260010223 1.98230492097275
1 0.928395299704117 2.08992898964915 2.91166403639755 1.95535586012122
1 0.954532498822714 1.97009992050891 2.9322946451233 2.00495157005195
1 0.864303836411775 2.12580686172763 2.92780570639395 1.95240390279607
1 0.952066257287361 2.01777412103939 2.93958817556297 1.95937066007926
1 0.914532315885902 2.04160437832082 2.89634029606307 1.97693224663473
1 0.895924622267799 2.05408427164635 2.9466700729152 1.96808899114051
1 0.930523480808301 2.13038224770412 2.9410929424057 1.95817190863691
1 0.911983672522065 2.06936348458961 2.9295460142161 2.00935636734707
1 0.986337601346545 1.95319211128227 2.94709202344084 1.99337925219397
1 0.933542844869969 1.92610136969285 2.92685833955508 1.94872158194233
1 0.876587971607455 2.11291911305435 2.89494024540454 1.9896206767611
1 0.879952762871385 2.16600824752744 2.89321172118558 1.98030477335511
1 0.958365406634776 2.09930720344824 2.93897139023755 2.00845424745208
1 0.975554362387432 1.96896190579428 2.94410438687103 2.00457390206052
1 0.939217467252626 2.04079055751261 2.94575876761083 2.00292224048269
1 0.939183648247202 2.01606026100386 2.92943002367011 1.94342129273614
1 0.975298516122 1.95667132346803 2.91876892656735 2.01739302349139
1 0.919436348236358 2.1066645374127 2.88864663921148 1.97782082079117
1 0.954133459579717 2.01703916055829 2.95471742719323 1.99285580556171
1 0.939353318810007 2.07188255440127 2.90212647226924 1.94838550773271
1 0.994283471624368 2.0551315750329 2.93562361917678 2.01641174654068
1 0.899514059119965 2.03919697239478 2.9515760260194 1.95757231723252
1 0.958926970820434 1.90612149117447 2.9278700040561 1.93946655886729
1 0.951246863333118 2.00239893195185 2.88616472258994 1.9750363219504
1 0.986778502132227 1.91346244922255 2.90302133082879 1.94483049242461
1 0.989965458866985 1.9388756264719 2.93731672001153 1.94206593310622
1 0.98303117131771 2.01692460195001 2.95028218386557 1.95197675098543
1 0.945580498532349 1.95791364689669 2.95892191585218 1.9708012890358
1 0.939893230901674 1.95884706595849 2.93108177504945 2.02187902130086
1 0.967024053217661 2.01419607096551 2.96401969257536 1.9844148996057
1 0.830658398271547 2.04987897662586 2.95989264538684 1.95882100490969
1 0.933939820794589 1.87300184379454 2.95673807940062 2.00738665695365
1 0.941226060124726 2.06484992762888 2.92788803138734 2.02709445002383
1 0.942813568055724 2.18653941157022 2.92518443585029 2.02920259343562
1 0.860661405268348 2.22767980825256 2.9664347259848 1.97670846309634
1 0.997717525019301 1.90909896099859 2.88256757506415 1.95745534107456
1 0.900975156035543 2.07569583826337 2.92277125721416 1.92902557952411
1 0.910557952847606 2.0898822918966 2.91364030325568 2.02966007379883
1 0.9085340987945 2.04082110786751 2.96697697871387 1.98803135388731
1 0.883005866604506 2.09923293765072 2.93611953969448 1.93118202016469
1 0.944387869714177 1.98540645386289 2.91682820184172 1.92891097452486
1 0.921191032558859 2.07873325654596 2.88635928375006 1.94792900294215
1 0.921928735838358 1.97899972679709 2.96816450642481 1.98668734773522
1 0.969165037703668 1.93924530807784 2.91457208180044 1.92836702180257
1 0.963705828968944 2.00842208611518 2.9247615845656 1.92746403007514
1 0.92164036898403 2.15623964851334 2.90420180743581 1.93150693716596
1 0.940280512220478 2.04294828184851 2.9109663010369 2.03109216266632
1 0.953642521065996 2.02570697169022 2.9565796163545 2.01895161303279
1 0.987157288887477 1.76869048679745 2.89350064737998 1.93517002468628
1 0.940372389843718 1.92466325720731 2.97135327018105 1.97299824663094
1 0.715412478798212 2.50358103394942 2.96676545269955 1.95460888149495
1 0.858410114746116 2.09883791676492 2.93274102198321 1.92360940017827
1 0.978866352311931 2.02653016025602 2.97008627417437 1.99962819265466
1 0.997312975895797 1.9432503666526 2.8913145207147 2.02527027486172
1 0.838546806376544 2.19572881450595 2.96540978703477 1.94884773638918
1 0.866259552344953 2.09317218080302 2.87298189599879 1.99606010227384
1 0.864570042762453 2.12358928402682 2.94170969740649 2.03518783322325
1 0.951310234119624 1.96387543891496 2.87159557423671 1.96179721334014
1 0.887050329455884 2.09796568052803 2.95580876979317 2.02738133552943
1 0.812960240119646 2.22895847810321 2.91771948398407 1.91883650067903
1 0.880574248484529 2.05198680886642 2.90819822551377 1.91950800317431
1 0.980845781389223 2.00108403086654 2.97138870193462 2.00999934767243
1 0.847251224005708 2.17412846330095 2.97639336781899 1.96172754774031
1 0.961452744679395 2.0651030384985 2.89775249568973 1.92167758017537
1 0.928767475782929 1.95612003735608 2.90900154992862 1.91559773918925
1 0.954233297048199 1.95735944519619 2.88558034747717 1.92823042471469
1 0.927324859284365 2.09966488629441 2.87294493180809 2.01551047334895
1 0.963162058444303 1.96405038202172 2.86436073097883 1.99053682102695
1 0.80340918945195 2.26625195693554 2.9576682096734 1.92484024429274
1 0.9252576779178 2.02545876949676 2.96873317271322 2.02413433439672
1 0.961774267616864 2.00503206130853 2.90496027478858 1.91358716040253
1 0.82306229572897 2.40473447457114 2.98209842451624 1.96407168508043
1 0.95029020543764 2.07979015405597 2.98364451186421 1.97210811323842
1 0.933709753488381 2.05366747596835 2.89266974925478 2.04179439297863
1 0.957057391443112 1.98191840781684 2.94226224976119 1.91256287284512
1 0.895483466634182 2.17970501935938 2.88258739558514 1.92481491264405
1 0.857472060750983 2.19201878743041 2.92075939835441 1.90847600177817
1 0.884804330733457 2.08556296061385 2.86167955576907 1.95857830327616
1 0.856596596648166 2.1461217764856 2.93607415453486 1.90975599968396
1 0.96118085565313 2.01761236249066 2.96966789163388 2.02786847095802
1 0.870313070288426 2.07504177300078 2.87463431442004 1.93183534741634
1 0.933612623465666 1.92191948273869 2.88403683342669 1.9214501464126
1 0.958593369146649 1.96913905893091 2.86435890768065 1.93914567924227
1 0.929987551821158 2.06640366985319 2.96834998223715 1.92274543633898
1 0.894949636697495 2.09536632846445 2.93126905889225 1.90256956198547
1 0.939284239309568 2.11620722319188 2.86132025887367 1.94296493546193
1 0.969067324579156 1.83843715007423 2.90506179743361 1.9029462315925
1 0.816283869952068 2.17726130281127 2.92901509261324 1.9003800711214
1 0.946696545138659 2.08936998466359 2.86533691067505 1.92743283614933
1 0.91499319082028 2.02069215227842 2.99678856957774 1.9810736805946
1 0.94922187878716 2.00832731141504 2.99435695516306 2.00217223313815
1 0.884636777380967 2.11543152205909 2.87300707935966 1.91580070249067
1 0.949430481970233 2.13151334976026 2.9596370085176 2.05347695375315
1 0.919714440794316 1.95393573597754 2.88104069109593 1.90819856030339
1 0.963551623043658 1.96101928739301 2.91284759121087 1.89473742695028
1 0.978693824936271 2.03221264828736 2.98047973787386 1.92441675563836
1 0.974824837610837 1.95630565512935 2.99806087620998 1.98882243324751
1 0.951761333771808 1.99563874243001 2.85660002339542 1.93603416662753
1 0.917339785896854 2.14457494236214 2.9897071736415 1.93658778389743
1 0.984889289264726 1.91891352462901 2.87394939621692 2.04831175371112
1 0.980637179106042 1.91356450410663 2.84532413050856 1.99418164435159
1 0.973245824249928 1.90514738549062 2.98203831000233 2.03653995879164
1 0.981348399236024 1.89673791000781 2.85478006514297 1.93281218644839
1 0.943464816321083 1.93108542523813 2.95755499809216 1.89819247111724
1 0.94907372252729 2.01395655458294 2.98553188500997 1.92285031428709
1 0.964443537575379 1.82337648535807 2.84509373090773 1.94748779612561
1 0.912541787914801 2.00197725902213 2.98577983629078 1.92001497964099
1 0.966667950793417 1.96476284973837 2.88512890110409 1.8965132709512
1 0.941671019742938 2.06502665157119 2.92016082138429 1.88626435445999
1 0.863481628621966 2.13933338086808 2.87759160121918 1.90079416945597
1 0.894102709683267 2.26325056980153 3.00621634729671 1.98559311952641
1 0.937878351687446 1.91642101762456 2.85585054843561 1.92172779663622
1 0.863270903294995 2.22174979738475 2.98235935729783 2.04668074941855
1 0.988026346198072 1.98145322086539 2.97857848452481 2.05086895692227
1 0.924830619478332 1.95951095704238 2.92116657255715 1.88445646658729
1 0.960141811483276 2.06307840745175 2.99664394589045 2.02706190829209
1 0.85257829543773 2.16186590680984 3.00256637249153 1.94532411898326
1 0.930916099701836 2.07072853300897 2.99958660410473 1.93741586992609
1 0.826676928589643 2.16077541209999 2.91809280396746 1.88280997515946
1 0.948674531198233 2.12443471258917 2.98796464665925 2.04278111475025
1 0.790689307908985 2.35372773836467 3.00307757563125 2.01390625847833
0.124379389926433 0.870935866637628 2.21194196570673 2.99989183462397 1.93708700060482
0.0982487712808728 0.907191804734125 2.09136631039895 2.98419032207682 2.0476967439237
0.096242586300831 0.948002720978543 1.93545952416036 2.85734622295414 1.91441353406122
0.119427401976982 0.874100179622246 2.18065845520441 3.00896685712009 1.96878018941295
0.125444354848304 0.862866050502602 2.24803577311772 2.99489182643348 2.03451480522802
0.149974439658244 0.987832192408209 1.97273932427072 2.93896535706089 2.07645619217289
0.124199265051398 0.956592740048937 2.02987223126349 2.91429402376313 2.0783749699684
0.106679376207313 0.977423420624736 1.83027272705803 2.86305795401295 1.90654887846896
0.175713335585571 0.81414250566723 2.10627604332291 2.97770597889953 1.90232515582006
0.109145940247648 0.948397850368845 2.11713392775481 2.94286693769404 1.88293153314141
0.101452081065047 0.892487150183032 2.12664649092951 2.83805156219155 2.010530720777
0.097760452157181 0.870584046256763 2.00039327804516 2.92596764774227 1.8790305404167
0.0945869412847431 0.847127031156119 2.17164939605524 2.91644466351082 1.87909972449188
0.102413759484926 0.803932806229425 2.38485412502409 3.00255757941957 1.934415362821
0.543696170803249 0.858703074705867 2.13721687852316 2.83807215045382 1.94480517553708
0.106418873128844 0.879740422258115 2.10988627473294 2.94393178650485 1.88141251968756
0.118853363194231 0.957440252943934 2.05282852763617 3.01120992219768 1.99534379009555
0.0662628448499912 0.958880172583701 1.94624006858818 2.9868613834118 2.05109525098398
0.0657937479200942 0.934898701570533 1.95874943985928 2.84483884666331 2.03261140205498
0.0714098417756966 0.84456855012879 2.07423882673709 2.85115623997282 1.91600949260906
0.0667416309153076 0.917392533782901 2.04267733301991 2.99259903551313 1.91444947214433
0.0637535055281697 0.957388260154429 1.95589644682855 2.91159447829676 1.87765707258692
0.0695457377931107 0.918186718154664 1.99930310216661 2.89537477916078 1.88145476206591
0.0981313279433114 0.896487563769363 2.0126398285983 2.98316657717643 1.90293151368214
0.085569045275453 0.797609855997341 2.46482504236892 2.97109700639703 1.89249380230758
0.0813084186400821 0.851676943809722 2.19839669404341 2.92820758501396 1.87682307181987
0.0769001238712755 0.881052459366365 2.1436148395812 2.91381593280519 1.87702906060496
0.072232797831353 0.901298517942116 1.95176145562772 3.00710637955149 1.93952732632873
0.0874243609951814 0.893636478146421 2.08151017573338 3.01461516812764 1.98908245469995
0.0758056997365765 0.869644276593708 2.24888876861516 2.92067271323448 2.08472893075831
0.0705396655653583 0.851279864286789 2.11311079467339 2.9527230261643 1.88010101616448
0.0852709252526712 0.970861598958025 1.93287706659805 2.9493250959445 1.87865340096644
0.0906839694104674 0.953934511164076 1.94966745832505 2.84686118884823 1.91638837078679
0.0524143503758908 0.808257164367892 2.26501733545082 2.96458707786678 1.88395511404749
0.0519474772694082 0.962546318169107 2.10185195856214 2.98688949424764 1.90060979598723
0.063209745593691 0.903959288043192 2.19648189380288 3.01593244299136 2.00308021800044
0.0266671775714565 0.973296442640291 1.85446059826164 2.94496334318476 1.87429748064968
0.0293517011440994 0.926106297850495 2.10201664886811 3.01535123890216 2.00773459426877
0.0257488291542424 0.911101548061173 2.11651051505421 2.84311293238823 1.91765237169966
0.035289203508793 0.845947432768842 2.09545049994779 2.82571716850858 1.9720623138859
0.0399044839618144 0.911570988037134 2.17380874817602 3.01989965355064 1.97870353238319
0.0256732059523194 0.968683297734832 1.99828282747757 2.95880381796434 1.87695668656789
0.0189120705790528 0.86594947400762 2.23159849196549 3.00992466706947 2.02994895886564
0.0189503371635059 0.999337060331567 2.00525477032236 2.89138635611555 2.08586072345924
0.0350900080818663 0.860876369362669 2.15046149536491 2.88383756946941 1.87677857469158
0.0300107517656366 0.906041302168009 2.12063983442185 2.89264634654796 2.08640104006249
0.0253463402676653 0.941961528190385 2.15062413353314 2.98910653111148 2.06264804769365
0.0239891784409497 0.841012669554035 2.19598303243673 2.95326906602424 1.87257398732264
0.0430361337369775 0.985283976087911 2.10128110102713 2.89868931370617 2.08991253410524
0.0211429699105518 0.929844773303265 1.98920103043136 2.97830645829865 2.0739775691515
0.0459499490816285 0.988836823061821 1.86069085133774 2.88028738525385 1.8760269723659
0.0187656184795498 0.848821192069688 2.35889993161972 3.02221822620593 2.00249072653949
0.0369144142599022 0.992675341744838 1.75522451165725 2.91222893402458 1.86543195359485
0.0186128150470051 0.949753744903927 1.96428254455982 2.85924367004252 1.88935812221027
0.0174698049959474 0.940412769530376 2.06659214437633 2.97373965550156 1.8802149725682
0.0262484341711713 0.853821474545406 2.21841713852169 2.98829066531299 1.89050361250743
0.0208331242495225 0.891023199975843 2.05741377525035 2.89352446577594 2.09141491264597
0.0494687308051582 0.87573012958638 2.16190180766885 2.99406039441946 1.89449578055985
0.0173031101972035 0.957603181998701 2.09962555900039 2.86670760207555 2.07926835965291
0.0363838562139072 0.812946843736587 2.31666609604275 3.00613216473536 1.90895500917081
0.0215567546139604 0.714570792225898 2.35816039274374 3.00118764824429 1.90169327511002
0.0245765152940217 0.927630536170892 2.07806264676508 3.01498203671908 1.9232019179149
0.0222248076263457 0.968792933143691 1.91804549326736 2.99618831284453 1.89471590806943
0.0206251383210099 0.93656612333138 2.1018031739224 2.96936191812182 1.87308793282204
0.0220146618648635 0.920667918868522 2.19621948432946 2.91727672542824 2.09895935776988
0.0172378294976877 0.990325191490107 1.94007996731966 3.02844506795652 1.96962042767499
0.0144749987063303 0.90226361635267 1.95076220333047 2.8375624195711 1.90598937564085
0.0233088335230829 0.91083848223685 2.18525947216819 3.02159648934378 2.02779904966748
0.0170477817302755 0.929317768624067 2.02753635850161 2.84691229051111 1.89256842193855
0.0160499383247265 0.901487605012002 2.02553359131414 2.83691167281509 1.90476465778255
0.0154951847459141 0.953879206895103 2.02924221750279 3.01317749934872 2.04665259494343
0.0160385527203525 0.895121945322864 2.05210272176669 2.99347524543961 1.887091477543
0.0155977940229347 0.870504932002703 2.27430310651684 3.0310623813368 1.9787988109055
0.025302949355275 0.972944984231025 1.9715202686202 2.83505316624056 2.05392319138255
0.0185936585911505 0.923105059531602 2.02848799544186 2.95924537880951 1.86377526895926
0.0156197039706279 0.889826574331571 2.2376323137391 3.02146556020749 1.92732692346023
0.0144216582739693 0.822402613682564 2.16461048079985 2.96051263391825 1.8640417248615
0.0839780828693296 0.871538148049481 2.09682500243527 2.94127007053525 1.85753311104825
0.0179373694026686 0.770040063817221 2.36914829401213 3.0158787671223 1.9134708447453
0.0183741310244538 0.941816737300045 1.99536105367691 2.82076327663323 1.93033101006058
0.0336076451444675 0.823648233693062 2.20420203944478 2.93463265419265 1.8557725738717
0.0256440238314427 0.960252827791284 1.98851099527366 2.94872574095684 1.85804911720788
0.0170412123429402 0.994176412073448 2.0699229172045 3.01750975412123 2.04517786639092
0.0143572577715416 0.951561184557627 2.16398411667077 3.02901056274058 2.01759617820621
0.0141993143310861 0.87786056385115 1.96482947537855 2.90646606416753 1.85481125217175
0.1113231849198 0.942390702909636 1.99924792780037 2.82165551451473 1.92439307989285
0.0159860935293284 0.995753043040948 1.93511396291145 2.81099147586989 1.96152320737416
0.0157859065886948 0.894264460204304 2.00886356557384 2.85509793552027 1.87708501764545
0.0129822681722393 0.887171113169605 2.10900423654569 3.02869073685845 2.02420760176772
0.013703703716663 0.84208614315929 2.11573571767339 2.90666529900528 1.85261819166925
0.012325944983834 0.751027711638815 2.47982552297944 3.03119415417838 1.94146585369916
0.0179693079385902 0.959328727703118 2.08786375418804 3.03005039545219 2.02267927930307
0.0122047917560517 0.884257656325857 2.11924506485008 3.01878996422467 1.91044193086991
0.011541753915834 0.918716854497402 2.08659616326644 3.03523287652919 1.95722808030588
0.0170332155351539 0.933935821590079 2.04093736887596 3.03159939085962 1.94041080336824
0.0154675256027792 0.947775744093739 2.00359342855154 2.97992780409343 1.86755008121362
0.013189337598288 0.932808312659416 2.10198265644796 3.03040852981998 2.02485862473397
0.0150896144112572 0.869405116178427 2.19045875249603 3.02042913747655 1.91079064218338
0.0139641201686358 0.902205255361798 2.16367051777903 3.02098041934776 2.04841790697805
0.0135517498396128 0.805085361838079 2.11578202016062 3.01793211024571 1.90565929327267
0.0163959291497185 0.892501418397211 1.97428987261556 2.89260230276127 1.8525418338509
0.0246319377993577 0.918928148245575 2.02667638673273 2.80741047563351 2.00384253579524
0.0125028895025826 0.953225565021428 1.90826460371335 2.80560589152086 1.96833964797642
0.0125866044456856 0.897361543658853 2.07303061137132 3.00902790308863 1.89078387498729
0.0132881367164064 0.844418581416014 2.1726912212666 2.95374670518509 1.85167111627063
0.0138377506992021 0.804062622450227 2.26515088279333 2.93409760845736 1.84720293006987
0.0114387287400042 0.838424826755678 2.22299320655772 2.99575673364459 1.87525653285825
0.0126197140777553 0.902254934232535 2.04936592417003 3.0080595982113 1.88748520367158
0.0383327651122021 0.992037063103816 1.92352982971441 2.80879945151269 1.941086374401
0.0125632928726546 0.896372471963894 2.14808922919943 3.03597723391916 2.01878774238235
0.0113397634057097 0.943591194541108 2.01414829090219 2.85751516134442 1.86737616073114
0.0192687635841603 0.93639258495745 1.89978735923353 2.82181739259215 1.90693498355717
0.0178451922831469 0.839232770408776 2.26540567682739 3.03850453218418 1.94586777708344
0.0119706211724472 0.954426086195746 1.98598818305783 2.95158784771591 2.11098206984522
0.0129643070010207 0.915016046713432 2.13151860928783 2.94977851540914 2.1119236225951
0.0107898282394118 0.989347824009528 1.89826518244174 2.83389018647176 1.88735176222813
0.0118221852068685 0.930869548783759 2.10914884856036 3.00007472627369 1.87526193249965
0.013717732111765 0.993058354159955 1.9937963983505 3.03483624531231 2.03009122438584
0.0110135899056085 0.87352098354762 2.10186881498893 2.96749549288788 1.85309498624851
0.0116124536713435 0.765282620257304 2.27706895709622 2.81363572017128 1.9194622818464
0.0148880245462391 0.857566523529709 2.18289331997502 2.88967008801334 1.8474188888135
0.023364822769755 0.929450208052093 2.0373825809543 2.96716382663412 1.85196329086149
0.0181066968136257 0.970683645022659 1.90493204836646 2.88284248796534 1.84953407487659
0.0332825944460044 0.8510423451559 2.0889802294113 2.97115258134562 1.85302666330714
0.0131971310618264 0.83396531657079 2.04008464030444 2.92813893354446 1.84150215964654
0.0124625459034913 0.861327711768856 2.14047671033912 2.8681433243803 1.85531964817468
0.0144579257456298 0.773185479646286 2.31552065233677 3.04390064594854 1.95664994844691
0.0116118394455634 0.879525503543995 2.25583874998446 3.02655528594129 1.90540683230873
0.0113513305268911 0.964097740268219 1.88461757696978 2.90694285203105 1.84127505002019
0.0119539648948908 0.905120798830167 2.11160851890007 3.03826093389484 1.92963557299426
0.0107496164572187 0.896781095329873 2.14044195345021 2.82401951187523 1.89402654208317
0.0118295760730933 0.940622857246522 2.04712342374208 2.81167687999594 1.91501339667018
0.0158981716120645 0.702383952252145 2.40693325687456 2.92688683162923 1.83893410506081
0.0145153990791806 0.946296394433181 2.08105598438611 2.89453406684805 2.11724466115342
0.013348714852674 0.951984677670008 1.88596496262336 2.87357690133498 1.84985339163395
0.0115743994620711 0.961739993722686 1.99185674702528 2.99181913783138 2.09711071710298
0.0142123128802861 0.875641020647701 2.25408929326729 3.04448372616116 2.01150642578262
0.0102840180245297 0.928416731361714 2.02230499035744 3.00286378766848 1.87136786388412
0.0153497756607662 0.84637100257341 2.21884496698696 2.98442962907745 1.85675138616989
0.0157334058447176 0.963996949959941 2.00202504368229 2.96228408758568 1.84556945816893
0.0112711432034346 0.847926589195523 2.16945311050944 3.02048822489214 1.89073647783392
0.0154993604452973 0.992058977547838 1.83730657497943 2.85661340371274 1.85844266817197
0.0261567562775457 0.923003226025743 1.9734718326809 2.87312210280126 1.84882553209387
0.0123022690550372 0.968249524888703 2.12497047395174 3.04310044905333 2.02203189325562
0.0128843138611749 0.821093813243448 2.33293274974602 3.02879584211862 2.05670274134583
0.0103880505496433 0.875576420811186 2.10925770554432 2.9623288072237 1.84443242637224
0.0116225634544027 0.890833044547424 2.03464640224311 2.94082297708139 1.83850458803967
0.013753943725722 0.865242983165822 1.97761456842742 2.93926134879238 1.83800909340094
0.0125974134372541 0.93485665081354 1.96042411306355 2.85022862707519 1.86173164138956
0.0128359924065024 0.943561907599653 2.06830303892599 3.04956215901929 1.98172679829673
0.0123620353914814 0.888018573330123 2.19625588816174 3.04931228091054 1.98948899457073
0.0105091682110354 0.950368237426081 2.16732211294418 3.04047431032956 2.0345928114946
0.0115269910335521 0.739601420378019 2.36478941668618 3.00801495167066 1.87290818794456
0.0136724932235621 0.952844030247392 1.99978788299124 3.02282096012914 2.06887383115805
0.0380467305083907 0.953184574506385 2.0109075981383 2.93756061970784 1.83661308910638
0.010565605310351 0.976528266957031 1.91984456055073 2.79464485045279 1.98759942557759
0.0106638596160482 0.944618250504971 2.04758784972223 2.91384261598304 1.83587478660929
0.0110594000036116 0.897254340163328 2.05003038343449 2.95987140079376 1.84176243268917
0.0124330724593596 0.931749857741303 2.09235630288087 3.0454437140447 1.93905800951512
0.0112708909765692 0.993615715614017 1.91821689492988 2.87568030116274 1.84499468207409
0.156179323561143 0.906920041209944 2.00785121279238 2.81273304089482 2.05575173169893
