1 0.507608326830855 1.0896202860713 1.49958616652181 0.501162223645436
1 0.857702891951138 0.713531849714556 1.49843848726553 0.498889175646048
1 0.509809848773086 0.861475714383444 1.50193201156087 0.499737658136643
1 0.714356981145969 0.801726021946653 1.49869282289222 0.497836861025481
1 0.732006023486554 0.666959529227944 1.50196952014047 0.497750912764947
1 0.386581210275663 1.02260915629896 1.49715418951859 0.500933733117696
1 0.833510813809598 0.677811513115384 1.49668442089544 0.500735826964625
1 0.744221947842517 0.748161166457671 1.49630106858217 0.500805827509789
1 0.413673031303937 1.00405195120367 1.49914103867518 0.504986469433421
1 0.452127209592581 1.06077420958886 1.49763904487361 0.504556007464501
1 0.784422512659956 0.720780005046168 1.49766991920335 0.505150534723964
1 0.872865746378543 0.624372286945466 1.49636454018839 0.494901330649135
1 0.585069492472124 0.87947039746439 1.49455276666313 0.497462544845191
1 0.541264545240842 0.989167277735772 1.50601406149494 0.499573288997844
1 0.450251406642774 0.984576407987703 1.50518516400323 0.49646825173025
1 0.469593593712154 1.18308905340461 1.50583469474987 0.502257579866988
1 0.839616103356709 0.74785627091395 1.50549544203846 0.503927837710947
1 0.839230180799042 0.611083643126799 1.5039485891394 0.494037299950022
1 0.919580844089739 0.550913696518255 1.50667810999403 0.498735343152311
1 0.48327028746638 1.00391378696758 1.50137591526111 0.507354546247909
1 0.902857013263213 0.514116185948112 1.50046128079302 0.50757725453347
1 0.729166014174083 0.713733340211544 1.49293406440284 0.501248301259439
1 0.334855275303315 1.23863699917933 1.50562529257911 0.494763096611565
1 0.380697740393813 1.13769214041487 1.50657245544459 0.49631068455033
1 0.526352084532964 0.971312666351672 1.49286468719579 0.497549054705048
1 0.829188520570314 0.735626987685265 1.49255616724991 0.500806094418166
1 0.332208227781949 1.12341580363744 1.507596958487 0.497916419936157
1 0.815982454727103 0.713467995044406 1.49982668607351 0.508857677378297
1 0.480661714382953 0.974011058057382 1.49184995065065 0.498785442033005
1 0.532768178981947 0.991587787841814 1.50742765974475 0.495706613273206
1 0.778186151581857 0.730793951468961 1.50228690644348 0.508930766726272
1 0.777241001832926 0.641166954758969 1.49513279630048 0.492355331131678
1 0.713485318618971 0.71236656321889 1.49705930513454 0.50876088875581
1 0.785998586888525 0.738778949394006 1.50860911872087 0.501089506375551
1 0.292184617036847 1.24256312596236 1.49496849225853 0.492172416900119
1 0.423977299904814 0.938160569359076 1.49700415039679 0.509080874312002
1 0.568050154470805 0.815260334398198 1.4992182738492 0.490229149672167
1 0.517571764736713 0.89821788682128 1.49721197949987 0.5094466687269
1 0.902781231087795 0.584773867182092 1.50688353858535 0.506452972213489
1 0.451387187123331 1.00754583886073 1.49871409156395 0.509861995660703
1 0.33362413861355 1.30591669770118 1.49110460191879 0.502226637050626
1 0.92368387773715 0.63868346581625 1.50062281040694 0.510096675088983
1 0.401446646150348 1.05241301260534 1.49665732906536 0.509493133668244
1 0.331357712999645 1.19608674508611 1.4934887141794 0.492561330123125
1 0.477974494808256 1.05640291196925 1.50864592466104 0.495784457515906
1 0.449149497820884 1.15211504251667 1.49385239981313 0.492026495953528
1 0.89048449022546 0.626826162420597 1.50547649140215 0.490803284433249
1 0.473677714037837 0.944707331418327 1.4949313880497 0.490425850042152
1 0.375721385942792 1.15081992516252 1.51008611816054 0.500718910443102
1 0.7636862547661 0.642944708433839 1.5087725513235 0.494199535304358
1 0.649086156334166 0.889956111623039 1.51032263018844 0.499731539409502
1 0.360125940686513 1.13820034948774 1.49231773327539 0.508164400678846
1 0.682470082922254 0.764807157579541 1.49512642039823 0.51055513412324
1 0.430986502823988 1.16857122100502 1.50529309687061 0.489468765786309
1 0.680731588955569 0.719077688329751 1.49137586219736 0.507483474774478
1 0.745323837325935 0.694712533028273 1.5072843197584 0.490842374450689
1 0.534960845949602 0.963697040976597 1.50445950398909 0.511152617737187
1 0.807927314447521 0.656059443437646 1.49898397715262 0.487745366809685
1 0.568381049179626 0.929362639337674 1.49111571925361 0.508549493515416
1 0.499711725630433 0.978008879437762 1.48987321491129 0.493311417696489
1 0.757628972663243 0.666869470413487 1.50549291183527 0.488348984942738
1 0.325418864955243 1.32255893704505 1.50836469435576 0.509555217843846
1 0.456126337133971 1.13942869372802 1.51165897673522 0.496263143420566
1 0.262730312184822 1.24154025495571 1.49038233355482 0.491439569231749
1 0.883799051497608 0.577350916193959 1.4879474937898 0.503324936583335
1 0.29315025302582 1.28894288099186 1.51248960628626 0.501185509103863
1 0.471390142644041 0.977454927545287 1.50304690867233 0.486643017192566
1 0.453174554644408 1.02309236394051 1.49670106594193 0.513308168967091
1 0.363202341662314 1.19929844779493 1.49501275096211 0.512671508717957
1 0.688729132706379 0.821978145719646 1.51112383562409 0.49343298639229
1 0.697980349446016 0.771770264336157 1.48814564498668 0.505073600116972
1 0.492783229671984 0.921919389346922 1.48755090051241 0.496913023076889
1 0.45791591837759 0.93810186199309 1.49585842120763 0.486625542109353
1 0.869353563684926 0.691000077004824 1.50941832105416 0.50965473705809
1 0.935724401204601 0.448498444299972 1.49027785935547 0.490359909782076
1 0.940050188708513 0.548631129170099 1.48755986149727 0.495075495521917
1 0.776115381471909 0.711226954558525 1.51135930032564 0.507555888621036
1 0.398199834799084 1.065448081138 1.48798732714051 0.506345184223805
1 0.569097399002346 0.976835388627601 1.51297460351942 0.496365077846663
1 0.677941744427756 0.834020883875326 1.49043036773678 0.510398287521855
1 0.559886796937923 0.980428430506222 1.50203379412196 0.48533647862967
1 0.865420309201146 0.493513322305909 1.48816591982632 0.507218394659492
1 0.334140025525623 1.09937201647449 1.48910244956022 0.509085106231852
1 0.616598347165049 0.954890192544398 1.49959597285765 0.484974480969796
1 0.598992342237465 0.933773959970551 1.48714865059292 0.505426170153004
1 0.787184782383071 0.56088172404149 1.49393341959138 0.486419770773588
1 0.653336871290647 0.710868935356788 1.49748393151404 0.485112646740191
1 0.679901705915962 0.832873259217758 1.50995065711232 0.4892718786981
1 0.622570111827085 0.716964638040266 1.51379630344863 0.502387300192101
1 0.740470635790502 0.732394898113 1.50838930174088 0.487718810847688
1 0.64933457613626 0.742375796232123 1.51361487775996 0.496366985959385
1 0.280518681068252 1.22061228515586 1.5106218391359 0.48993428269
1 0.694701941466765 0.78296876909028 1.4949355898965 0.514447617630119
1 0.532553993401853 0.87388321862925 1.48987257687959 0.488552262350367
1 0.686062290931274 0.746493801363023 1.50115957215511 0.484011898918888
1 0.651680788859286 0.686848592646229 1.51184974243223 0.490509018614242
1 0.440005555595276 1.05836421880904 1.50173214167599 0.515980926651293
1 0.77350610742297 0.7298001537411 1.513589177393 0.493505611295309
1 0.904207605312116 0.583498613905242 1.4869422325506 0.507772992807101
1 0.622873260642865 0.868369390022541 1.49397816873771 0.48509415258019
1 0.5776161472707 0.902856194522801 1.48609484119733 0.506218712897271
1 0.973275789943446 0.575833662392525 1.51466329547433 0.496275753932385
1 0.302678916566763 1.23214738439161 1.51018646529963 0.512264504394638
1 0.475062094296757 0.93054343331574 1.48592049983363 0.49366981230739
1 0.916944159459992 0.601707912194243 1.50949041581257 0.513049843634205
1 0.499682847707239 1.00794128577175 1.51521338026657 0.499263547095766
1 0.694923301523352 0.896052626437471 1.5151812981789 0.503396354556688
1 0.883379584729585 0.520425345788741 1.49626656394026 0.483465103553395
1 0.965170676046327 0.437211396023508 1.48554613942364 0.506472053466746
1 0.670329075573202 0.75352603099913 1.50524230697892 0.483843779009651
1 0.528062567620574 0.981785706928281 1.49990928242453 0.517259759513536
1 0.460250772161428 0.986390208828816 1.48663553114184 0.490797155166489
1 0.927206113298312 0.622769899851188 1.49397876775387 0.516249228868588
1 0.730769291367311 0.820326423308999 1.49261214180696 0.48443230377505
1 0.412674215403822 1.18042502030672 1.49665343198957 0.517195344260344
1 0.706393098434989 0.82151165776991 1.50413379004311 0.517175655021012
1 0.793663013921062 0.830329063656154 1.51630206067046 0.499137798424769
1 0.544925473376877 0.912905913844311 1.51546321547043 0.506472723037712
1 0.401139722179437 1.03210493823617 1.4963582203835 0.517827081468763
1 0.795675623794545 0.725162586280398 1.48463632287847 0.492480866434554
1 0.501351944302776 0.974218247063354 1.51691836593997 0.498548217939068
1 0.844072484085381 0.648774679105611 1.4829394430795 0.501237885007195
1 0.482548400747616 1.01918511959802 1.51739305083502 0.49857525945906
1 0.870342796788936 0.514073838329739 1.48622871327828 0.51186036326156
1 0.812778642024246 0.693119952983414 1.50818154080621 0.482977392229932
1 0.790001097082495 0.67430413994768 1.51502000171451 0.510067815603664
1 0.44641172145009 1.08997334222484 1.48784842034307 0.514029632804575
1 0.452817707962228 1.19307103897076 1.48234525207907 0.502940185059182
1 0.435864601550044 1.14886308917868 1.51647889041632 0.492359835030663
1 0.974622051473359 0.389548820458178 1.51801262947938 0.501542008114584
1 0.458874585064558 1.02013913123193 1.4984356955719 0.519746618129184
1 0.668046408961325 0.730936029985335 1.51661736267712 0.507937400180866
1 0.542018045108616 0.89669850593878 1.48307538813229 0.507123055201277
1 0.572368951426839 0.846323507564516 1.48678235124537 0.5139466240634
1 0.356337372662016 1.06153513341482 1.49116019031739 0.482194474214194
1 0.440967651545131 1.02672691562227 1.48369235867812 0.509693699644233
1 0.651193807822931 0.757344208775361 1.50448402452776 0.48019344283464
1 0.662275135658269 0.777438060235681 1.49379801297576 0.519334987112308
1 0.641561769521916 0.854034570207685 1.48654668575514 0.514635514068834
1 0.659112878492965 0.893574475383316 1.48102521512523 0.500212995139071
1 0.309613524751045 1.23911675682479 1.48558963382323 0.48641748338239
1 0.74087817446375 0.635915578385146 1.49178678566425 0.481146198463135
1 0.514370958019188 0.9370757508358 1.49306931981812 0.519500594383044
1 0.617806681178706 0.932680407781387 1.48239706866017 0.491834823313572
1 0.814238626089498 0.72278478881419 1.51919096909234 0.500911788265487
1 0.84767841224672 0.554022584049481 1.48362606441851 0.488832728723835
1 0.953706037153332 0.400734381436747 1.51817892722854 0.492776254644752
1 0.596476957254278 0.917917423065085 1.48695071749655 0.51586302317211
1 0.713534048528098 0.77410392357586 1.48886305415712 0.517550231108883
1 0.475933784844506 1.0167618374391 1.51588222844285 0.487576588564154
1 0.617147954071454 0.849683550382354 1.49830735789718 0.521310470060444
1 0.898203127341492 0.515644626989824 1.48671431077343 0.515746452354375
1 0.419051656403816 1.11101613678649 1.49036657624183 0.481298547921386
1 0.285791166169418 1.21171504063457 1.50672434626161 0.520214347875839
1 0.505283499892605 1.02080338201878 1.50975784348754 0.481279810080361
1 0.914049536342443 0.670378877875128 1.48031572044067 0.499848918695909
1 0.810649173273676 0.624051986039533 1.51251690817962 0.483327218913033
1 0.439021898238879 0.971082063278141 1.48072525601049 0.504662704467233
1 0.891602606895313 0.555618784591112 1.50342436306287 0.478648275403769
1 0.909830194384203 0.619671594520758 1.50500747246732 0.521146620517249
1 0.819390352063692 0.652926454642345 1.51472817960781 0.514730415531079
1 0.452178905182783 1.03933815206504 1.48246135639818 0.489607972640326
1 0.568677495357133 0.932729074916165 1.51718820247598 0.511231965396252
1 0.584193280542798 0.825320041745098 1.51921892195761 0.506227684228727
1 0.919479266945681 0.417159775321514 1.49031162020418 0.480717938155705
1 0.387613991831607 1.2349254317997 1.52013879022019 0.500498734123791
1 0.545218268140987 0.781074075547559 1.48714233310203 0.517058777801818
1 0.950687136504974 0.501135934744294 1.51841241535094 0.490901586726109
1 0.497107822173156 1.06266410290779 1.49708603568761 0.477931094542118
1 0.810718054140274 0.689456966158597 1.50692161398131 0.520977398150462
1 0.90588943278937 0.54375954597206 1.52018343075017 0.496340447681897
0.190731350328091 0.848371215829029 0.672535182696735 1.48019975113298 0.493927278102236
0.445314965854832 0.575182964925343 1.04082617762191 1.51476352044283 0.515924543960538
0.0943066601799656 0.935990699076041 0.411845232408353 1.51618414800912 0.485552029700743
0.212902543726055 0.92560082485627 0.616495226017182 1.49305322758277 0.478415722882791
0.168648965532412 0.418745990324627 1.14674877862497 1.52044397892982 0.495197633321261
0.201122739184189 0.494213966755495 0.907980527450758 1.5030119711464 0.52296867939931
0.137719868130707 0.318865302565186 1.09355530733389 1.51945788271591 0.509155355598791
0.102898029266003 0.411613537540354 1.15886015187292 1.50394393591235 0.477043017268408
0.118306159683332 0.445288642758566 1.07408767759178 1.50982527879591 0.520782568690094
0.127209346267875 0.711796430281295 0.768632118277123 1.51906398573793 0.510699716200724
0.392008031226352 0.548320905006869 0.730469975962764 1.49490742689304 0.476884316332491
0.106839930138549 0.727267842542014 0.764482685756833 1.49642673583028 0.476491137314964
0.178312575375367 0.485260289180895 1.0812293761922 1.52119377615681 0.494231873490867
0.10943452908177 0.580238800592506 0.908539023598636 1.5158951547327 0.483495256990618
0.207440614442939 0.691122401917276 0.818656076591819 1.52056333851138 0.491686133032957
0.0940148983530746 0.735873258342044 0.611937460901189 1.48060789225817 0.488748861178344
0.107309315300097 0.948239401156524 0.650693972420136 1.52096821811615 0.492755137722823
0.176470092423604 0.65454593010689 0.700125043532161 1.48541213650168 0.518410555450227
0.145430833887919 0.660265283833357 0.900080112546273 1.4776124610525 0.501865666042906
0.129615650433787 0.431306224897115 1.08037334971002 1.51354750896629 0.480313794860531
0.124795246601554 0.41123383224279 1.12518542066531 1.51665417784268 0.516663598889014
0.178224301434343 0.778474516705684 0.765450118751154 1.51739308251999 0.515730397060376
0.157197071845637 0.980791197558587 0.544549573160914 1.51502682071917 0.481497899879066
0.092522710004722 0.781727899507573 0.632806251947845 1.49743160587215 0.475380796903246
0.195273740066852 0.815242705465759 0.569040924035708 1.52027532775532 0.48891796568981
0.0794030848796094 0.780083262621357 0.615114378618066 1.52106615649229 0.509186893040802
0.155184479313902 0.749361184292501 0.597221913590068 1.49401995528447 0.476004001268086
0.185310069491927 0.692774618115082 0.666185475156386 1.48791048854595 0.478890327393064
0.136167997032822 0.854183340194981 0.629828733189364 1.50328620556045 0.475326310822282
0.315879141339542 0.878916431735605 0.617447895028057 1.51193475296899 0.521235894200719
0.104859637335005 0.370927181806206 1.14626222463967 1.51347344746348 0.520132945672342
0.0903301322489385 0.47423321679689 1.09185443269342 1.50417530091417 0.524627244310994
0.0887590999270098 0.947007399087313 0.582090022273437 1.50434860864664 0.5246485729464
0.102160182978305 0.244497598504929 1.24026913454971 1.49505187712605 0.475485399875653
0.12392296413932 0.75231878959715 0.663289499328675 1.49405282994309 0.475751302044021
0.0693161557968742 0.82025853121957 0.758857448435772 1.52161567349415 0.50866973310765
0.179060118287535 0.477515082166509 0.963822877835739 1.5040298139674 0.524895328162514
0.0649364748937282 0.437375397404191 0.996044106264628 1.47685641279664 0.498540826970873
0.0877146685916518 0.848412432053926 0.757687290281635 1.48343488190594 0.517877583799987
0.0854532788977002 0.641160528033465 0.869624805496627 1.50826788543603 0.523826199382859
0.13538934825458 0.491054222478378 1.07258652026122 1.52262095882855 0.493547216217622
0.11246944584467 0.910054085732965 0.531774611655171 1.50378214685124 0.474683579833133
0.0668886155383362 0.340391650349673 1.1790789994042 1.51905876844319 0.485093171988075
0.0633788092232447 0.562611167885764 0.963855768785759 1.51933985954657 0.485378569877808
0.0644853529656033 0.505873157520949 1.03530332512151 1.52338174405362 0.502712522595381
0.0667199476093314 0.581332723597125 0.841645191003929 1.49663554700292 0.474459642658798
0.0663938614138927 0.718185977176495 0.836636113488269 1.52269729616849 0.492711796821133
0.0708010870799552 0.491295941917182 1.02020164880475 1.48093692093475 0.484477115790826
0.078507445680722 0.530560360923774 1.02427885298736 1.51738126059302 0.4822518306108
0.0660454075183002 0.99573835262524 0.524691277879989 1.49705851533837 0.474141601744564
0.0641366867459049 0.660498639811099 0.778329982494299 1.47634600337294 0.496637168228205
0.0658690146021128 0.596484508840645 0.913202443230841 1.5076782084797 0.475211723756908
0.066604329771868 0.401376539400571 0.972474298892624 1.48899772081592 0.476760595542941
0.0518721029731035 0.887944417223418 0.588062997107663 1.48136014911177 0.51640798278597
0.0773108147867197 0.508352555908474 0.901939804042626 1.4765964553232 0.505576630594099
0.0580627393072248 0.760696591797684 0.729557055664613 1.49659254150221 0.474007961699852
0.0881259154873947 0.636869678338998 0.807619836687292 1.52389781793403 0.497416599220665
0.0545001486289383 0.845741627207408 0.697401097045804 1.52272771387451 0.508502678555223
0.0823033875374185 0.36882343113634 1.11574401449356 1.47840426089379 0.488336986837435
0.0800525848602178 0.50343235673705 0.996692719951723 1.47997829699673 0.514661563826558
0.0533105773101493 0.587964474045026 0.863626101253918 1.48349273631082 0.48067431802161
0.0636076017714007 0.56341862913609 0.944895785778536 1.52417586144828 0.497206546726213
0.0474943335198906 0.889866652464967 0.615433954195214 1.48067375242855 0.516211254510512
0.0726694288704598 0.782913661876893 0.63217847202161 1.48050132384361 0.483911318230632
0.046896338049729 0.392398308110198 1.04736731522845 1.48043786234131 0.483916484444791
0.0555422927878204 0.494846774263017 1.04482889833802 1.52333531176638 0.491906281549002
0.0648460629465609 0.569445926685472 0.794265686597171 1.52391297826861 0.494018590811317
0.0747007040735786 0.872168637223006 0.684775620671908 1.48392744438392 0.520396802922137
0.0704355589617221 0.849459875496493 0.632035808571178 1.50113125378576 0.527029033159977
0.0614336581807145 0.463962970984462 1.00899242682316 1.52353775356991 0.491751015519139
0.0456507774462607 0.82526115643997 0.581185336664096 1.47706831651554 0.489866569746922
0.0475281647572459 0.498428284255789 0.968849062090452 1.52036157173626 0.515410695668026
0.0837798326883411 0.770540060762976 0.626732050146093 1.47747350549565 0.488621318504898
0.0752091156104957 0.530282315883828 1.01806358527543 1.50175632600255 0.527170443012797
0.0727632291193891 0.405213529841486 1.11959326151005 1.50214878881095 0.472837785455764
0.127299347026782 0.898972885206972 0.553305755271909 1.48511456076456 0.477923574060085
0.0491794241082206 0.76525581770986 0.75390890894708 1.5137675190477 0.477017810769709
0.0604300260718538 0.816143736740813 0.672924975005558 1.47915926951937 0.515405709959184
0.0671283038454085 0.682482718408792 0.572988842802023 1.4766852615325 0.511383390098256
0.0498956836063063 0.651514453093379 0.777202229108929 1.47484903712309 0.494876362632187
0.0633234672476407 0.86382324185329 0.686799819047887 1.52537636879947 0.496449439528221
0.0484090919777967 0.942831162138935 0.427927831882105 1.48067869212144 0.51838781638973
0.0628819068852384 0.486005181558209 1.01849612401777 1.4951168126241 0.527559256830924
0.0837718521549065 0.801510970381013 0.752197997891285 1.50184012224646 0.528015424000504
0.0655992516786606 0.412582759863929 1.07071590748741 1.47625924352103 0.489436382193368
0.0478398177283625 0.994126007965833 0.575645413482245 1.52055991556132 0.516786075782368
0.087191739181234 0.534128411269164 0.928322824417974 1.52531986088788 0.495325229935999
0.0482759657572681 0.44251414226731 1.00191146047753 1.481004454085 0.480954107413608
0.0534849377265068 0.546415620944315 0.842461360011899 1.48712554934427 0.475509783985115
0.0573159269504183 0.76068488939423 0.807422879921461 1.47813164667059 0.484851170460064
0.0494024248665349 0.469470572426686 0.849481536225909 1.52278892037164 0.486482116383076
0.0565744028901336 0.663063406555751 0.700678603099093 1.51289804132318 0.524694770434557
0.0701915353392397 0.408471160222128 0.995144732063819 1.52199676191469 0.484856377091502
0.0664186536862767 0.815305966744115 0.641677584356577 1.49213625402239 0.472749219824795
0.138761721117813 0.608962761558258 0.811515739516775 1.50241417260065 0.471527677591998
0.0676284830009009 0.703172978591628 0.700559055273318 1.48406076905019 0.522633975929954
0.0535969921468843 0.594045399788048 0.968849232413527 1.4799008707387 0.481711644600261
0.0543969155561243 0.991631102888441 0.549104766910362 1.47630414564077 0.512250696791871
0.0515583710771967 0.786699144452978 0.59701232398392 1.52590425789766 0.495516099358398
0.0989746338182805 0.710566493819565 0.840857732900319 1.47662787556742 0.513043571522616
0.14040571403467 0.482429264758534 0.941311149424069 1.51151534599571 0.525836803979114
0.0636812801052617 0.341381282170246 1.19444000151904 1.51272580637199 0.474783779802915
0.0503891903108902 0.810079143095327 0.654707534295717 1.51249993804442 0.525352803690605
0.0853127966682128 0.760470244441588 0.685903100497226 1.47430445412343 0.506115907321925
0.169567239847839 0.601011862823636 0.920840982595256 1.51265186030397 0.474643518259122
0.0624928875954867 0.821977076912708 0.667158639936072 1.47698428275393 0.514164485269251
0.0521094438529999 0.778462360224516 0.603567683375097 1.47483754968372 0.491149931618542
0.0565057398776853 0.991775016149274 0.487432864731115 1.52642695848729 0.499483202492795
0.0617488980829435 0.783425968860032 0.596274674055538 1.47740751457692 0.515092080975138
0.0607124078203464 0.466609111053088 1.0563883678001 1.52615665494092 0.495357655199886
0.0579231462728004 0.555552678074344 0.847601221239546 1.48193508088802 0.478717379069247
0.0750435752085843 0.735488583382866 0.603411495681802 1.48131563095324 0.479339523383287
0.0517072581468392 0.3990084534016 1.07262134888179 1.49474034461568 0.471453705986315
0.0671742559533299 0.554514678326134 0.898189346187775 1.47466999317362 0.509089524187256
0.0477233454594801 0.909700644856935 0.620799063310993 1.52157700385478 0.48256405532981
0.0633366004965607 0.809415364231367 0.54242085672595 1.48262926024513 0.522407831357294
0.0523742206766167 0.633589678577621 0.795601843875378 1.51344101962593 0.525575490964786
0.0767896528802568 0.579895548394563 0.903710891565844 1.51062367817681 0.472858771857528
0.0676684743391287 0.812892358757487 0.614501583992823 1.47539578208157 0.512140235032765
0.0888585080099006 0.477672053375307 1.05440353987233 1.48704982375636 0.525972446682104
0.0582144500568846 0.452674334244756 1.07252091091988 1.50649757845338 0.471242675299656
0.0839943463957539 0.881512783914981 0.493093007815489 1.47661235255026 0.515155717351292
0.104173921998985 0.923851632366517 0.570912736200145 1.48558992484774 0.474689592029307
0.0788187769475842 0.527794439818723 0.851758188952609 1.49793307275938 0.529757303008425
0.100322615353226 0.44339489466402 1.02440148225695 1.47676588582049 0.515567538305487
0.075842774187982 0.435408072980764 1.19542746324872 1.47444561174702 0.510339845717567
0.0805588624257261 0.894558039375278 0.527141898717904 1.47289464045592 0.496997122479121
0.0766737421067148 0.384613637057721 0.963399596926724 1.47713699233937 0.516257277478723
0.0486671130033779 0.44270951218513 0.985578599485842 1.526100961569 0.508848303633883
