1 0.978794847395213 1.95579402857346 2.92616353341283 1.98009247423469
1 0.945233569491255 1.99376961367115 2.9225246507114 1.9753108969467
1 0.908279979054183 2.08675506239482 2.92640300602099 1.97894470757613
1 0.924070458504426 2.10363757681202 2.92625003764129 1.97823008156961
1 0.909768202602516 2.18421257189161 2.92242029086279 1.98497692828509
1 0.972052886580049 1.99709589388661 2.92046381776636 1.97413931485381
1 0.927490651745534 2.00505205547002 2.91740768216048 1.97732387617856
1 0.946476817268677 1.96649016188388 2.923539664025 1.98574155574951
1 0.95913478751345 2.15508768037189 2.92794538626009 1.98304698690411
1 0.923839048604915 2.0176398765886 2.92873958218858 1.98036597336233
1 0.978504287416021 1.94299330601071 2.92596795350616 1.97271900249301
1 0.949113552424259 2.03756060634319 2.9282267860274 1.98469974670042
1 0.944514412862641 1.95043023409136 2.92940735829808 1.97692443122782
1 0.968687299421959 1.93586989910006 2.92540751150071 1.98749133831714
1 0.859325856862013 2.21722674367414 2.92811947637409 1.98537063696968
1 0.890401925372561 2.15161396139701 2.92812995252469 1.98601497748941
1 0.949899012855649 1.9116644927228 2.9213864947588 1.98939716428949
1 0.928526985892691 2.11022387866809 2.92430982479619 1.97021728893855
1 0.927207561653001 2.1006844535874 2.92777973866408 1.98775614728271
1 0.93599110191467 2.02757323421926 2.92367148550142 1.99003207203675
1 0.92002147299833 2.08760406773819 2.92906465562788 1.98697508655421
1 0.974211249505371 1.9466373270213 2.91326261196573 1.9771200313094
1 0.900726799204589 2.01845208081153 2.91695165300734 1.98856801569562
1 0.961802164097575 1.93929364858343 2.92086636796872 1.96874962704878
1 0.826397265409271 2.28043740291628 2.91906933131968 1.96923500354593
1 0.956719472844565 1.92446939709135 2.92565242806634 1.99072076295653
1 0.939146679754593 2.10290350602048 2.91242168080125 1.98473137269721
1 0.92945120874441 2.12064382152108 2.92097074388813 1.96745010577452
1 0.891939047745092 2.03911467086041 2.92001577811818 1.99260935101602
1 0.963946037502475 1.95596753863625 2.91895125542684 1.99278626956948
1 0.834277612819591 2.20573604523408 2.93173001509468 1.97115697392365
1 0.894718866125162 2.03946345496259 2.93188465993262 1.97085181503642
1 0.984236476294759 1.98592875614156 2.93138123212594 1.97014128553696
1 0.911167458159749 2.20135596998243 2.91804467016254 1.99322044136575
1 0.937540877800857 2.11729118640722 2.91085390806076 1.98660086956679
1 0.941873806624152 2.09672650780865 2.92824018433717 1.99312298252616
1 0.996241521175316 1.85726408081687 2.90887945336504 1.98063269251969
1 0.97864250343321 1.93675393480812 2.9170464042219 1.96551334676935
1 0.989117021287103 1.97756608057947 2.93125887286654 1.96767229347462
1 0.963220052061973 1.96451560013661 2.93473613076831 1.9870870845021
1 0.89019253460715 2.0846542736497 2.92343058791894 1.96403278571346
1 0.989365558269908 1.95385172263732 2.92564718610992 1.96425813248674
1 0.974583131139144 1.89930462801809 2.92998097540517 1.99321062387741
1 0.903262582220547 2.01620945950158 2.91754957855827 1.9644388617883
1 0.936137169240103 2.1476113712102 2.90932105084355 1.97276792029145
1 0.921183836687189 2.16203377837584 2.92452880318501 1.99597157410161
1 0.829334180278315 2.14924480386391 2.90831712355053 1.97536434914474
1 0.925355368502998 2.04054419996489 2.936985218159 1.97761213622093
1 0.94542933265828 2.12681673014713 2.90933608938807 1.97145673290719
1 0.85486648383391 2.22807710712827 2.93335160784485 1.96826496277708
1 0.966246592200733 2.01718765322862 2.92312071536992 1.99736981756146
1 0.918855399330879 2.10232087745117 2.93698497939764 1.98595647935807
1 0.861228315003373 2.20087868342814 2.93797160036402 1.9834596150903
1 0.932811295291738 2.06865367805684 2.93637852164805 1.97098177659133
1 0.825442627132151 2.196802160275 2.92509342951381 1.96172840423278
1 0.926340046886447 2.02658229304034 2.91045843235385 1.99227278842107
1 0.963891474664847 2.01028147971423 2.90676407717199 1.98529154844174
1 0.86250987184964 2.15925416455676 2.90624007778854 1.98287976934101
1 0.847808569009822 2.20019899254213 2.93805537733595 1.97456208947128
1 0.871645285963342 2.23005280228264 2.93177838211389 1.99525646665857
1 0.988211430696961 2.09550393681071 2.93769326508544 1.98718503725796
1 0.940391290299597 2.01753836943596 2.93062419283713 1.96324202787371
1 0.845663138333477 2.18837873293347 2.92561826217149 1.96096629117928
1 0.95652950320008 2.05823312542905 2.93644585608015 1.99087361830762
1 0.843470964553714 2.10307707394196 2.90786257808624 1.96925027031818
1 0.933727676798421 2.02510416638379 2.90922253723695 1.96688323173755
1 0.91588820330352 2.02106376427081 2.93241079267605 1.96366209339988
1 0.879522283825587 2.2429824189503 2.91523553143487 1.997818700238
1 0.982232598023535 1.95464299636041 2.93033266221609 1.99739750373874
1 0.923555007495705 2.0327610997044 2.90737214182703 1.96934277558551
1 0.896645756254384 2.08257512454144 2.92785371052887 1.96087254616566
1 0.98418568177304 1.97784793290033 2.9262120073934 1.99922089343621
1 0.918179715912528 2.09768776605717 2.93065871677107 1.99745740410616
1 0.949814054219753 2.04532422244184 2.91163368311028 1.99582620398439
1 0.981742401532883 1.87746669594398 2.906052620239 1.97135602105196
1 0.944995372796167 2.05828665209128 2.91655766113581 1.96059879384919
1 0.893921679534752 2.15427658543718 2.91536301080344 1.99842637108326
1 0.986454365221969 1.972931394968 2.92342458463909 2.0002917232303
1 0.918729841426228 2.09191613717396 2.93855130800235 1.98988205571312
1 0.989973436660329 1.91998760947123 2.93281387998587 1.99702404743069
1 0.948147668059263 2.10012785229285 2.93918711138393 1.98878192238405
1 0.947875640213758 1.98590870900959 2.93855267396666 1.96937801029227
1 0.948235631795011 2.00341469405825 2.92950300539044 1.96022289691401
1 0.945956763884372 2.04458694149153 2.9039555591635 1.97490328943268
1 0.911756303799418 2.05116111812301 2.93776117680582 1.96739528473959
1 0.922373653961963 2.08491050015058 2.90349644864202 1.98296522567158
1 0.978899552052154 1.99037311171183 2.93882794387209 1.99093748356237
1 0.92772846409596 2.02315832851995 2.94171348296169 1.97675695110308
1 0.961938559572193 1.95030478667177 2.9064471164364 1.9926079132172
1 0.953902630343058 1.99267667418353 2.92244143260618 2.00218440798352
1 0.996908087752157 1.97391196719305 2.91110054342533 1.96097592771406
1 0.99637932123809 1.90315986425476 2.94243728571825 1.97880572103519
1 0.92681960604188 2.01307064819741 2.9079570984041 1.96352114197189
1 0.875474780936788 2.06624994268976 2.91371229403377 1.95877279959707
1 0.950371102827812 1.99304530802096 2.93847702648615 1.96486619493719
1 0.902380233772773 2.09794736896749 2.93136401612296 1.95837547620104
1 0.850770210794209 2.26148326930626 2.91375403243927 2.00157259730007
1 0.963638093771361 2.0346714284448 2.92115252107752 1.9559218099057
1 0.973048569786607 1.9318102255102 2.94086452132854 1.96799793678812
1 0.988769108313623 1.92396741343303 2.92356194652356 2.00379108817841
1 0.963701238188161 2.11782940477544 2.93513917096572 1.96031475806483
1 0.881132854699956 2.17588587533043 2.94388739961982 1.98117402059209
1 0.947521643296294 2.03071345855407 2.91739717356653 1.95603239748133
1 0.972504679610285 1.89824899439176 2.92038346035373 1.95542419420922
1 0.923118388732968 2.04398583039735 2.90268838815792 1.9694421455599
1 0.953208221051454 2.01458092576891 2.90316611500705 1.96826296751414
1 0.864474442652146 2.1767523863646 2.90182994032332 1.98807398604801
1 0.901106256937387 2.19572674279527 2.92822946932974 1.95588891500815
1 0.925930661813399 2.08132605484013 2.93817833350907 1.9625219031265
1 0.957074828215812 2.00793985865486 2.90764924888293 1.99828832968116
1 0.859782883259769 2.09379594235295 2.91596309476662 1.95593746790941
1 0.948278135665581 1.99026992404434 2.93739944836154 1.96117327220922
1 0.932932115381317 2.16033006606956 2.90791538444093 1.96042764573517
1 0.87666614815106 2.12226753886722 2.90745950256946 1.96064489367775
1 0.970000266691058 1.86161518172619 2.9369014386066 1.96031424526682
1 0.970811059865468 1.98884881806002 2.91535264040766 1.95552645655463
1 0.935171331189352 1.9850272198155 2.91935307499687 2.00507862129861
1 0.883349581580111 2.08412903902393 2.89977857499781 1.97698025261752
1 0.789159841857774 2.182315813959 2.90001774916909 1.97464187919888
1 0.900563782078124 2.048267004823 2.90115151795358 1.97003858227637
1 0.945526173288161 2.0880014848677 2.93264427390744 1.95670730183029
1 0.868559509324074 2.16953111329288 2.93660288748742 1.95951032000674
1 0.891070523392238 1.98984836499441 2.91462192424251 1.95535235204707
1 0.840222210909874 2.17118617431394 2.93813112340801 1.9986698247349
1 0.813969454005215 2.28158035340783 2.91255359682796 1.95591332131033
1 0.99608958556508 1.9451192734818 2.91504069981534 2.0047780465126
1 0.992707539195406 1.80808589575258 2.93616948479859 1.95849711452433
1 0.854471315896085 2.23786204494462 2.90765642596788 2.00036592403145
1 0.904669708330873 2.13358105489839 2.90938823487937 1.95748629812871
1 0.985172526485109 1.76243014843736 2.91727995791467 1.95338595674304
1 0.88405587743014 2.09601838210004 2.94618260010223 1.98230492097275
1 0.904193472243761 2.13353597194003 2.90618600482676 1.99985936613183
1 0.916617463406049 2.15916482376105 2.92828741845316 1.95340409038536
1 0.928395299704117 2.08992898964915 2.91166403639755 1.95535586012122
1 0.849941205585609 2.23938624046209 2.91161119735157 1.95525711519586
1 0.958922554190197 1.97348722033916 2.90236864672581 1.96425894841918
1 0.954532498822714 1.97009992050891 2.9322946451233 2.00495157005195
1 0.919654905966034 2.09239982928736 2.93233732441635 1.95442112331007
1 0.985139740636712 1.95613368614444 2.91163975662414 1.95463399094939
0.124379389926433 0.920450758473401 2.13971735406703 2.94483179562972 1.96809375551701
0.0982487712808728 0.928129343657966 1.9978064419538 2.91163940998086 1.95458466995111
0.096242586300831 0.920581925086679 2.11826983060398 2.89814261419113 1.97363793613233
0.119427401976982 0.864303836411775 2.12580686172763 2.92780570639395 1.95240390279607
0.125444354848304 0.92703875939717 2.10609720309003 2.92130043271787 1.95164710251945
0.149974439658244 0.99644598381068 1.98250298565503 2.93256489286673 1.95406712149015
0.124199265051398 0.952066257287361 2.01777412103939 2.93958817556297 1.95937066007926
0.106679376207313 0.994944986747102 1.9590288500195 2.91226207231883 2.00559203323736
0.175713335585571 0.930533472926066 2.14917516097916 2.94655711493306 1.98770809385032
0.109145940247648 0.946888783012967 2.05177746643688 2.94699067751751 1.97345337060774
0.101452081065047 0.925070590958961 1.95099380053203 2.90076466880809 1.9946484241232
0.097760452157181 0.989907938825096 2.00377753668377 2.93282212100062 2.0060173114015
0.0945869412847431 0.996828640157718 2.00675482255281 2.92491654068866 2.00842977105401
0.102413759484926 0.906440442723616 2.08502871519791 2.91694776799197 1.95157666372883
0.543696170803249 0.929408791398096 2.11749683535207 2.91580860357337 2.00810944731595
0.106418873128844 0.893089173485348 2.08526769156197 2.91550885525849 2.00804380319519
0.118853363194231 0.940579200197482 1.97725021580847 2.94717029016323 1.97087836787268
0.0662628448499912 0.969862328598121 1.88271452403275 2.89742688357432 1.97116320298402
0.0657937479200942 0.914532315885902 2.04160437832082 2.89634029606307 1.97693224663473
0.0714098417756966 0.917080775652515 2.11468870396513 2.9441007332714 1.96342885153089
0.0667416309153076 0.983294838397624 2.0104805999363 2.93187151357353 1.95214734399614
0.0637535055281697 0.895924622267799 2.05408427164635 2.9466700729152 1.96808899114051
0.0695457377931107 0.923607158325847 1.99071186678019 2.94895721008141 1.97921847346679
0.0981313279433114 0.930523480808301 2.13038224770412 2.9410929424057 1.95817190863691
0.085569045275453 0.913734077662036 2.24453862260785 2.9398091958866 2.00278761250575
0.0813084186400821 0.999461822675276 1.89281756879357 2.91353621265339 2.00852486944272
0.0769001238712755 0.973696926292222 1.99188986156894 2.94857479070642 1.97257571776758
0.072232797831353 0.972726398763283 2.00108571637303 2.90456929452442 2.0027994447967
0.0874243609951814 0.950740836923446 1.9946524691093 2.91109008807484 2.00762585442455
0.0758056997365765 0.911983672522065 2.06936348458961 2.9295460142161 2.00935636734707
0.0705396655653583 0.885139887440752 2.13017678564003 2.94952275151407 1.97794293104242
0.0852709252526712 0.972828211505428 1.89642221160274 2.94928764339873 1.97473243708839
0.0906839694104674 0.986337601346545 1.95319211128227 2.94709202344084 1.99337925219397
0.0524143503758908 0.936307870812545 2.04656388034016 2.89894108020312 1.9633845634847
0.0519474772694082 0.884824259441161 2.17413998396786 2.94217514664569 1.95805945071398
0.063209745593691 0.973100932462194 2.00379218462414 2.90318750947773 2.00223531995718
0.0266671775714565 0.936760867090134 1.98592588536141 2.94226196025087 1.95793885052725
0.0293517011440994 0.947713593657648 1.92987336570005 2.94238951830842 1.95806874747027
0.0257488291542424 0.947103103518257 2.04098931718016 2.94859059259625 1.96939044024913
0.035289203508793 0.879428998060863 2.1874888599223 2.9145167495651 1.94963513243292
0.0399044839618144 0.865810864271395 2.09293010912438 2.8946314216897 1.98292647014002
0.0256732059523194 0.890290024726028 2.19395675842004 2.93364024599199 1.95104729498545
0.0189120705790528 0.933542844869969 1.92610136969285 2.92685833955508 1.94872158194233
0.0189503371635059 0.882365205362209 2.18980877126197 2.95026005921563 1.98194025069538
0.0350900080818663 0.940232200586804 2.11466679160033 2.89504230173835 1.9867204983143
0.0300107517656366 0.888684906193562 2.16846769178059 2.9498401260106 1.97121937990588
0.0253463402676653 0.963171773777898 2.00444647122655 2.94983064340192 1.98845180969982
0.0239891784409497 0.907362610309918 2.16431599584405 2.93332180541909 1.9499837638337
0.0430361337369775 0.872558765947549 2.12248333846617 2.92963396692416 2.01101728484366
0.0211429699105518 0.928715575801378 2.08768977209526 2.94311723294612 1.95743693545788
0.0459499490816285 0.987225118245768 1.91782366518627 2.89429213210965 1.97268202943888
0.0187656184795498 0.876587971607455 2.11291911305435 2.89494024540454 1.9896206767611
0.0369144142599022 0.973066913284525 2.08821866875181 2.91222384171834 1.94927155119715
0.0186128150470051 0.852679894875705 2.23452129671105 2.95048279363822 1.97176544062916
0.0174698049959474 0.971791716593058 2.04807347820651 2.89371224887135 1.98527072559672
0.0262484341711713 0.879952762871385 2.16600824752744 2.89321172118558 1.98030477335511
0.0208331242495225 0.974748849764583 1.90639951066018 2.93491227414338 1.95000701285747
0.0494687308051582 0.932119971576482 2.02620778797074 2.90046872730666 2.00195777608503
0.0173031101972035 0.929894839312687 2.01064424283313 2.93595055387169 1.95031195883437
0.0363838562139072 0.938032803426368 2.03687556030312 2.89502631717041 1.99223670949319
0.0215567546139604 0.955528181757661 2.15329297458735 2.93171403914631 1.94817741463991
0.0245765152940217 0.969635405003178 2.03289276460582 2.94734452143288 1.99757537966974
0.0222248076263457 0.895008897934439 2.1221217882354 2.89319997793966 1.98599331931284
0.0206251383210099 0.891677602813331 2.08528570090988 2.94283007187801 2.00410029526457
0.0220146618648635 0.99321645148308 1.95004528487244 2.9145367610913 1.94711699721732
0.0172378294976877 0.965116678431578 2.02133258613455 2.94003033908061 1.95224091465604
0.0144749987063303 0.971987844254325 2.14264127528316 2.951969124217 1.9861842140865
0.0233088335230829 0.917567934895112 2.19682837786702 2.93369788271053 1.94822088348765
0.0170477817302755 0.963425192151504 2.03380114976416 2.94422235899544 2.0033303401632
0.0160499383247265 0.985318731426995 1.92151670702469 2.89537473669795 1.99536534042707
0.0154951847459141 0.835607442387327 2.1627289360216 2.94947597569579 1.96444190922937
0.0160385527203525 0.88276930545306 2.24128894104003 2.95191077609016 1.9718184825715
0.0155977940229347 0.958365406634776 2.09930720344824 2.93897139023755 2.00845424745208
0.025302949355275 0.920587869710238 2.06335372431052 2.94705242755728 1.95951543219869
0.0185936585911505 0.925792193866114 2.14756029367359 2.9523574395454 1.98667083066898
0.0156197039706279 0.952941222954953 2.00908601628503 2.94408971970234 1.95542077036015
0.0144216582739693 0.952226984491944 1.96817972498336 2.89781711041667 1.95904023864976
0.0839780828693296 0.933153809099188 1.919396212664 2.91066586843779 2.01200988119604
0.0179373694026686 0.997702406275864 2.03658092915724 2.91274366741441 2.01291552931104
0.0183741310244538 0.975554362387432 1.96896190579428 2.94410438687103 2.00457390206052
0.0336076451444675 0.933404353757487 1.9815703288052 2.953026134326 1.98439511973132
0.0256440238314427 0.841154764721082 2.17704089772451 2.95295919284368 1.97433536543519
0.0170412123429402 0.939217467252626 2.04079055751261 2.94575876761083 2.00292224048269
0.0143572577715416 0.874071404094881 2.21881455971356 2.94691398600392 2.00162534568896
0.0141993143310861 0.825428843456738 2.13599478236942 2.89507817060058 1.96225461724022
0.1113231849198 0.963990122132747 1.95515442570629 2.93501470411908 1.94734821255804
0.0159860935293284 0.983953724924987 1.89709305292677 2.9170609207008 1.9448298786348
0.0157859065886948 0.943886312885668 2.09476054313378 2.92829047531675 2.01464505739185
0.0129822681722393 0.888027958726073 2.16341029348067 2.91118632202412 1.94654899175059
0.013703703716663 0.995585202679065 2.00711642416776 2.92249139446228 2.01549817703912
0.012325944983834 0.999813880090137 1.90847268306386 2.91463952573694 2.01462030185631
0.0179693079385902 0.969340771197565 2.0670019188661 2.95421360040002 1.98192564011403
0.0122047917560517 0.967841115408651 2.05218592911756 2.93482122931147 1.9465738974514
0.011541753915834 0.942188011472686 1.97958091012886 2.92008872782952 1.94360914370866
0.0170332155351539 0.944816903290709 2.10058945966802 2.89070396705689 1.97290973858927
0.0154675256027792 0.953022979282909 1.95379185471866 2.92306466139238 1.94344156263232
0.013189337598288 0.92495151454814 2.12708535229499 2.93692709894755 2.01217750054033
0.0150896144112572 0.999985030752083 1.97596939001663 2.9134730546422 1.94474770732045
0.0139641201686358 0.937013911666819 1.88337861030826 2.89653732875996 1.95781547058622
0.0135517498396128 0.808543485506585 2.18797823679119 2.93653811973911 2.01252646718308
0.0163959291497185 0.890906234297133 2.10781969522477 2.91034199358264 2.01362163371496
0.0246319377993577 0.971458714279528 2.05439861901179 2.92017670987654 2.01615287301062
0.00998914001651982 0.83158412120215 2.20528804925923 2.90794612420075 1.94709058064962
0.0222453024199324 0.84804938956711 2.18331366211669 2.89010384174842 1.97470722624767
0.0133973215656777 0.91351512667141 1.99643140605114 2.92407213076976 1.94310712060274
0.0094011700374523 0.918559010312106 1.9306663159388 2.90640136208899 1.94767952418371
0.0114899066667146 0.999067785640799 1.86157661320228 2.90830071026081 2.01308646952879
0.0110623720628523 0.882613810346704 2.1044333395736 2.95218840676513 1.9950242960985
0.013576722820656 0.960428357926304 2.0344983093366 2.89576493366573 2.00139117544727
0.00886804315325534 0.961837213776974 1.99831691821652 2.89078288620578 1.96890448261883
0.0114296681829381 0.939183648247202 2.01606026100386 2.92943002367011 1.94342129273614
0.0102418995202445 0.869925389666005 2.13682380294889 2.92590541103534 2.01680354170323
0.00873361200132411 0.977088643209143 2.01244733063976 2.89178848290511 1.99429257108879
0.011119473719182 0.967116995662733 1.97559038910205 2.89144508361601 1.96565545569907
0.00891697979145765 0.937053889534682 1.89090024238143 2.90550051033288 1.94727639338501
0.0135801778638027 0.859476057754209 2.1386908503025 2.95578369513303 1.98230247345297
0.0195131895894978 0.975298516122 1.95667132346803 2.91876892656735 2.01739302349139
0.0103085642856815 0.933349242797686 2.04317587427155 2.89521562993859 2.00206515135683
0.00984895907436326 0.919436348236358 2.1066645374127 2.88864663921148 1.97782082079117
0.0149130940590195 0.974703780187233 1.97069461830223 2.93874322122352 2.01301922703369
0.00962284628513023 0.915554423030253 2.1622277456778 2.90098471269035 2.00922829613896
0.021874304578998 0.926205647767975 2.00399548470649 2.9532052229932 1.96429954717124
0.0106282690360099 0.999558006792496 1.94495979990715 2.954230262099 1.99241667552655
0.00928993681815487 0.863132381790248 2.08992387408053 2.92217668084529 1.94158155885929
0.0237798878748689 0.889805293127495 2.15215853270692 2.94233049955278 1.94886859499134
0.00906450689329677 0.885576875104328 2.17738222224774 2.89472353788925 1.95751724884815
0.0115910528369467 0.873048450875568 2.08490803154579 2.89529314323164 1.95635246623761
0.0109553767951234 0.908272169465055 2.06950583247583 2.91912112615104 1.9413992034536
0.0151078078084795 0.859625316968995 2.24177079278584 2.9486684792536 1.95511298128563
0.0110943437959252 0.962964231182922 2.00102742026268 2.95048262045508 1.95776765534072
0.0079566357100953 0.878440818309539 2.21482157249399 2.89093775348989 1.96425620362283
0.00908465036907524 0.94803335567937 2.16379311601539 2.94321408653532 1.94908894230856
0.00794336029308295 0.898379049907912 2.18633956856383 2.89161180364501 1.96255415589146
0.0110527647073966 0.954133459579717 2.01703916055829 2.95471742719323 1.99285580556171
0.00748981492725879 0.939353318810007 2.07188255440127 2.90212647226924 1.94838550773271
0.0085092297376049 0.886767909882103 2.1036862440298 2.93256422740464 1.9426672074565
0.00821293983280044 0.942641200146151 2.01270696337927 2.90670016498853 2.01473086632542
0.0090747594444431 0.972711864332585 1.87899839956022 2.89220288566228 1.96016613113613
0.0142807106217056 0.984311577527713 2.00720997802785 2.95529076100432 1.99249154760716
0.00958774080098695 0.974048359780586 2.00393399966455 2.95706459999008 1.98451097704761
0.0106267120855703 0.891936675275228 2.11141226126807 2.9145247517513 1.94124554993603
0.00959141446673778 0.942118219652103 2.05845540453475 2.93792682276815 1.94432933289467
0.0107934530905979 0.925755716108602 2.03296257963504 2.90777965673079 1.94378069039241
0.00925605533290339 0.994283471624368 2.0551315750329 2.93562361917678 2.01641174654068
0.00861324118142357 0.943409475169984 2.04219139663359 2.90690513074769 1.94418831363458
0.0114379076623776 0.899514059119965 2.03919697239478 2.9515760260194 1.95757231723252
0.00837773595039052 0.930057954788542 2.10329984194907 2.90390432552959 2.01378248334333
0.00980356923172552 0.931549194416913 2.07565551350583 2.92626929501106 2.01944522981452
0.0130127121000037 0.892471049173814 2.00383707411108 2.95782665154498 1.9810309059154
0.0103566428013176 0.94493105457996 2.09668759602701 2.93812316159054 1.94391527400334
0.0144078881544656 0.991831322092232 2.04047794206389 2.94378340216841 1.94782635044966
0.0146980972270861 0.96969413155556 1.85877919955843 2.91935493692844 1.93984657666491
0.00741483569733643 0.942360804091507 2.03899151293581 2.94593961968841 1.94978368395053
0.0102436845748068 0.961166446214123 1.96051324823872 2.95431341261527 1.96200246607597
0.0147738282350907 0.999983944544877 1.92915758297903 2.89314556197565 1.95670184158671
0.0140337428486983 0.861915607081882 2.20645663119851 2.92609653569093 1.93975831918812
0.00865730280507261 0.947200839266721 2.05552725589543 2.94721032258676 2.00879989751068
0.0124326186215088 0.953708614083096 2.07173677507082 2.91535658593017 1.94010061836274
0.0149592681992259 0.954286322210466 2.05763342066889 2.88650328048527 1.97608327292589
0.0127273240071707 0.970052305534945 1.97868658030775 2.94024375921359 1.9445183828881
0.0111676860896235 0.982951668382471 1.99892636383097 2.91495794398079 1.93999759887071
