1 0.909768202602516 2.18421257189161 2.92242029086279 1.98497692828509
1 0.956719472844565 1.92446939709135 2.92565242806634 1.99072076295653
1 0.896645756254384 2.08257512454144 2.92785371052887 1.96087254616566
1 0.947875640213758 1.98590870900959 2.93855267396666 1.96937801029227
1 0.978899552052154 1.99037311171183 2.93882794387209 1.99093748356237
1 0.957074828215812 2.00793985865486 2.90764924888293 1.99828832968116
1 0.859782883259769 2.09379594235295 2.91596309476662 1.95593746790941
1 0.87666614815106 2.12226753886722 2.90745950256946 1.96064489367775
1 0.900563782078124 2.048267004823 2.90115151795358 1.97003858227637
1 0.904669708330873 2.13358105489839 2.90938823487937 1.95748629812871
1 0.928395299704117 2.08992898964915 2.91166403639755 1.95535586012122
1 0.954532498822714 1.97009992050891 2.9322946451233 2.00495157005195
1 0.864303836411775 2.12580686172763 2.92780570639395 1.95240390279607
1 0.895924622267799 2.05408427164635 2.9466700729152 1.96808899114051
1 0.933542844869969 1.92610136969285 2.92685833955508 1.94872158194233
1 0.876587971607455 2.11291911305435 2.89494024540454 1.9896206767611
1 0.879952762871385 2.16600824752744 2.89321172118558 1.98030477335511
1 0.958365406634776 2.09930720344824 2.93897139023755 2.00845424745208
1 0.939217467252626 2.04079055751261 2.94575876761083 2.00292224048269
1 0.954133459579717 2.01703916055829 2.95471742719323 1.99285580556171
1 0.939353318810007 2.07188255440127 2.90212647226924 1.94838550773271
1 0.994283471624368 2.0551315750329 2.93562361917678 2.01641174654068
1 0.899514059119965 2.03919697239478 2.9515760260194 1.95757231723252
1 0.958926970820434 1.90612149117447 2.9278700040561 1.93946655886729
1 0.986778502132227 1.91346244922255 2.90302133082879 1.94483049242461
1 0.989965458866985 1.9388756264719 2.93731672001153 1.94206593310622
1 0.939893230901674 1.95884706595849 2.93108177504945 2.02187902130086
1 0.830658398271547 2.04987897662586 2.95989264538684 1.95882100490969
1 0.933939820794589 1.87300184379454 2.95673807940062 2.00738665695365
1 0.941226060124726 2.06484992762888 2.92788803138734 2.02709445002383
1 0.942813568055724 2.18653941157022 2.92518443585029 2.02920259343562
1 0.860661405268348 2.22767980825256 2.9664347259848 1.97670846309634
1 0.997717525019301 1.90909896099859 2.88256757506415 1.95745534107456
1 0.910557952847606 2.0898822918966 2.91364030325568 2.02966007379883
1 0.883005866604506 2.09923293765072 2.93611953969448 1.93118202016469
1 0.921191032558859 2.07873325654596 2.88635928375006 1.94792900294215
1 0.921928735838358 1.97899972679709 2.96816450642481 1.98668734773522
1 0.969165037703668 1.93924530807784 2.91457208180044 1.92836702180257
1 0.963705828968944 2.00842208611518 2.9247615845656 1.92746403007514
1 0.92164036898403 2.15623964851334 2.90420180743581 1.93150693716596
1 0.953642521065996 2.02570697169022 2.9565796163545 2.01895161303279
1 0.858410114746116 2.09883791676492 2.93274102198321 1.92360940017827
1 0.978866352311931 2.02653016025602 2.97008627417437 1.99962819265466
1 0.997312975895797 1.9432503666526 2.8913145207147 2.02527027486172
1 0.838546806376544 2.19572881450595 2.96540978703477 1.94884773638918
1 0.864570042762453 2.12358928402682 2.94170969740649 2.03518783322325
1 0.887050329455884 2.09796568052803 2.95580876979317 2.02738133552943
1 0.812960240119646 2.22895847810321 2.91771948398407 1.91883650067903
1 0.980845781389223 2.00108403086654 2.97138870193462 2.00999934767243
1 0.847251224005708 2.17412846330095 2.97639336781899 1.96172754774031
1 0.928767475782929 1.95612003735608 2.90900154992862 1.91559773918925
1 0.80340918945195 2.26625195693554 2.9576682096734 1.92484024429274
1 0.9252576779178 2.02545876949676 2.96873317271322 2.02413433439672
1 0.82306229572897 2.40473447457114 2.98209842451624 1.96407168508043
1 0.95029020543764 2.07979015405597 2.98364451186421 1.97210811323842
1 0.933709753488381 2.05366747596835 2.89266974925478 2.04179439297863
1 0.957057391443112 1.98191840781684 2.94226224976119 1.91256287284512
1 0.895483466634182 2.17970501935938 2.88258739558514 1.92481491264405
1 0.857472060750983 2.19201878743041 2.92075939835441 1.90847600177817
1 0.884804330733457 2.08556296061385 2.86167955576907 1.95857830327616
1 0.958593369146649 1.96913905893091 2.86435890768065 1.93914567924227
1 0.929987551821158 2.06640366985319 2.96834998223715 1.92274543633898
1 0.939284239309568 2.11620722319188 2.86132025887367 1.94296493546193
1 0.969067324579156 1.83843715007423 2.90506179743361 1.9029462315925
1 0.816283869952068 2.17726130281127 2.92901509261324 1.9003800711214
1 0.946696545138659 2.08936998466359 2.86533691067505 1.92743283614933
1 0.94922187878716 2.00832731141504 2.99435695516306 2.00217223313815
1 0.884636777380967 2.11543152205909 2.87300707935966 1.91580070249067
1 0.919714440794316 1.95393573597754 2.88104069109593 1.90819856030339
1 0.963551623043658 1.96101928739301 2.91284759121087 1.89473742695028
1 0.984889289264726 1.91891352462901 2.87394939621692 2.04831175371112
1 0.980637179106042 1.91356450410663 2.84532413050856 1.99418164435159
1 0.973245824249928 1.90514738549062 2.98203831000233 2.03653995879164
1 0.94907372252729 2.01395655458294 2.98553188500997 1.92285031428709
1 0.912541787914801 2.00197725902213 2.98577983629078 1.92001497964099
1 0.941671019742938 2.06502665157119 2.92016082138429 1.88626435445999
1 0.863481628621966 2.13933338086808 2.87759160121918 1.90079416945597
1 0.894102709683267 2.26325056980153 3.00621634729671 1.98559311952641
1 0.85257829543773 2.16186590680984 3.00256637249153 1.94532411898326
1 0.930916099701836 2.07072853300897 2.99958660410473 1.93741586992609
1 0.826676928589643 2.16077541209999 2.91809280396746 1.88280997515946
1 0.948674531198233 2.12443471258917 2.98796464665925 2.04278111475025
1 0.948002720978543 1.93545952416036 2.85734622295414 1.91441353406122
1 0.874100179622246 2.18065845520441 3.00896685712009 1.96878018941295
1 0.862866050502602 2.24803577311772 2.99489182643348 2.03451480522802
1 0.987832192408209 1.97273932427072 2.93896535706089 2.07645619217289
1 0.956592740048937 2.02987223126349 2.91429402376313 2.0783749699684
1 0.977423420624736 1.83027272705803 2.86305795401295 1.90654887846896
1 0.81414250566723 2.10627604332291 2.97770597889953 1.90232515582006
1 0.892487150183032 2.12664649092951 2.83805156219155 2.010530720777
1 0.870584046256763 2.00039327804516 2.92596764774227 1.8790305404167
1 0.847127031156119 2.17164939605524 2.91644466351082 1.87909972449188
1 0.858703074705867 2.13721687852316 2.83807215045382 1.94480517553708
1 0.879740422258115 2.10988627473294 2.94393178650485 1.88141251968756
1 0.84456855012879 2.07423882673709 2.85115623997282 1.91600949260906
1 0.917392533782901 2.04267733301991 2.99259903551313 1.91444947214433
1 0.957388260154429 1.95589644682855 2.91159447829676 1.87765707258692
1 0.797609855997341 2.46482504236892 2.97109700639703 1.89249380230758
1 0.851676943809722 2.19839669404341 2.92820758501396 1.87682307181987
1 0.869644276593708 2.24888876861516 2.92067271323448 2.08472893075831
1 0.851279864286789 2.11311079467339 2.9527230261643 1.88010101616448
1 0.808257164367892 2.26501733545082 2.96458707786678 1.88395511404749
1 0.962546318169107 2.10185195856214 2.98688949424764 1.90060979598723
1 0.903959288043192 2.19648189380288 3.01593244299136 2.00308021800044
1 0.973296442640291 1.85446059826164 2.94496334318476 1.87429748064968
1 0.911101548061173 2.11651051505421 2.84311293238823 1.91765237169966
1 0.845947432768842 2.09545049994779 2.82571716850858 1.9720623138859
1 0.911570988037134 2.17380874817602 3.01989965355064 1.97870353238319
1 0.86594947400762 2.23159849196549 3.00992466706947 2.02994895886564
1 0.906041302168009 2.12063983442185 2.89264634654796 2.08640104006249
1 0.941961528190385 2.15062413353314 2.98910653111148 2.06264804769365
1 0.891023199975843 2.05741377525035 2.89352446577594 2.09141491264597
1 0.87573012958638 2.16190180766885 2.99406039441946 1.89449578055985
1 0.927630536170892 2.07806264676508 3.01498203671908 1.9232019179149
1 0.920667918868522 2.19621948432946 2.91727672542824 2.09895935776988
1 0.990325191490107 1.94007996731966 3.02844506795652 1.96962042767499
1 0.901487605012002 2.02553359131414 2.83691167281509 1.90476465778255
1 0.953879206895103 2.02924221750279 3.01317749934872 2.04665259494343
1 0.923105059531602 2.02848799544186 2.95924537880951 1.86377526895926
1 0.889826574331571 2.2376323137391 3.02146556020749 1.92732692346023
1 0.822402613682564 2.16461048079985 2.96051263391825 1.8640417248615
1 0.770040063817221 2.36914829401213 3.0158787671223 1.9134708447453
1 0.994176412073448 2.0699229172045 3.01750975412123 2.04517786639092
1 0.951561184557627 2.16398411667077 3.02901056274058 2.01759617820621
1 0.84208614315929 2.11573571767339 2.90666529900528 1.85261819166925
1 0.751027711638815 2.47982552297944 3.03119415417838 1.94146585369916
1 0.959328727703118 2.08786375418804 3.03005039545219 2.02267927930307
1 0.884257656325857 2.11924506485008 3.01878996422467 1.91044193086991
1 0.933935821590079 2.04093736887596 3.03159939085962 1.94041080336824
1 0.947775744093739 2.00359342855154 2.97992780409343 1.86755008121362
1 0.932808312659416 2.10198265644796 3.03040852981998 2.02485862473397
1 0.902205255361798 2.16367051777903 3.02098041934776 2.04841790697805
1 0.805085361838079 2.11578202016062 3.01793211024571 1.90565929327267
1 0.892501418397211 1.97428987261556 2.89260230276127 1.8525418338509
1 0.897361543658853 2.07303061137132 3.00902790308863 1.89078387498729
1 0.804062622450227 2.26515088279333 2.93409760845736 1.84720293006987
1 0.902254934232535 2.04936592417003 3.0080595982113 1.88748520367158
1 0.992037063103816 1.92352982971441 2.80879945151269 1.941086374401
1 0.954426086195746 1.98598818305783 2.95158784771591 2.11098206984522
0.124379389926433 0.915016046713432 2.13151860928783 2.94977851540914 2.1119236225951
0.0982487712808728 0.989347824009528 1.89826518244174 2.83389018647176 1.88735176222813
0.096242586300831 0.87352098354762 2.10186881498893 2.96749549288788 1.85309498624851
0.119427401976982 0.765282620257304 2.27706895709622 2.81363572017128 1.9194622818464
0.125444354848304 0.857566523529709 2.18289331997502 2.88967008801334 1.8474188888135
0.149974439658244 0.929450208052093 2.0373825809543 2.96716382663412 1.85196329086149
0.124199265051398 0.970683645022659 1.90493204836646 2.88284248796534 1.84953407487659
0.106679376207313 0.8510423451559 2.0889802294113 2.97115258134562 1.85302666330714
0.175713335585571 0.83396531657079 2.04008464030444 2.92813893354446 1.84150215964654
0.109145940247648 0.773185479646286 2.31552065233677 3.04390064594854 1.95664994844691
0.101452081065047 0.964097740268219 1.88461757696978 2.90694285203105 1.84127505002019
0.097760452157181 0.905120798830167 2.11160851890007 3.03826093389484 1.92963557299426
0.0945869412847431 0.940622857246522 2.04712342374208 2.81167687999594 1.91501339667018
0.102413759484926 0.946296394433181 2.08105598438611 2.89453406684805 2.11724466115342
0.543696170803249 0.951984677670008 1.88596496262336 2.87357690133498 1.84985339163395
0.106418873128844 0.875641020647701 2.25408929326729 3.04448372616116 2.01150642578262
0.118853363194231 0.928416731361714 2.02230499035744 3.00286378766848 1.87136786388412
0.0662628448499912 0.84637100257341 2.21884496698696 2.98442962907745 1.85675138616989
0.0657937479200942 0.847926589195523 2.16945311050944 3.02048822489214 1.89073647783392
0.0714098417756966 0.992058977547838 1.83730657497943 2.85661340371274 1.85844266817197
0.0667416309153076 0.865242983165822 1.97761456842742 2.93926134879238 1.83800909340094
0.0637535055281697 0.943561907599653 2.06830303892599 3.04956215901929 1.98172679829673
0.0695457377931107 0.888018573330123 2.19625588816174 3.04931228091054 1.98948899457073
0.0981313279433114 0.950368237426081 2.16732211294418 3.04047431032956 2.0345928114946
0.085569045275453 0.739601420378019 2.36478941668618 3.00801495167066 1.87290818794456
0.0813084186400821 0.952844030247392 1.99978788299124 3.02282096012914 2.06887383115805
0.0769001238712755 0.953184574506385 2.0109075981383 2.93756061970784 1.83661308910638
0.072232797831353 0.944618250504971 2.04758784972223 2.91384261598304 1.83587478660929
0.0874243609951814 0.931749857741303 2.09235630288087 3.0454437140447 1.93905800951512
0.0758056997365765 0.906920041209944 2.00785121279238 2.81273304089482 2.05575173169893
0.0705396655653583 0.807642904326369 2.21798917191254 2.97166953641158 1.84555245471303
0.0852709252526712 0.999609219440827 2.02942460193304 3.0521943911341 1.97779423405744
0.0906839694104674 0.87280801994853 2.18423560061383 3.00478085468828 1.86588418997742
0.0524143503758908 0.893746629531085 2.1246083935555 3.03053999443002 1.89477315076816
0.0519474772694082 0.991647443395148 1.88093074711246 2.80165637586516 2.04000381292436
0.063209745593691 0.884368203643326 2.01949878548696 2.87672135314536 1.84006136238866
0.0266671775714565 0.919952564229383 2.09925300932527 3.03980446273713 1.91173105176007
0.0293517011440994 0.855942731222603 1.95555419135295 2.87080055045102 1.84250273447532
0.0257488291542424 0.994455671524426 1.84517612079216 2.86340495623892 1.84615905364419
0.035289203508793 0.967847196521542 1.96929575593814 2.82553733047031 1.87797341813057
0.0399044839618144 0.895109516315691 2.14055837845017 3.01447009893879 1.87256814345973
0.0256732059523194 0.905780516112062 2.08301952981759 3.04234189365754 1.91604061321022
0.0189120705790528 0.940750402506109 2.1655306972092 3.05295996871303 2.00823289823658
0.0189503371635059 0.955533886225564 1.88878137768824 2.81037972807845 1.89855769620666
0.0350900080818663 0.812971662075557 2.22305256786458 2.82859322190861 1.87260215865647
0.0300107517656366 0.87610308227922 1.99399533851052 2.78879442011026 1.98868860584253
0.0253463402676653 0.788653382938106 2.49365729413829 3.05598813831162 1.9912143947421
0.0239891784409497 0.940706278827274 1.79595885868262 2.96098466931065 1.8350457422106
0.0430361337369775 0.894658930744832 1.88874388876481 2.97915770173559 1.84271461474233
0.0211429699105518 0.985635390920869 1.90330716570959 2.86323515267325 1.84323585446393
0.0459499490816285 0.949496811984429 2.02637088333328 3.01199796722696 1.86568079735312
0.0187656184795498 0.809125086977184 2.20327748249002 2.93749238828434 1.82815399091227
0.0369144142599022 0.981582007272324 1.80710641218349 2.84494347075242 1.85417026953321
0.0186128150470051 0.89717851138692 2.03811958092351 2.81615562800974 1.88348714654754
0.0174698049959474 0.972858965905604 1.91731262871433 2.8807760347346 1.83335553742868
0.0262484341711713 0.863756559543634 2.326812053665 3.05672390109039 1.95163464182077
0.0208331242495225 0.883901381310555 2.16884403434146 3.02974441312916 1.88163283816755
0.0494687308051582 0.914853053947817 2.03744508726159 2.97263403646399 1.83411851562459
0.0173031101972035 0.892295969440769 2.04352731618661 2.94714477516214 1.82593561930611
0.0363838562139072 0.849813457300976 2.30528135407775 3.0405316771361 1.897552003928
0.0215567546139604 0.766287257093376 2.26095339233234 3.01102974024108 1.85909867554009
0.0245765152940217 0.92961511670439 1.90250243920548 2.80227906387913 1.89969615684302
0.0222248076263457 0.936243064940598 1.948961567913 2.9806835113436 1.83571019521211
0.0206251383210099 0.969597094372225 2.01096419714712 3.01094473041396 1.85653642044669
0.0220146618648635 0.8854026534598 2.02176716054095 2.84387424615156 1.84738224756563
0.0172378294976877 0.991193552739375 1.80065334861128 2.98022609024519 1.83425443985163
0.0144749987063303 0.964204804016591 2.05618476072646 3.06122510837662 1.94676099493055
0.0233088335230829 0.894632074321328 2.14098893918474 3.02930890076819 2.08550855356586
0.0170477817302755 0.987176893093974 1.83465310879699 2.8516094670495 1.84020137609606
0.0160499383247265 0.812396638463428 2.34042980619211 2.99880480876416 1.84348892326377
0.0154951847459141 0.882084496119285 2.04452819815746 2.94253945842684 1.82010275132969
0.0160385527203525 0.848402840549886 2.20401925346562 2.99251198183342 1.83758970091808
0.0155977940229347 0.968600917014253 2.04029276750917 3.03877879183822 2.07677867922659
0.025302949355275 0.906688262303532 2.27204183690159 3.06745799148302 1.98569786257746
0.0185936585911505 0.847094087751215 2.30956326802937 3.00237192112916 1.84283540568115
0.0156197039706279 0.874922928249938 2.24730147562394 3.06117865543528 2.03164841649032
0.0144216582739693 0.793540607572047 2.29216196143214 2.85223552946217 1.83467417653273
0.0839780828693296 0.934943824434874 2.00447992838698 2.92151220536149 1.81436399347505
0.0179373694026686 0.879140133076006 2.10220010550192 3.01416287462582 1.85075210549089
0.0183741310244538 0.968646441247633 2.16214743057297 3.05292758358909 2.05540877447776
0.0336076451444675 0.886642158787129 2.14364797825297 2.9954279939587 1.83602862329838
0.0256440238314427 0.831743835664359 2.27762432205625 3.06229738917975 1.92918198931296
0.0183866728253457 0.902296527092558 2.01221390315152 2.88262256959214 1.81995673263058
0.01551636101399 0.951003095994121 2.09989531854787 2.85398548392852 1.83271393928428
0.0149407944285663 0.964994265760317 1.92948489268452 2.92318918124455 1.81313119859451
0.0181360841349931 0.734467438914849 2.26918761710915 2.94906565513633 1.81572174022354
0.0151194153487814 0.84554851933115 2.07945901788391 2.89707877913338 1.81538385320052
0.0149608581591898 0.866670981273114 2.18644504829756 2.99145742116846 1.83194594638361
0.0150737173580937 0.88123006633079 2.0341326028211 2.99639563269542 1.83424211485497
0.0238614263207864 0.919859965724521 2.12648762562271 2.92208592743265 1.81152203169154
0.0149172082244652 0.915080459569929 2.03773081729427 3.06468496078811 2.03138413620241
0.016771112482401 0.846810554850343 2.19731926130464 3.04099731621577 1.87692152445433
0.0195448254921576 0.932187102480093 1.89390272417804 2.80104619834475 1.87806893708806
0.0204460108786917 0.881873041146062 1.9982363368825 3.0066395834836 1.83821823855364
0.0189966084502317 0.923654155953626 2.00504073718267 3.01763586321501 1.84706202915887
0.0141105522721065 0.856236799282504 2.23886019349853 3.05139763769353 1.88975987759145
0.0179239482413721 0.755454313332624 2.39714860953253 2.92048728775941 1.80819165145774
0.0193542845849614 0.896767608037459 2.04110986278201 3.07257721877745 2.00885456790663
0.0303497438485499 0.917093732089211 2.01298483025969 2.78509525286324 1.90380422490494
0.0160144631295097 0.913630872218454 1.8510018522079 2.84609016316974 1.82985032004637
0.0175235699000005 0.874055750471442 2.14982401568966 2.98854229725869 1.82346349268049
0.0159080251078227 0.928319460932182 2.08246857453242 3.07600245404514 1.97777611999708
0.0254730631082773 0.886959025046708 2.33549668881226 3.07491988991494 1.95678144525722
0.0142287307184178 0.919495792124094 1.80762766987779 2.87099512733265 1.81610933695324
0.0227621271900589 0.963721604831367 2.15978784402053 3.06219161191336 2.05253211950233
0.0180273449764028 0.811943673550849 2.23942665852504 3.07698957754745 1.98315346123016
0.0199728612741551 0.899473233872234 2.25636570664341 3.04730201082523 2.08373703148632
0.015007148108218 0.846431088659271 2.18478748115119 2.95498352516366 1.80810123769012
0.021814043851689 0.857252448026175 2.14205340968921 3.06143722516548 1.89973562991869
0.0144803548714043 0.909331359091972 2.2536404236313 3.06407919894194 2.05376523083655
0.0150940736014929 0.940265694719136 1.99797991028775 2.8715797312166 1.81316776145818
0.0163134097487311 0.877545287763913 2.13488033121773 3.00609008228195 1.83022411919915
0.0140938337482097 0.955912867373221 1.93217439067533 2.77179020913107 1.9293907637333
0.01431901787428 0.871254993907244 2.11944359223416 2.99253300606811 2.13831093469084
0.0555768349852817 0.836328162272338 2.13231181644025 2.91797149782474 1.80248739810085
0.0162014802259018 0.860142313404583 2.20801793520442 2.99028684760955 1.81973580534548
0.0150469014619009 0.921863589232089 1.92413691239432 2.84830848550377 1.82300434983567
0.0217973462110498 0.946301340565981 2.05131739851527 3.08011391359787 1.98602307047377
0.0140139943970352 0.785559753901557 2.3839859993924 3.07833991636133 2.00752289683333
0.0194256108047764 0.841215762613245 2.26671063457769 3.0620237545356 1.89242840693135
0.0146429121151846 0.976767784054688 1.74156223531567 2.83407703152118 1.82903280632891
0.0150875694569906 0.737945583843383 2.24127570777073 2.87140610845863 1.80821606831165
0.0226568275476635 0.769122699800012 2.16133504220798 2.90862239587603 1.79941184453351
0.021740007995112 0.949985600097338 1.86000849664281 2.97083276126998 1.80711452828152
0.0144926449712395 0.928967307259186 1.92668706452184 2.87524152909265 1.80629953781632
0.0142892223454152 0.898409043016706 2.14010280905101 3.0827241160835 1.99486732818763
0.0196080859756216 0.868273664965371 2.16269658676314 3.0796570721006 1.94095384060119
0.0188079895509688 0.967049485959789 1.86271804341824 2.84467824813455 2.1393947976698
0.0178411231528566 0.938299264217597 2.09793433655513 3.07984904033548 1.93886508195456
0.0147065729237286 0.904132955487073 1.98253705728288 2.88616426531691 1.80202196429745
0.016611107108905 0.802775221508285 2.20973309081254 2.9847539850921 1.81119028834266
0.0142134678615477 0.966325188483518 2.02195232515142 2.94597911529843 1.79887564553341
0.0217165640375098 0.780817909855416 2.17326211905173 2.88322686110945 1.80211681658993
0.0217152163807065 0.876351004481723 2.21306743049876 3.06850847227709 1.89907469534648
0.01398841366831 0.877702413833141 2.26738671230925 3.05437117526925 1.8721247264526
0.0152544053035353 0.936949773594316 2.15222046366045 2.99068239898522 2.14665901190317
0.0161586674902696 0.799406019918186 2.21183910303539 2.96582907070447 1.80217340337457
0.0154039929385171 0.861058077625639 2.07614878131668 2.9627647909141 1.80107255162328
0.0264702684131825 0.975570014098946 1.96976143560037 2.98762662466913 1.81033643928599
0.015702956385929 0.978695539189278 1.89470568892231 2.75911248638896 1.9634134366906
0.014255175916047 0.860261869036327 2.08829103425618 3.04674828498659 1.85949221546542
0.0173214048121933 0.771846850619573 2.44475819801466 3.08634356589027 1.98320878945533
0.0151607010171038 0.80616129082946 2.17781106201718 2.89931266494071 1.79651168286174
0.0143502578213149 0.769827451559698 2.20582924066828 2.9092807792548 1.79514833341472
0.0209119197784897 0.99979370978659 2.04343500681363 3.00942250170768 2.13692989395844
0.0144756051973509 0.860023745450153 2.29336256660327 2.96547497813848 2.15864437822946
0.0145753112529305 0.804638034009606 2.34042259482551 3.03802269644822 1.8477881433033
0.0235186207275545 0.854589220497369 2.25780739996762 3.08822419820412 1.97878077309664
0.0139669631824821 0.902319289244122 2.01353360293049 2.81249997665712 1.83958011857763
0.0158557354759758 0.761396003144563 2.28318675116258 2.96422738596082 1.79827210434813
0.0167461435356604 0.660194659577409 2.46297675165524 2.97802363361462 1.8028673908029
0.0156415724993471 0.914633458899762 2.02509311061487 2.95901543900044 1.79660532474043
0.0144066936475506 0.878850555211353 2.15208777461281 3.08903682849997 1.98308608085728
0.020196477678991 0.962254091263407 1.98265285187667 2.80303659009578 1.84846929897454
0.0173106199956534 0.878222544069203 2.09586250793701 3.0583693460776 1.87021725587286
0.0261743333158866 0.837634014771907 2.24947058612212 3.08948977401253 1.97262390144649
0.0321056857407614 0.966744278336683 1.82142149867578 2.84817076198078 1.80982619529837
0.0539227250199098 0.959450527982406 2.02683704012364 3.05778867781048 1.86694087576271
0.0175457742341274 0.815764725203423 2.21305559252736 3.0587305842619 1.86813953546678
0.0363587346160588 0.915887501980103 2.18004408650602 3.08326245333144 2.03655255218233
0.0142307726128443 0.814901648436067 2.30271133990048 3.08946679912279 1.95032315992172
