1 0.989965458866985 1.9388756264719 2.93731672001153 1.94206593310622
1 0.884804330733457 2.08556296061385 2.86167955576907 1.95857830327616
1 0.855942731222603 1.95555419135295 2.87080055045102 1.84250273447532
1 0.940706278827274 1.79595885868262 2.96098466931065 1.8350457422106
1 0.981582007272324 1.80710641218349 2.84494347075242 1.85417026953321
1 0.991193552739375 1.80065334861128 2.98022609024519 1.83425443985163
1 0.932187102480093 1.89390272417804 2.80104619834475 1.87806893708806
1 0.921863589232089 1.92413691239432 2.84830848550377 1.82300434983567
1 0.899060808522681 2.01814701239455 3.08628500814822 1.9127555092119
1 0.934319692114368 1.91592527901948 2.8000257360807 1.80323983334034
1 0.939343667601546 1.87375306077806 2.75878780955704 1.84147128996282
1 0.785134693307485 2.08006446763538 2.8455995014459 1.75800780160377
1 0.782896528247931 2.23532463902424 3.0664594957927 1.7961656384861
1 0.964986462215117 1.94310988184608 2.96901334565407 1.73116050275248
1 0.98666926780832 1.88868847417218 2.85799562592416 1.72918092791398
1 0.978634758781021 1.92828520531921 2.69303970704398 1.91209591610672
1 0.925820821788317 1.78870141646553 2.75287422581153 1.79271171027359
1 0.957888252045959 1.71890027059669 2.7848617074557 1.74854743303198
1 0.985617424872021 1.68206498760772 2.87725408798787 1.70523327906264
1 0.793783873673654 2.01115082140583 2.70779923567751 1.83646627860226
1 0.80709308856051 2.24032242789385 3.01097853589857 1.70504207480824
1 0.752995806990609 2.15365936227815 2.86066302350133 1.69432698807971
1 0.955283508362481 1.75862101736944 2.66269061695984 1.92850002313533
1 0.98589322891847 1.87414290821401 3.04982517430998 1.71506344058712
1 0.807984331417812 2.14589590821055 2.76624133319813 1.71971379796225
1 0.970459419469504 1.85169512601453 2.80641721176169 1.67710922601154
1 0.955823834223864 1.6373542563885 2.70010033332026 1.75638668308462
1 0.937778301863726 2.24694677842518 3.18775752622713 2.15372010485058
1 0.817406468721706 2.35650914791457 3.22716161894358 2.02439251254423
1 0.862169650906388 1.83356994581324 2.64823818968647 1.82240644292148
1 0.854803497282555 1.88203897396064 2.79397641609415 1.6569226189167
1 0.957872141403066 1.72029202734707 2.69525409945321 1.72603608949092
1 0.87363243650839 1.7916531979607 2.78820496644371 1.6434925480662
1 0.887908330186037 1.99755249831243 2.77791531718588 1.64503482078234
1 0.960323297594441 1.654481226947 2.68568407886316 1.71834291936038
1 0.844868841665045 1.967529335087 2.83924347190984 1.61750697954803
1 0.801141227882409 2.43882458860994 3.24241891561381 2.08691855618613
1 0.9720078547005 2.28008795808018 3.23288860386002 2.1182104135724
1 0.848890437717782 1.92973384458184 2.88744610444591 1.60511548198439
1 0.988330692485429 2.25216880977692 3.25678897032439 2.08005526988913
1 0.889480932810887 1.81528609866082 2.761058565736 1.62301122926282
1 0.962821829483922 1.7085205876544 2.62679304115637 1.75168517922114
1 0.968404869893566 1.80936756490536 2.6562434382917 1.70586825449641
1 0.944718076484278 1.80188456462851 2.72582230504333 1.63747219448405
1 0.993166415413143 1.69725880961865 2.64626231984914 1.7151079982264
1 0.737919122660163 2.12805181550268 2.86690893057228 1.57109056659712
1 0.937058056711685 1.71049569943803 2.63366475903263 1.72281506578974
1 0.867582569292281 1.99361342451302 2.98157363131212 1.56523978361008
1 0.846929993802526 1.97186977902621 2.84941614423372 1.5521148198639
1 0.742681055728434 1.99908940896735 2.70440412169807 1.6146510720498
1 0.838616598167621 1.9838415334562 2.69931700661088 1.61505849350957
1 0.831804169585618 1.96308125344881 2.69557750958773 1.61578721041978
1 0.684420220463365 2.31455037660325 3.13300408928799 1.59939447628147
1 0.835586004093445 1.95860359794033 2.70829006852674 1.60036673826354
1 0.551057836720719 2.47018328112989 3.03615769358366 1.54494652262637
1 0.937260392077013 1.86790052359523 2.69127972556668 1.60473002412408
1 0.754858847120918 2.07680952586909 2.88575573163348 1.50543619212723
1 0.985224278260333 1.62522383823254 2.65557999158512 1.60885726190679
1 0.983574103418893 1.74392509733754 2.5145150271311 1.83006916907771
1 0.807473913313976 1.99325137135185 2.79118043774853 1.50606679978423
1 0.777436385312572 1.99397182317079 2.75331716449598 1.52119809564357
1 0.953659639872419 1.59015422043679 2.56659833783644 1.67544763687861
1 0.812619392310098 1.9963985607185 2.76259763848428 1.50897471670137
1 0.822621112101299 2.53448404937992 3.37830494207178 2.02876736953287
1 0.844618957875688 1.86960814248563 2.59080241265397 1.61820688624448
1 0.79740503017948 2.36456794900586 3.36979347210683 1.84902992435441
1 0.854611379328371 1.71858617450689 2.60420777274675 1.5949706128101
1 0.817280177597422 1.92168210262355 2.7443568160031 1.48856371461485
1 0.748486411348373 1.96894325840559 2.86250973042269 1.44853272544999
1 0.899554485662763 1.66916906149127 2.5998966852252 1.58649142803165
1 0.863426826512072 1.94350716143644 2.5016987412872 1.72705136414094
1 0.954794831056426 2.35763606109943 3.34692103387524 2.23157949850011
1 0.67719529465103 2.24279350308044 3.02533990130278 1.45080347308534
1 0.825647840565459 1.77647791162677 2.55771997286394 1.6108057029632
1 0.856998582483285 1.70948036162754 2.54778726204459 1.59580149547324
1 0.770173752930106 1.85757379036549 2.75087986064092 1.43092849193899
1 0.842287100492616 1.71325337896602 2.57917645893758 1.5311213267062
1 0.831393728592599 1.87994067237497 2.64653834060491 1.46947531398139
1 0.737429937834247 1.81701243087778 2.67824842079988 1.44901139872507
1 0.655128567597245 2.44310783015355 3.29012194073915 1.54311290581633
1 0.815477710036695 1.66038754937809 2.71990964265817 1.41692980395232
1 0.940111278244922 1.64666403405532 2.45405218413324 1.67317382621138
1 0.812676493559654 1.78021765211248 2.5088085975935 1.58517697363963
1 0.513716408526394 2.30884158430326 2.85194968437108 1.37300469948116
1 0.845500810838758 1.85925731869682 2.66935593116081 1.43678390733333
1 0.840434888156351 1.65111335966244 2.59820834850754 1.48656837735256
1 0.719032793828781 1.78759809645308 2.62391886688865 1.46316926642628
1 0.722530895868912 2.16846409230974 2.71950442874122 1.40313426169488
1 0.779323900903431 1.71401727533148 2.56052947865819 1.51021672553188
1 0.917740041567789 1.66388955831993 2.59815252038772 1.47355855452089
1 0.629578605260222 2.21443221254405 2.90657236418138 1.35516243350878
1 0.860199660218398 1.68476306935889 2.64257608161536 1.43239363547284
1 0.973228196651908 1.48508866641593 2.45003569899002 1.63879826399509
1 0.717608883870222 1.95312060615009 2.69402615638225 1.40046125021499
1 0.533852020617836 2.33770795599459 2.93729687578748 1.34353275712018
1 0.751142963269737 1.87242382487488 2.67619417789882 1.39685005839714
1 0.900195567059175 1.5940042287154 2.59470515595263 1.44818008349876
1 0.879535975935809 1.69668971697462 2.56744362331005 1.4694029747498
1 0.724805123053235 1.9469217916398 2.72070553652503 1.37128475035796
1 0.91919237260047 1.58672124237637 2.50075972038438 1.53507580101267
1 0.906535415078979 1.57173650566372 2.48717343361331 1.55115414111748
1 0.581409316974459 2.29279303808532 2.83822201265278 1.32898648172695
1 0.928356871053887 1.71482199307337 2.37343729808299 1.7456209044013
1 0.907378636801926 1.69072456161686 2.5019144585209 1.50611362083277
1 0.920455444220764 1.53543673626186 2.49523205207613 1.51043070863367
1 0.81630573144299 1.81811187688378 2.46613227286866 1.54020045326071
1 0.809821181353182 1.80567951560214 2.65119686079165 1.37333053975417
1 0.713422210723317 1.93749636037081 2.78387754777691 1.31607523356134
1 0.838054967091108 1.7365586146072 2.51513022943467 1.47111727047457
1 0.744197864771898 1.84724785130238 2.69717980931721 1.34111150419176
1 0.877015581600911 1.60781036253592 2.57168724438196 1.40985232348341
1 0.719128780520599 1.95076716240573 2.7159509487123 1.32534312622092
1 0.976092450028963 1.59355522901902 2.40814566454239 1.59542803081329
1 0.804700492376772 1.72477304800802 2.55623215050794 1.41440460840651
1 0.822618232543231 1.74297365778004 2.64689209919348 1.34522378861506
1 0.998317448506908 1.51991944029306 2.48506580707321 1.46736442342397
1 0.73223076073026 1.98096264004863 2.61185880834017 1.35529508649924
1 0.953921136581339 1.4736577279435 2.48725604694988 1.45401445468819
1 0.755664021942454 1.64424700990979 2.59062728827709 1.35698599753606
1 0.741005885325031 1.77129374572305 2.44969881414966 1.48365690304383
1 0.585886552119323 2.05348314103751 2.71743758556869 1.28768134940706
1 0.74294969109081 1.74233382239317 2.58257853163102 1.35730344625846
1 0.770609202425306 1.82371093223725 2.4750124928327 1.44838162047044
1 0.871676670310165 1.67803058455194 2.47461650299606 1.44368518619398
1 0.981645372897668 1.34845508083621 2.51557714550911 1.40298245465513
1 0.784644170451636 1.81799104315133 2.57735254092222 1.3478360535434
1 0.717492878330946 1.83997614047024 2.51154197947231 1.39478159203531
1 0.786585018265917 1.81751205636635 2.63175419745783 1.30925886891401
1 0.735674149459228 1.9317866248036 2.62962872348243 1.3101537860154
1 0.7213073926842 1.83811658513305 2.58678355174376 1.33335248665729
1 0.810280552079485 1.7700398998967 2.50428869022413 1.3952584571459
1 0.595162841791279 2.20375050987915 2.85477518251887 1.22451302516009
1 0.859526104144752 1.45385014072061 2.46854491750363 1.41602892426173
1 0.539323509445298 2.26726643678345 2.83870986502803 1.22430006608522
1 0.724985720931127 2.01051513644319 2.57030084029116 1.32356101622124
1 0.973914071945474 1.5418147816183 2.49142948112997 1.38475794013807
1 0.543982289738169 2.25602727221353 2.90327263953813 1.21013821245248
1 0.646745594050112 2.01356666808493 2.7475734035735 1.23255398903575
1 0.851029917209049 1.54911505196786 2.42280238146055 1.44457791200567
1 0.692281909758846 1.76637115404359 2.69105053027801 1.24452450635172
1 0.760873903091609 1.91953690989486 2.57749877283142 1.29897296241592
1 0.952180442212502 1.46420301527458 2.4243689355025 1.41752654335247
1 0.824202095956619 1.73298916866343 2.46368518501888 1.37526141516199
1 0.87979127791749 1.66009929263072 2.3943396179517 1.44751315274776
1 0.868518592165783 1.5263312915441 2.478952171942 1.34941552664605
1 0.781347541156689 1.59208380883512 2.39720791948029 1.43139537361348
1 0.788395998916046 1.74500972730146 2.4150347237504 1.4081848286096
1 0.602519463600776 1.91491411914889 2.65726329926509 1.2180244301286
1 0.902045068637235 1.56012698005186 2.35866458151808 1.45613462989076
1 0.777252932450889 1.7767580781912 2.63334537571141 1.22201315700622
1 0.656107625350511 1.93442399703975 2.61734417563587 1.22930210870397
1 0.827735344457389 1.63049356180263 2.37262418852075 1.42668962549528
1 0.884116111866034 1.53291530514956 2.34294350617477 1.46632038827756
1 0.642922009025933 1.98401221325543 2.62549751754145 1.21919513518764
1 0.72873395957279 1.84747193145269 2.61230914342713 1.21910219290377
1 0.890256744344175 1.66680153705257 2.6136417747112 1.21808079318793
1 0.814207759543012 1.65021403323859 2.52513333978371 1.26401122239088
1 0.590295365010388 1.90491268221444 2.66886249921732 1.18433342385136
1 0.753944481679937 1.81019101304545 2.50429133893419 1.27767197440022
1 0.560942804800522 2.21393015376604 2.69050764205952 1.17338331920855
1 0.483305234750556 2.59346918413398 3.10892359845262 1.15774291552776
1 0.927573309247628 1.45781731724836 2.30249493293702 1.49583883442112
1 0.783870794724363 1.58080894599302 2.44136029908485 1.32068846921602
1 0.766479924720216 1.65311753311271 2.55205482845827 1.23354295267705
1 0.582088234453328 1.8682979102647 2.71065879796773 1.15352357742045
1 0.774206798544619 1.55004144957367 2.60713584649345 1.18872069403721
0.775530054881195 0.785448216996544 1.54109064484209 2.45905733201631 1.26493211051923
0.301564846541919 0.967689625092529 1.39194124932989 2.34704214568554 1.36475970895188
0.157775983398518 0.885650674223822 1.42229540838472 2.41808116650048 1.28525800111113
0.15155547907101 0.535787930594005 2.14420584113136 2.66478545230943 1.12910926904502
0.421279663209241 0.689083599817629 1.83021355000635 2.49641362187161 1.21834091765037
0.174776520367261 0.779711426182184 1.62802805618499 2.33065010869131 1.37440331060407
0.26429064830002 0.484256228025715 2.238793433748 2.87720453670141 1.07020534139524
0.435802800667723 0.724008614334744 1.78616953371248 2.42987063056318 1.25466797403622
0.954796937851245 0.942004853939482 1.3243264727178 2.325582537707 1.35965248707919
0.462319957315558 0.650090580903537 1.89986108354176 2.52398578173379 1.18068892055758
0.188977534272664 0.71990574715524 1.77518830107755 2.32821516358285 1.35252037595592
0.199273324390488 0.678103214024298 1.80987705223113 2.45049675402406 1.2297808705155
0.313484704906514 0.674065394612262 1.76696981653882 2.44875174834791 1.22848476335683
0.225709752049896 0.401400724234874 2.26627990253357 2.7637285101406 1.07243226497487
0.328041735315544 0.871693334287403 1.45504980847654 2.28967654186494 1.3793275696089
0.144917452729942 0.849151934823539 1.54917635116129 2.27591921898988 1.39532478090085
0.346286093800244 0.746560159087336 1.75693544225961 2.37464378128447 1.27688906275351
0.152090421032085 0.928078223504514 1.32949542511332 2.43258348135942 1.22293940551238
0.287682378140481 0.63847032238668 1.95533443934467 2.46561842779225 1.18666191850568
0.151871325652681 0.895745083485031 1.50134973212143 2.46766615008633 1.18462840055397
0.150680693320169 0.607377365215604 1.8613206046583 2.48670243455226 1.17079228435924
0.358865101939784 0.793106107168412 1.52965753449844 2.35685096382162 1.27714588331165
0.166803936643587 0.650004156423706 1.81120376331318 2.48782155025326 1.16654042917351
0.407724154088719 0.599274848582766 1.97162916310597 2.41672687340651 1.21624194843445
0.144080409612853 0.978711557894054 1.28466080151093 2.19846328279884 1.48117637912871
0.175707522470998 0.664522553417288 1.75171244441609 2.53777690050735 1.12556407244323
0.247832343392647 0.880562357099649 1.43428251403151 2.37125993377369 1.2478614994227
0.161984211217798 0.670738214493031 1.59075267538312 2.3762352730909 1.23982911425398
0.166624645133109 0.769521551112018 1.6094402416925 2.30899482298889 1.30157919857439
0.153582400580124 0.691153746166643 1.63898967786762 2.4252996941436 1.18934497105331
0.693042552871042 0.952327458087432 1.31684782367937 2.32251141057625 1.27918595109276
0.385048557087839 0.982863722630621 1.41495337104153 2.25173829992219 1.3655615685794
0.155660993593093 0.904174729611259 1.44563488625456 2.39296216741049 1.20019990483855
0.153011724325345 0.47799494912896 2.0600459048774 2.60398730375566 1.06401062734586
1.36119489362163 0.56425141495148 1.84265411947505 2.40055081467606 1.1836226083476
4.24001524548047 0.328087215432084 2.74197673946574 2.99271529562909 0.992927962953303
0.152035281232185 0.845081643841695 1.63875626827086 2.50381400085777 1.10686877201815
0.461343788860589 0.874878830696413 1.49976872453019 2.25575645168976 1.33024010291247
0.162007202875143 0.619179090094597 1.76357781578903 2.41449153598044 1.16658679095793
0.22662298230477 0.50920600290061 1.99929222163511 2.47246247591693 1.12014642008619
0.187754568588972 0.801156657862399 1.49210415676236 2.4200646766306 1.1507060329949
3.22824975226852 0.288589429221432 2.78209693797007 3.14601747181328 1.00431923393734
0.186915008232577 0.866259728254518 1.42668052408573 2.315984110217 1.23639660117523
0.144962594657885 0.752956844019736 1.74863539729475 2.35906750138297 1.1943368869529
0.305083805007593 0.676867318895723 1.86244537122897 2.54534740671042 1.05886590056795
0.216454520109669 0.948707469160436 1.39174000909203 2.15423410656381 1.4343348350385
0.151631375335912 0.876390194837392 1.29464599459471 2.30841527752405 1.22082574262113
0.174051163213856 0.91247989625282 1.52725560888881 2.35701107033462 1.17381638081077
0.213560945156714 0.840957466942491 1.43918670290654 2.25751860089542 1.27495178797233
0.160007560348952 0.576442406351756 1.90291251960482 2.5748827899931 1.0282706045633
0.153518641237296 0.645863992065812 1.91081695492884 2.42834383102542 1.10778289142287
0.231966433651656 0.82071513148762 1.35820205775167 2.33716105271391 1.17934780013122
0.214514120262889 0.59366559568909 1.8780464759958 2.27587723140318 1.23914240959353
0.158263159314807 0.622922483093959 1.94767000459018 2.46994703216619 1.05918767974871
0.154444389976665 0.604281877088749 1.85771351864833 2.40141878947888 1.10573199141049
0.1617389297193 0.82310934803621 1.529653073457 2.24887418180645 1.24513177809765
0.213348252661832 0.589874300063433 1.81467678378918 2.37159970814556 1.12363719295159
0.170019287396792 0.545835708321391 2.05656202438864 2.55468610025439 1.00524649294911
0.160023179534556 0.50769587220042 1.91760167160149 2.65402576085858 0.96172667550973
0.406318280721225 0.994043006554712 1.25232682073877 2.25408795688838 1.22976063226874
0.162301017907573 0.660284918763597 1.73463889054372 2.38363459715182 1.10717396165047
0.180756536655099 0.928435750620058 1.24615261084733 2.32668377272469 1.15079765813508
0.164926541734842 0.628203437298847 1.71761338946953 2.37673552490712 1.10788765841411
0.16548177092787 0.623519131240901 1.74002005855087 2.27432920735983 1.19947819805704
0.206589699340151 0.709658678200163 1.78929005627597 2.2623376625879 1.20984275069998
0.161695985593504 0.756961111113584 1.48842151718137 2.42655931058964 1.05935541987613
0.162388547250978 0.895498615030277 1.19507117952181 2.29320913605208 1.16675522424593
0.172163094853136 0.930339038556752 1.22879451830871 2.39129249609914 1.07716405499123
0.165068396617615 0.899825269651145 1.37550889305361 2.3323595605912 1.12290653865172
0.189729618616184 0.647276262889306 1.69835739639316 2.48806999578698 1.01171261518711
0.169915804931583 0.601759542548098 1.78297310685817 2.41648721970184 1.0556250257394
0.153216172098453 0.603089982394619 1.9239865041395 2.62391710999211 0.945769796755773
0.194472582987244 0.500468392957628 1.9261420422222 2.49904481342258 1.00113043886214
0.169108311286353 0.553627603660025 1.80491023586641 2.40182760358178 1.062595396115
1.63133023767659 0.729874574049609 1.64510915482844 2.3464763679575 1.10355927239604
0.159617065015231 0.64374391448296 1.61831167765815 2.39719670920198 1.06032624283883
0.841518399343476 0.551389981605972 1.98659863217786 2.44538392018888 1.02564324844323
0.275496509115783 0.544831855273417 1.82666583575658 2.43717252201413 1.02914292584748
0.199059065731036 0.975359159600145 1.25581839040698 2.25547241545579 1.17893901660165
0.193185669660741 0.730458102854512 1.63256767482768 2.18998501557229 1.25064362261183
0.233511620229536 0.965000921658163 1.31612573259355 2.26772231856004 1.16102331197141
0.237033599472632 0.542531974412457 1.92846173594617 2.40640562161299 1.04221928710889
0.203674311872863 0.583051922850009 1.85898322551208 2.25856871235356 1.16870569892855
0.649044015970185 0.359460129876339 2.21973033987176 2.6243267164399 0.926714981157208
0.161260713764539 0.782695061927273 1.30205047957095 2.23999126710257 1.18586395086431
0.165036692070185 0.853195558781736 1.30648745388802 2.27483548758102 1.14931532975889
0.185141282157226 0.863862315031365 1.60287409529103 2.35731097229589 1.07320186110305
0.682476554473103 0.654048991551002 1.687752650495 2.26249217162596 1.1517554860283
0.146832431357515 0.553830991199046 1.79177524855687 2.39977065686067 1.03021700380089
0.174214145453567 0.830613186585639 1.49129503540811 2.24522861845759 1.15704348708284
0.354744191565843 0.700025278104392 1.59299616504228 2.32162751261242 1.08068298035631
0.22681525420427 0.696315594805637 1.6239255643896 2.49526494038444 0.960330153175174
1.09256424077328 0.536957994923384 1.89681094823366 2.41586868742397 1.00456030359708
0.150234443290867 0.874000064280133 1.33294129903362 2.16745113636701 1.23444332031491
0.154088967188755 0.783005983678846 1.33761409819326 2.21324338692919 1.17406992025334
0.194612076959709 0.4140621557628 2.18559868406002 2.57592921514922 0.91198994602999
0.190721747067176 0.707345289195267 1.62134570377297 2.26261471933792 1.11622333326048
0.188026626057199 0.961934318440937 1.18236074575031 2.1678083576063 1.2204218875544
0.165005636138485 0.538698227488213 1.95499929187821 2.30808698053822 1.07210923453348
0.164158628180451 0.558122009095193 1.72533374441128 2.29987397679026 1.07917438946031
0.150515118735117 0.490331498599456 1.87052725323321 2.4128869963767 0.992533201396901
0.145128666801656 0.531322185750176 1.8047311965171 2.41560144514001 0.990440851801387
0.325709544422021 0.581284611050117 1.75414949434732 2.37715366979364 1.01629308408284
0.324535172818212 0.594576313431433 1.72877005346397 2.3249746452617 1.05586233697036
0.744049561925067 0.518688488005374 1.79916306640833 2.21779913734036 1.15653112754336
0.151737351866638 0.914532031561248 1.25879098812118 2.15553232923941 1.23027389733214
0.227403599245655 0.806435883973415 1.39872065948594 2.15019274316076 1.23708394790131
0.301710473324028 0.455134941459013 1.96136107739372 2.4885605225431 0.942674512734819
0.223707079582962 0.538781069389679 1.75691644083449 2.29378444861368 1.0747418834437
0.160840599600931 0.52087132537427 1.98897749856619 2.46047348887294 0.949246363453274
0.398618769411851 0.908817908790273 1.27322993188204 2.12352588149697 1.25350497676011
0.805437398029035 0.942792832935441 1.18820457344506 2.06428968826704 1.34055754351916
0.164790790699618 0.893010435630179 1.2098999189438 2.17160164921708 1.18708956420131
0.192265494623194 0.515781103166907 1.94156375172238 2.49285736186459 0.923532552790614
0.165623592309302 0.793853568813065 1.49636039380683 2.27097158813309 1.07700029891012
0.318072738416914 0.998565560522256 1.14474500573551 2.1430622597561 1.21370073539767
0.261347211297992 0.762355871932814 1.50656662947576 2.30265877469983 1.04405663098185
0.219105689267071 0.792430181317808 1.3429149162129 2.14868054835364 1.20168846919126
0.161258491317851 0.555870121077139 1.77851558668741 2.34923227336505 1.00318972647689
0.184361995806107 0.81089044282989 1.45012410349911 2.28038767737895 1.05707471637103
0.1699308662412 0.548561113430187 1.65675170291952 2.42792214214372 0.947135417505292
0.207203380215699 0.601974927546308 1.78002157091343 2.37015835214622 0.982487837327266
0.205070832636917 0.995291709729548 1.0738155864183 2.21152406302781 1.11740303670927
0.232028625922783 0.452350518325845 2.01826941961505 2.56000394175177 0.872186750836371
0.189391199567758 0.676490152311982 1.78624996678364 2.26760578506584 1.05394389683585
0.226188640969011 0.900261657049998 1.32434921550323 2.23684801604689 1.08243711935567
0.367285379131158 0.533953742148149 1.78798911324432 2.28558347330833 1.03470791503523
0.150439506096393 0.682772023403086 1.57961951486844 2.14440784870261 1.17914445301483
0.2776602328673 0.559978434907195 1.75593656526064 2.43218352914621 0.924694163021661
0.15013619093163 0.603653527231272 1.58351327394092 2.22253258416276 1.0870287628244
0.207477098850097 0.630491156785671 1.61405374509399 2.25358387275532 1.05237222688792
0.142356872674818 0.541855761120484 1.8696367751058 2.31839273927037 0.997421413909722
0.181527912212825 0.844603492605966 1.37268115706315 2.193189493679 1.10933068089825
0.181283585790413 0.978129371984396 1.13581916716532 2.1982578656587 1.09993619866105
