1 0.989965458866985 1.9388756264719 2.93731672001153 1.94206593310622
1 0.884804330733457 2.08556296061385 2.86167955576907 1.95857830327616
1 0.84456855012879 2.07423882673709 2.85115623997282 1.91600949260906
1 0.932808312659416 2.10198265644796 3.03040852981998 2.02485862473397
1 0.857566523529709 2.18289331997502 2.88967008801334 1.8474188888135
1 0.940622857246522 2.04712342374208 2.81167687999594 1.91501339667018
1 0.855942731222603 1.95555419135295 2.87080055045102 1.84250273447532
1 0.940706278827274 1.79595885868262 2.96098466931065 1.8350457422106
1 0.981582007272324 1.80710641218349 2.84494347075242 1.85417026953321
1 0.991193552739375 1.80065334861128 2.98022609024519 1.83425443985163
1 0.968646441247633 2.16214743057297 3.05292758358909 2.05540877447776
1 0.831743835664359 2.27762432205625 3.06229738917975 1.92918198931296
1 0.932187102480093 1.89390272417804 2.80104619834475 1.87806893708806
1 0.940265694719136 1.99797991028775 2.8715797312166 1.81316776145818
1 0.921863589232089 1.92413691239432 2.84830848550377 1.82300434983567
1 0.861058077625639 2.07614878131668 2.9627647909141 1.80107255162328
1 0.899060808522681 2.01814701239455 3.08628500814822 1.9127555092119
1 0.956276960417376 1.8732148711589 2.9034642879569 1.78407847720858
1 0.904856215773052 2.15373593985288 3.1019108594104 2.03064346350677
1 0.925478974017234 2.29605248012322 3.09124159461052 2.07678110761634
1 0.904327724664668 1.9967467088277 2.74759821546576 1.89206871142896
1 0.934319692114368 1.91592527901948 2.8000257360807 1.80323983334034
1 0.939343667601546 1.87375306077806 2.75878780955704 1.84147128996282
1 0.785134693307485 2.08006446763538 2.8455995014459 1.75800780160377
1 0.744502260046298 2.36685053028691 3.06691830901449 1.7997797904317
1 0.782896528247931 2.23532463902424 3.0664594957927 1.7961656384861
1 0.907390963102207 2.31879015604948 3.11167389164196 1.85813381166891
1 0.709419261453977 2.45016348512828 3.05367793571709 1.77831548649586
1 0.964986462215117 1.94310988184608 2.96901334565407 1.73116050275248
1 0.820930877262841 2.27412676862619 3.14419798791057 2.03430496133965
1 0.98666926780832 1.88868847417218 2.85799562592416 1.72918092791398
1 0.978634758781021 1.92828520531921 2.69303970704398 1.91209591610672
1 0.925820821788317 1.78870141646553 2.75287422581153 1.79271171027359
1 0.859962204654261 2.25600312508412 3.10895305211255 1.81380285382488
1 0.957888252045959 1.71890027059669 2.7848617074557 1.74854743303198
1 0.985617424872021 1.68206498760772 2.87725408798787 1.70523327906264
1 0.990024087392847 2.06280850680807 3.16271862216198 2.05135730968668
1 0.940490921566978 1.86327858070359 2.77017331767733 1.75790568660813
1 0.793783873673654 2.01115082140583 2.70779923567751 1.83646627860226
1 0.80709308856051 2.24032242789385 3.01097853589857 1.70504207480824
1 0.752995806990609 2.15365936227815 2.86066302350133 1.69432698807971
1 0.906859343468712 1.99940873597149 2.86169025295653 1.69259683673228
1 0.956002955403113 2.40987242009473 3.16200679185382 2.10101106428004
1 0.881952770041292 1.93598618557508 2.82538091604385 1.70432737391814
1 0.955283508362481 1.75862101736944 2.66269061695984 1.92850002313533
1 0.983010936263351 1.75941955825306 2.68483740613038 1.84846353855627
1 0.702590299561492 2.40986203232413 3.13845255286614 1.80328016773811
1 0.98589322891847 1.87414290821401 3.04982517430998 1.71506344058712
1 0.956455286147887 1.86269510481038 2.66029939077155 1.89695586749169
1 0.73375645147879 2.12258065335201 2.9268107241839 1.66816813058778
1 0.807984331417812 2.14589590821055 2.76624133319813 1.71971379796225
1 0.663920275859196 2.52041928144897 3.03693992472108 1.6896618544611
1 0.709945551513185 2.16103190260972 2.90861752149934 1.66213173722337
1 0.715630551013651 2.36679368209659 3.10344497721266 1.73474379486615
1 0.87774415826658 2.15216806147726 3.04277861103903 1.69101789437393
1 0.760562479765496 2.15330767344608 2.99098510668846 1.66615765771955
1 0.970459419469504 1.85169512601453 2.80641721176169 1.67710922601154
1 0.980534046526774 2.08281071998645 3.21190414880606 1.91908982994787
1 0.872158608196123 1.91648409293473 2.84328678233127 1.65910668556153
1 0.955823834223864 1.6373542563885 2.70010033332026 1.75638668308462
1 0.937778301863726 2.24694677842518 3.18775752622713 2.15372010485058
1 0.817406468721706 2.35650914791457 3.22716161894358 2.02439251254423
1 0.862169650906388 1.83356994581324 2.64823818968647 1.82240644292148
1 0.854803497282555 1.88203897396064 2.79397641609415 1.6569226189167
1 0.910914351499021 1.87339436920775 2.72960611703517 1.69641280269824
1 0.783435013519048 2.42942268416597 3.23199547343706 1.89538564218419
1 0.716644420161153 2.15855903213818 2.93992267651806 1.62032585477252
1 0.957872141403066 1.72029202734707 2.69525409945321 1.72603608949092
1 0.827020900255981 2.0107640118999 3.05937664016243 1.64974754511809
1 0.753971439129253 2.20243569259821 2.98178178043398 1.62037365761801
1 0.971814572003614 1.73137230893865 2.67042110718725 1.7492010337627
1 0.87363243650839 1.7916531979607 2.78820496644371 1.6434925480662
1 0.887908330186037 1.99755249831243 2.77791531718588 1.64503482078234
1 0.960323297594441 1.654481226947 2.68568407886316 1.71834291936038
1 0.844868841665045 1.967529335087 2.83924347190984 1.61750697954803
1 0.801141227882409 2.43882458860994 3.24241891561381 2.08691855618613
1 0.9720078547005 2.28008795808018 3.23288860386002 2.1182104135724
1 0.848890437717782 1.92973384458184 2.88744610444591 1.60511548198439
1 0.704685946277318 2.28782383345634 3.04520367968256 1.62517023237697
1 0.708254759247704 2.46672325552259 3.05847612531147 1.62862351834937
1 0.836227428497875 1.91005090151294 2.76077416065174 1.64106915991797
1 0.715111439523407 2.21814729250055 2.86598203398003 1.59703587126458
1 0.988330692485429 2.25216880977692 3.25678897032439 2.08005526988913
1 0.869875783730844 1.9485207297084 2.7511930500473 1.63914146701826
1 0.804519616293422 2.42014439203663 3.27336108646946 1.94881178404463
1 0.880604371037204 1.92099928299421 2.726304250291 1.6494651407693
1 0.889480932810887 1.81528609866082 2.761058565736 1.62301122926282
1 0.962821829483922 1.7085205876544 2.62679304115637 1.75168517922114
1 0.968404869893566 1.80936756490536 2.6562434382917 1.70586825449641
1 0.944718076484278 1.80188456462851 2.72582230504333 1.63747219448405
1 0.993166415413143 1.69725880961865 2.64626231984914 1.7151079982264
1 0.66396340869863 2.62750600707577 3.16948386680114 1.67932342136505
1 0.825428075716399 1.95124532726655 2.72546961586809 1.63420641451495
1 0.834719354147139 2.44991006662037 3.27892805204918 2.07198682940063
1 0.737919122660163 2.12805181550268 2.86690893057228 1.57109056659712
1 0.937058056711685 1.71049569943803 2.63366475903263 1.72281506578974
1 0.971609220116966 2.17831830294342 3.27739436448638 2.10229785360587
1 0.867582569292281 1.99361342451302 2.98157363131212 1.56523978361008
1 0.775659550740396 2.42751879084413 3.2775789058139 1.85312631895879
1 0.864398146113884 2.34031976948329 3.28497074191944 2.07807854760474
1 0.901363192016816 1.95693227318595 2.81411340382599 1.56643390175805
1 0.924974355430222 2.21495399579212 3.27226885260336 2.15549919864128
1 0.776245324078647 2.63846525849427 3.30637390844599 1.94261896534978
1 0.846929993802526 1.97186977902621 2.84941614423372 1.5521148198639
1 0.742681055728434 1.99908940896735 2.70440412169807 1.6146510720498
1 0.610467869297829 2.29877554793941 2.8587896368461 1.54330028181612
1 0.838616598167621 1.9838415334562 2.69931700661088 1.61505849350957
1 0.921778204555142 1.77952301855155 2.60296859513608 1.72061176156596
1 0.831804169585618 1.96308125344881 2.69557750958773 1.61578721041978
1 0.684420220463365 2.31455037660325 3.13300408928799 1.59939447628147
1 0.835586004093445 1.95860359794033 2.70829006852674 1.60036673826354
1 0.767032670773585 1.96806964926138 2.93158681942506 1.52930639499439
1 0.707682568424674 2.07206648754665 2.74160617072237 1.5761309981231
1 0.551057836720719 2.47018328112989 3.03615769358366 1.54494652262637
1 0.937260392077013 1.86790052359523 2.69127972556668 1.60473002412408
1 0.676094902762881 2.2640138963692 3.1428040633747 1.59477285730731
1 0.657123357654171 2.42564200056026 3.16894512920446 1.61307967485403
1 0.898787689735784 1.7824038240583 2.76774040742854 1.54196089332713
1 0.754858847120918 2.07680952586909 2.88575573163348 1.50543619212723
1 0.599627430725985 2.38010141046179 2.86350994903477 1.5070069233046
1 0.985224278260333 1.62522383823254 2.65557999158512 1.60885726190679
1 0.648963766196866 2.38500408338193 2.80747689242163 1.51637738995079
1 0.592699733435273 2.27716612488367 2.85987202551145 1.50300980456666
1 0.76952338891165 2.49121617596153 3.35051405333456 1.95584612485428
1 0.983574103418893 1.74392509733754 2.5145150271311 1.83006916907771
1 0.926238384948087 1.69323029445583 2.69876566315957 1.56477702365073
1 0.686190624146924 2.2077807018097 2.73038595406652 1.5432496420619
1 0.68281840291532 2.36015394162793 2.90719910648394 1.49227941496465
1 0.694550321793304 2.20395786840426 2.80275181640899 1.50829269946069
1 0.659625068744137 2.33736414660765 3.15697543813855 1.56654069665795
1 0.775166523295518 1.96177433087076 2.7886747937531 1.51258626804782
1 0.931948916291256 1.58086385203119 2.66856295466079 1.57588926422601
1 0.807473913313976 1.99325137135185 2.79118043774853 1.50606679978423
1 0.985535718923118 2.23248447974651 3.3139750570648 2.2064050716265
1 0.777436385312572 1.99397182317079 2.75331716449598 1.52119809564357
1 0.878357248060243 1.75876190122021 2.6631403636247 1.57651177204768
1 0.610401814894797 2.50495127755391 3.0480971475706 1.50161796517635
1 0.916892897178564 1.74685953442129 2.60457610673913 1.6309436960104
1 0.669593460773869 2.30218704820088 2.99333824271924 1.48350619288358
0.124379389926433 0.875719279108496 1.78118634385071 2.59612154688705 1.63658214356372
0.0982487712808728 0.953659639872419 1.59015422043679 2.56659833783644 1.67544763687861
0.096242586300831 0.808820198854675 1.86650795737817 2.6293990127557 1.59915204156665
0.119427401976982 0.812619392310098 1.9963985607185 2.76259763848428 1.50897471670137
0.125444354848304 0.756911150159479 2.48254039556015 3.35854930884569 1.85704074149547
0.149974439658244 0.821947582037299 2.51464817464263 3.18004863469334 2.40185406581536
0.124199265051398 0.924177822059781 1.77065085230217 2.55530394867749 1.67508568029639
0.106679376207313 0.679664052632894 2.11711801383992 2.71417119722904 1.5216616084008
0.175713335585571 0.822621112101299 2.53448404937992 3.37830494207178 2.02876736953287
0.109145940247648 0.565882124511316 2.30586416178701 2.76079808886327 1.49626907972703
0.101452081065047 0.978537008460416 2.26576215641904 3.30028828974064 2.27577860876812
0.097760452157181 0.844618957875688 1.86960814248563 2.59080241265397 1.61820688624448
0.0945869412847431 0.79740503017948 2.36456794900586 3.36979347210683 1.84902992435441
0.102413759484926 0.844162739850401 1.93369077585527 2.57682357406956 1.63025371360821
0.543696170803249 0.74554506878688 2.07307244682063 2.78672387188238 1.47860262756011
0.106418873128844 0.694572752731335 2.12342345238771 2.89170342494895 1.4559298070745
0.118853363194231 0.854611379328371 1.71858617450689 2.60420777274675 1.5949706128101
0.0995700934633913 0.817280177597422 1.92168210262355 2.7443568160031 1.48856371461485
0.146195480558257 0.831030449935991 1.78293766387676 2.69652236648843 1.50948147243846
0.163047115464211 0.748486411348373 1.96894325840559 2.86250973042269 1.44853272544999
0.100471565036385 0.899554485662763 1.66916906149127 2.5998966852252 1.58649142803165
0.10644898113011 0.997746603140646 1.63968408249001 2.61003107789919 1.57460688755428
0.415408339109935 0.863426826512072 1.94350716143644 2.5016987412872 1.72705136414094
0.148515520333845 0.624931500860656 2.72985084358965 3.33877183142625 1.71652030014711
0.104382081695789 0.954794831056426 2.35763606109943 3.34692103387524 2.23157949850011
0.235359345907119 0.67719529465103 2.24279350308044 3.02533990130278 1.45080347308534
0.128320825449113 0.628719068551667 2.08357400081422 2.81110879686539 1.45144473626593
0.0959394096070286 0.620404497536234 2.42519304855172 3.15744036717358 1.49667167910591
0.118431240753774 0.714329645238815 2.0102221129229 2.73145214190311 1.47221757511921
0.133632460047691 0.825647840565459 1.77647791162677 2.55771997286394 1.6108057029632
0.102699289696132 0.782837134605274 1.8517608119798 2.69688898672636 1.48814303354424
0.155293874656547 0.883554526950061 1.67445331598055 2.58038309952291 1.5820607957095
0.89209401359648 0.734452538604469 2.09671509583164 2.81634937399465 1.43544081932084
0.124231196578391 0.652771136848713 2.09145778844974 2.90327258652603 1.4220544250662
0.126439579950622 0.758290905190165 2.09180191961396 2.87651007321039 1.42142870393049
0.449542423103899 0.93423982437516 1.61335187698875 2.49080303933298 1.70038800709652
0.104132636535667 0.545682616875394 2.40683546774035 3.0889625499139 1.4458417263961
0.149271149309294 0.743570814719615 2.00330809692954 2.73174757135032 1.45200478961023
0.120357931744801 0.856998582483285 1.70948036162754 2.54778726204459 1.59580149547324
0.150821691450262 0.613570855796435 2.36357009368379 3.04688181138215 1.42636439447195
0.10979917188574 0.991988187626192 1.57959400655479 2.69815214006293 1.46043655732797
0.212031637279364 0.727214031981498 1.99657716850711 2.73401141201858 1.4416884063527
0.245379899348378 0.770173752930106 1.85757379036549 2.75087986064092 1.43092849193899
0.126214846102307 0.884602728374352 1.77284535429941 2.58848456993845 1.5351334330892
0.19820858230352 0.918637645804874 1.57869127160819 2.67384761271884 1.46748957551729
0.28375444011422 0.559949862438828 2.5294682976076 3.00958184249191 1.39634443529681
0.107017172703012 0.842287100492616 1.71325337896602 2.57917645893758 1.5311213267062
0.218615346293544 0.892435276364333 1.66150901551586 2.611840393759 1.49938391657961
0.125379127028755 0.724480247430659 1.95585219802859 2.83049559067591 1.39248378600737
0.104934431945932 0.831393728592599 1.87994067237497 2.64653834060491 1.46947531398139
0.177972433025862 0.737429937834247 1.81701243087778 2.67824842079988 1.44901139872507
0.118081439511216 0.793451223999598 1.78989104114028 2.76508331001113 1.40629199792046
0.124841710843777 0.655128567597245 2.44310783015355 3.29012194073915 1.54311290581633
0.125724109701709 0.753064412656612 1.86140369448882 2.62031980978992 1.4790516165834
0.178744362287769 0.749618587299315 2.07035224638319 2.97734444026767 1.37686722306099
0.0985384614904585 0.815477710036695 1.66038754937809 2.71990964265817 1.41692980395232
0.0944311012393238 0.772441003969739 1.81254409805329 2.66258143685197 1.4473927990554
0.210760094075958 0.807612848376069 1.84977994675459 2.64046448805165 1.46132624491139
0.167272912514861 0.771451818310366 2.12725632353612 2.60302057245058 1.48749632810729
0.198351161384065 0.940111278244922 1.64666403405532 2.45405218413324 1.67317382621138
0.101883167492727 0.812676493559654 1.78021765211248 2.5088085975935 1.58517697363963
0.119002030411565 0.513716408526394 2.30884158430326 2.85194968437108 1.37300469948116
0.164072029907242 0.865946499443601 1.60565588041616 2.56939648456623 1.51312138264295
0.107785230690322 0.845500810838758 1.85925731869682 2.66935593116081 1.43678390733333
0.47782384271879 0.840434888156351 1.65111335966244 2.59820834850754 1.48656837735256
0.107941586028555 0.586745325863422 2.46681489189567 3.05679999572191 1.38405493239395
0.117751253893242 0.719032793828781 1.78759809645308 2.62391886688865 1.46316926642628
0.233264203209076 0.937658177950904 2.47550557656891 3.42335999125172 2.22682399946352
0.0982841955571911 0.722530895868912 2.16846409230974 2.71950442874122 1.40313426169488
0.162572017283324 0.779323900903431 1.71401727533148 2.56052947865819 1.51021672553188
0.166100362410588 0.749230656396957 2.67768889839754 3.47401688205191 1.95778362218448
0.100894360545893 0.932113604502013 1.65642095662451 2.64469688830223 1.44060481038209
0.116624673607612 0.917740041567789 1.66388955831993 2.59815252038772 1.47355855452089
0.106054971082196 0.629578605260222 2.21443221254405 2.90657236418138 1.35516243350878
0.132419539531172 0.863197419514288 1.67042090573498 2.52419970771173 1.54074600911692
0.164400370744008 0.860199660218398 1.68476306935889 2.64257608161536 1.43239363547284
0.33585646299469 0.973228196651908 1.48508866641593 2.45003569899002 1.63879826399509
0.190165555608839 0.717608883870222 1.95312060615009 2.69402615638225 1.40046125021499
0.43170893708944 0.794506803985841 1.74606951042941 2.83258984928098 1.35241115828667
0.451635505772192 0.993041203310991 1.51717394218097 2.45453920483945 1.62393187319208
0.104746753837288 0.533852020617836 2.33770795599459 2.93729687578748 1.34353275712018
0.405475227134615 0.699036780707224 2.13513042387041 2.80032385732031 1.3578347957877
0.371874733528834 0.991206945047763 1.5175285600134 2.59492041729113 1.45638699328896
0.203691144853312 0.483006432906011 2.71493378395167 3.0555850420019 1.35632649684855
0.128288625830604 0.935150306086053 2.42046364497899 3.35311109491657 2.40020096908286
0.1428263655321 0.751142963269737 1.87242382487488 2.67619417789882 1.39685005839714
0.10448645484287 0.900195567059175 1.5940042287154 2.59470515595263 1.44818008349876
0.0945809467513538 0.879535975935809 1.69668971697462 2.56744362331005 1.4694029747498
0.121285759103766 0.724805123053235 1.9469217916398 2.72070553652503 1.37128475035796
0.263957723468887 0.851538204364337 1.77865764917124 2.4824428057076 1.55902346178991
0.111771665518082 0.91919237260047 1.58672124237637 2.50075972038438 1.53507580101267
0.134097184037831 0.906535415078979 1.57173650566372 2.48717343361331 1.55115414111748
0.0979539843218299 0.728940298378561 2.73840546616037 3.50283285600287 1.95145103832163
0.102562072069554 0.581409316974459 2.29279303808532 2.83822201265278 1.32898648172695
0.108273525317997 0.681515086691469 2.0931904881275 2.6926412544668 1.37266900425943
0.435059162775716 0.928356871053887 1.71482199307337 2.37343729808299 1.7456209044013
0.251814417434012 0.509716959881751 2.81316432602302 3.33185347629578 1.49963456441329
0.109910422922552 0.907378636801926 1.69072456161686 2.5019144585209 1.50611362083277
0.334276739027874 0.920455444220764 1.53543673626186 2.49523205207613 1.51043070863367
0.113514735094998 0.81630573144299 1.81811187688378 2.46613227286866 1.54020045326071
0.170374091695381 0.89826736689664 1.73600298465349 2.50916387006487 1.48751835269756
0.125140118439232 0.809821181353182 1.80567951560214 2.65119686079165 1.37333053975417
0.116155742936787 0.713422210723317 1.93749636037081 2.78387754777691 1.31607523356134
0.16614865736867 0.92056596453411 2.53362990003784 3.45595587336447 2.30244812252003
0.0963324024037288 0.60827309381993 2.52144469113348 3.23651180952747 1.39427908292769
0.168144401519045 0.838054967091108 1.7365586146072 2.51513022943467 1.47111727047457
0.0963786563450521 0.744197864771898 1.84724785130238 2.69717980931721 1.34111150419176
0.110766980918105 0.877015581600911 1.60781036253592 2.57168724438196 1.40985232348341
0.110648811189404 0.719128780520599 1.95076716240573 2.7159509487123 1.32534312622092
0.288777032597515 0.976092450028963 1.59355522901902 2.40814566454239 1.59542803081329
0.0955223780399603 0.804700492376772 1.72477304800802 2.55623215050794 1.41440460840651
0.10627336326462 0.79859715783874 1.84220564527477 2.61118261642595 1.36895101091326
0.228843000055596 0.822618232543231 1.74297365778004 2.64689209919348 1.34522378861506
0.111065716778448 0.592574323689709 2.97378962078457 3.52405339899739 1.76907646176851
0.0987889532931039 0.427002351345368 2.83779478643677 3.25602554178944 1.37692112099253
0.0979131741151571 0.998317448506908 1.51991944029306 2.48506580707321 1.46736442342397
0.304620256113746 0.46214090759442 2.63900141595945 3.03541871015635 1.28013650923537
0.107048326237789 0.551144225665414 2.31141627703608 2.8561446653166 1.27184938966405
0.137969700423306 0.525739829629059 2.44653897614236 3.13297611381841 1.30770757958543
0.612952669958284 0.748734364449225 1.82669127752509 2.58180798418733 1.37668349471182
0.225181071175288 0.73223076073026 1.98096264004863 2.61185880834017 1.35529508649924
0.213659541234412 0.899665891035896 2.48794555252692 3.51752116403881 2.2300457312826
0.0964119473041713 0.798917543469589 1.8711106314275 2.56739260924566 1.38389183796253
0.130092869826766 0.528625626192124 2.3822377850624 3.00321719028013 1.26714911572968
0.316098871874468 0.953921136581339 1.4736577279435 2.48725604694988 1.45401445468819
0.0995083683137986 0.518699946564011 2.58282681837098 3.23858112624476 1.35357583330292
0.106669599087692 0.81747169162111 1.64848350629776 2.48916713576724 1.44722861249598
0.141723326167861 0.710698839162808 2.53921716169475 3.42877223262551 1.53597378926657
0.0964092877485112 0.755664021942454 1.64424700990979 2.59062728827709 1.35698599753606
0.10739269964073 0.552725010023403 2.1853572861613 2.73609124203421 1.28385237809508
0.14018134207884 0.741005885325031 1.77129374572305 2.44969881414966 1.48365690304383
0.0981839041083843 0.585886552119323 2.05348314103751 2.71743758556869 1.28768134940706
0.123297470863711 0.74294969109081 1.74233382239317 2.58257853163102 1.35730344625846
0.527567180994878 0.811725862199472 1.67737392497751 2.52445899394495 1.40068820977048
0.0944574780302344 0.770609202425306 1.82371093223725 2.4750124928327 1.44838162047044
0.191241549886607 0.616448240759926 1.96937524684985 2.63105198267652 1.32172773596538
0.0946900883178358 0.871676670310165 1.67803058455194 2.47461650299606 1.44368518619398
0.270723731731727 0.981645372897668 1.34845508083621 2.51557714550911 1.40298245465513
0.132700059134592 0.612146532076498 2.04498282479914 2.47862284070442 1.43273172143333
0.101315137810252 0.784644170451636 1.81799104315133 2.57735254092222 1.3478360535434
0.106492210603795 0.717492878330946 1.83997614047024 2.51154197947231 1.39478159203531
0.105710681922201 0.786585018265917 1.81751205636635 2.63175419745783 1.30925886891401
0.262088015788033 0.735674149459228 1.9317866248036 2.62962872348243 1.3101537860154
0.113574113779202 0.7213073926842 1.83811658513305 2.58678355174376 1.33335248665729
0.227401479135295 0.810280552079485 1.7700398998967 2.50428869022413 1.3952584571459
0.116602224259885 0.459875467007507 2.54878334145896 3.25085933933893 1.3265158565006
0.110607469685518 0.78629531951416 1.89508381515312 2.62833303208568 1.30190567442391
0.102726091825325 0.595162841791279 2.20375050987915 2.85477518251887 1.22451302516009
0.229480166536426 0.859526104144752 1.45385014072061 2.46854491750363 1.41602892426173
0.105122234488151 0.539323509445298 2.26726643678345 2.83870986502803 1.22430006608522
0.199480751904 0.955985564737219 1.45096794095685 2.37762606476765 1.52614638807134
0.157184552436887 0.965955665639296 1.48325770226654 2.40561254256946 1.48575678427366
0.169861189820228 0.594884581784087 2.17520314512491 2.90217755378998 1.21490109166671
0.102477200715609 0.724985720931127 2.01051513644319 2.57030084029116 1.32356101622124
0.094460702588176 0.973914071945474 1.5418147816183 2.49142948112997 1.38475794013807
0.152093393116864 0.543982289738169 2.25602727221353 2.90327263953813 1.21013821245248
0.204628462100045 0.68964458986898 1.86610692241865 2.53187502652287 1.34519899559923
0.127786804869269 0.646745594050112 2.01356666808493 2.7475734035735 1.23255398903575
0.147319108849823 0.596654770580362 2.23562308242959 2.68372925908875 1.25346415391805
0.247924024694135 0.95830569933525 1.53954608126616 2.46994365100013 1.39463787453825
0.0991814710037309 0.851029917209049 1.54911505196786 2.42280238146055 1.44457791200567
