1 0.909768202602516 2.18421257189161 2.92242029086279 1.98497692828509
1 0.95913478751345 2.15508768037189 2.92794538626009 1.98304698690411
1 0.978504287416021 1.94299330601071 2.92596795350616 1.97271900249301
1 0.968687299421959 1.93586989910006 2.92540751150071 1.98749133831714
1 0.928526985892691 2.11022387866809 2.92430982479619 1.97021728893855
1 0.927207561653001 2.1006844535874 2.92777973866408 1.98775614728271
1 0.92002147299833 2.08760406773819 2.92906465562788 1.98697508655421
1 0.956719472844565 1.92446939709135 2.92565242806634 1.99072076295653
1 0.939146679754593 2.10290350602048 2.91242168080125 1.98473137269721
1 0.963946037502475 1.95596753863625 2.91895125542684 1.99278626956948
1 0.894718866125162 2.03946345496259 2.93188465993262 1.97085181503642
1 0.984236476294759 1.98592875614156 2.93138123212594 1.97014128553696
1 0.911167458159749 2.20135596998243 2.91804467016254 1.99322044136575
1 0.937540877800857 2.11729118640722 2.91085390806076 1.98660086956679
1 0.97864250343321 1.93675393480812 2.9170464042219 1.96551334676935
1 0.89019253460715 2.0846542736497 2.92343058791894 1.96403278571346
1 0.974583131139144 1.89930462801809 2.92998097540517 1.99321062387741
1 0.936137169240103 2.1476113712102 2.90932105084355 1.97276792029145
1 0.921183836687189 2.16203377837584 2.92452880318501 1.99597157410161
1 0.829334180278315 2.14924480386391 2.90831712355053 1.97536434914474
1 0.925355368502998 2.04054419996489 2.936985218159 1.97761213622093
1 0.94542933265828 2.12681673014713 2.90933608938807 1.97145673290719
1 0.918855399330879 2.10232087745117 2.93698497939764 1.98595647935807
1 0.861228315003373 2.20087868342814 2.93797160036402 1.9834596150903
1 0.932811295291738 2.06865367805684 2.93637852164805 1.97098177659133
1 0.825442627132151 2.196802160275 2.92509342951381 1.96172840423278
1 0.963891474664847 2.01028147971423 2.90676407717199 1.98529154844174
1 0.95652950320008 2.05823312542905 2.93644585608015 1.99087361830762
1 0.923555007495705 2.0327610997044 2.90737214182703 1.96934277558551
1 0.896645756254384 2.08257512454144 2.92785371052887 1.96087254616566
1 0.949814054219753 2.04532422244184 2.91163368311028 1.99582620398439
1 0.986454365221969 1.972931394968 2.92342458463909 2.0002917232303
1 0.918729841426228 2.09191613717396 2.93855130800235 1.98988205571312
1 0.947875640213758 1.98590870900959 2.93855267396666 1.96937801029227
1 0.948235631795011 2.00341469405825 2.92950300539044 1.96022289691401
1 0.945956763884372 2.04458694149153 2.9039555591635 1.97490328943268
1 0.911756303799418 2.05116111812301 2.93776117680582 1.96739528473959
1 0.978899552052154 1.99037311171183 2.93882794387209 1.99093748356237
1 0.953902630343058 1.99267667418353 2.92244143260618 2.00218440798352
1 0.996908087752157 1.97391196719305 2.91110054342533 1.96097592771406
1 0.99637932123809 1.90315986425476 2.94243728571825 1.97880572103519
1 0.92681960604188 2.01307064819741 2.9079570984041 1.96352114197189
1 0.973048569786607 1.9318102255102 2.94086452132854 1.96799793678812
1 0.988769108313623 1.92396741343303 2.92356194652356 2.00379108817841
1 0.947521643296294 2.03071345855407 2.91739717356653 1.95603239748133
1 0.957074828215812 2.00793985865486 2.90764924888293 1.99828832968116
1 0.859782883259769 2.09379594235295 2.91596309476662 1.95593746790941
1 0.932932115381317 2.16033006606956 2.90791538444093 1.96042764573517
1 0.87666614815106 2.12226753886722 2.90745950256946 1.96064489367775
1 0.970000266691058 1.86161518172619 2.9369014386066 1.96031424526682
1 0.935171331189352 1.9850272198155 2.91935307499687 2.00507862129861
1 0.883349581580111 2.08412903902393 2.89977857499781 1.97698025261752
1 0.789159841857774 2.182315813959 2.90001774916909 1.97464187919888
1 0.900563782078124 2.048267004823 2.90115151795358 1.97003858227637
1 0.891070523392238 1.98984836499441 2.91462192424251 1.95535235204707
1 0.840222210909874 2.17118617431394 2.93813112340801 1.9986698247349
1 0.992707539195406 1.80808589575258 2.93616948479859 1.95849711452433
1 0.854471315896085 2.23786204494462 2.90765642596788 2.00036592403145
1 0.904669708330873 2.13358105489839 2.90938823487937 1.95748629812871
1 0.88405587743014 2.09601838210004 2.94618260010223 1.98230492097275
1 0.928395299704117 2.08992898964915 2.91166403639755 1.95535586012122
1 0.849941205585609 2.23938624046209 2.91161119735157 1.95525711519586
1 0.958922554190197 1.97348722033916 2.90236864672581 1.96425894841918
1 0.954532498822714 1.97009992050891 2.9322946451233 2.00495157005195
1 0.919654905966034 2.09239982928736 2.93233732441635 1.95442112331007
1 0.985139740636712 1.95613368614444 2.91163975662414 1.95463399094939
1 0.864303836411775 2.12580686172763 2.92780570639395 1.95240390279607
1 0.952066257287361 2.01777412103939 2.93958817556297 1.95937066007926
1 0.930533472926066 2.14917516097916 2.94655711493306 1.98770809385032
1 0.906440442723616 2.08502871519791 2.91694776799197 1.95157666372883
1 0.940579200197482 1.97725021580847 2.94717029016323 1.97087836787268
1 0.914532315885902 2.04160437832082 2.89634029606307 1.97693224663473
1 0.895924622267799 2.05408427164635 2.9466700729152 1.96808899114051
1 0.930523480808301 2.13038224770412 2.9410929424057 1.95817190863691
1 0.913734077662036 2.24453862260785 2.9398091958866 2.00278761250575
1 0.973696926292222 1.99188986156894 2.94857479070642 1.97257571776758
1 0.911983672522065 2.06936348458961 2.9295460142161 2.00935636734707
1 0.986337601346545 1.95319211128227 2.94709202344084 1.99337925219397
1 0.947713593657648 1.92987336570005 2.94238951830842 1.95806874747027
1 0.933542844869969 1.92610136969285 2.92685833955508 1.94872158194233
1 0.888684906193562 2.16846769178059 2.9498401260106 1.97121937990588
1 0.907362610309918 2.16431599584405 2.93332180541909 1.9499837638337
1 0.928715575801378 2.08768977209526 2.94311723294612 1.95743693545788
1 0.876587971607455 2.11291911305435 2.89494024540454 1.9896206767611
1 0.852679894875705 2.23452129671105 2.95048279363822 1.97176544062916
1 0.971791716593058 2.04807347820651 2.89371224887135 1.98527072559672
1 0.879952762871385 2.16600824752744 2.89321172118558 1.98030477335511
1 0.965116678431578 2.02133258613455 2.94003033908061 1.95224091465604
1 0.963425192151504 2.03380114976416 2.94422235899544 2.0033303401632
1 0.985318731426995 1.92151670702469 2.89537473669795 1.99536534042707
1 0.958365406634776 2.09930720344824 2.93897139023755 2.00845424745208
1 0.920587869710238 2.06335372431052 2.94705242755728 1.95951543219869
1 0.933153809099188 1.919396212664 2.91066586843779 2.01200988119604
1 0.975554362387432 1.96896190579428 2.94410438687103 2.00457390206052
1 0.933404353757487 1.9815703288052 2.953026134326 1.98439511973132
1 0.841154764721082 2.17704089772451 2.95295919284368 1.97433536543519
1 0.939217467252626 2.04079055751261 2.94575876761083 2.00292224048269
1 0.943886312885668 2.09476054313378 2.92829047531675 2.01464505739185
1 0.967841115408651 2.05218592911756 2.93482122931147 1.9465738974514
1 0.942188011472686 1.97958091012886 2.92008872782952 1.94360914370866
1 0.944816903290709 2.10058945966802 2.89070396705689 1.97290973858927
1 0.999985030752083 1.97596939001663 2.9134730546422 1.94474770732045
1 0.937013911666819 1.88337861030826 2.89653732875996 1.95781547058622
1 0.84804938956711 2.18331366211669 2.89010384174842 1.97470722624767
1 0.91351512667141 1.99643140605114 2.92407213076976 1.94310712060274
1 0.939183648247202 2.01606026100386 2.92943002367011 1.94342129273614
1 0.869925389666005 2.13682380294889 2.92590541103534 2.01680354170323
1 0.975298516122 1.95667132346803 2.91876892656735 2.01739302349139
1 0.919436348236358 2.1066645374127 2.88864663921148 1.97782082079117
1 0.974703780187233 1.97069461830223 2.93874322122352 2.01301922703369
1 0.926205647767975 2.00399548470649 2.9532052229932 1.96429954717124
1 0.908272169465055 2.06950583247583 2.91912112615104 1.9413992034536
1 0.859625316968995 2.24177079278584 2.9486684792536 1.95511298128563
1 0.954133459579717 2.01703916055829 2.95471742719323 1.99285580556171
1 0.939353318810007 2.07188255440127 2.90212647226924 1.94838550773271
1 0.984311577527713 2.00720997802785 2.95529076100432 1.99249154760716
1 0.974048359780586 2.00393399966455 2.95706459999008 1.98451097704761
1 0.994283471624368 2.0551315750329 2.93562361917678 2.01641174654068
1 0.899514059119965 2.03919697239478 2.9515760260194 1.95757231723252
1 0.931549194416913 2.07565551350583 2.92626929501106 2.01944522981452
1 0.861915607081882 2.20645663119851 2.92609653569093 1.93975831918812
1 0.953708614083096 2.07173677507082 2.91535658593017 1.94010061836274
1 0.970052305534945 1.97868658030775 2.94024375921359 1.9445183828881
1 0.982951668382471 1.99892636383097 2.91495794398079 1.93999759887071
1 0.999982392703857 1.85822562969542 2.91633056305675 1.93958019903001
1 0.958926970820434 1.90612149117447 2.9278700040561 1.93946655886729
1 0.951246863333118 2.00239893195185 2.88616472258994 1.9750363219504
1 0.987243670704365 1.95017857475959 2.92271945332678 1.93863092945998
1 0.986778502132227 1.91346244922255 2.90302133082879 1.94483049242461
1 0.946881458010474 1.94987472098712 2.9076056914828 1.94203682491056
1 0.989965458866985 1.9388756264719 2.93731672001153 1.94206593310622
1 0.881691896781039 2.2018946405492 2.92152084372388 1.93827597472434
1 0.982438961178944 2.03692751589233 2.95920928329607 1.97891169810206
1 0.902615533342377 2.17318197271932 2.957721642259 1.9669638147461
1 0.970611125167232 1.92737374199123 2.90560764436035 2.01721987406865
1 0.98303117131771 2.01692460195001 2.95028218386557 1.95197675098543
1 0.945580498532349 1.95791364689669 2.95892191585218 1.9708012890358
1 0.901624800597015 2.11670673192321 2.88588207139833 1.98946017083438
1 0.978119755450982 2.07047974875772 2.88703850946139 1.96514689070879
0.124379389926433 0.920897618550226 2.02821296168495 2.91778687247999 1.9375703708422
0.0982487712808728 0.89275530080275 1.99664574995396 2.91209844148157 1.93876743603237
0.096242586300831 0.834416659651032 2.25461048395086 2.95967977756298 1.9863112630343
0.119427401976982 0.991193905958716 2.02371165532914 2.95529437416793 1.95874328980589
0.125444354848304 0.990697218716564 1.93608480528332 2.95861797383488 1.99299125693358
0.149974439658244 0.939893230901674 1.95884706595849 2.93108177504945 2.02187902130086
0.124199265051398 0.975479423412987 1.87880436464193 2.89497131438487 1.94903551227773
0.106679376207313 0.895718818770702 2.12584748476507 2.90837014809405 1.93894648782647
0.175713335585571 0.946393219876959 2.02364801620818 2.91958925662787 2.02348955340087
0.109145940247648 0.944047153548483 2.06736204458202 2.96131632561171 1.98163315144811
0.101452081065047 0.7519786292038 2.41230235155075 2.94033907421273 1.9406654294105
0.097760452157181 0.976935146443599 1.93379426275936 2.88971839175106 1.95535717178951
0.0945869412847431 0.908397514270069 2.0646662798623 2.91058710912111 1.93762615487654
0.102413759484926 0.955579840058246 1.97402769591449 2.93570949041308 2.02162316064264
0.543696170803249 0.939797400916004 1.86226851210615 2.94729118916401 1.94502550330497
0.106418873128844 0.891268841669338 2.15909986245093 2.92098468239301 1.93466128494867
0.118853363194231 0.957621163039469 1.98382430732926 2.91323022079122 1.9358024807174
0.0662628448499912 0.937170769454602 2.02653467670862 2.95646725164398 2.00400287922974
0.0657937479200942 0.935823078439753 2.17578235062532 2.88539542242279 1.9981783325848
0.0714098417756966 0.854668437006685 2.04115383579947 2.88215132666261 1.98521426262767
0.0667416309153076 0.981651504759614 1.98340010820267 2.96292455397956 1.97462076529414
0.0637535055281697 0.930650750948927 1.98115654057172 2.96004123919042 1.99811868142714
0.0695457377931107 0.964589167672326 2.07619348542517 2.9574718336272 2.00460317069116
0.0981313279433114 0.910601197349167 2.03947666027035 2.95762687938518 2.00433454799114
0.085569045275453 0.9200690687463 2.0929233963355 2.96209707832368 1.96561357903216
0.0813084186400821 0.893767797858475 2.09028251026563 2.88652409586467 2.00411734355188
0.0769001238712755 0.934436512308575 2.06664681347023 2.96405002877733 1.98366434922246
0.072232797831353 0.967024053217661 2.01419607096551 2.96401969257536 1.9844148996057
0.0874243609951814 0.937248559351392 2.07432316108907 2.9112255790636 2.02529516140153
0.0758056997365765 0.922053407653836 1.99233897912235 2.94087050947792 2.02212094184061
0.0705396655653583 0.830658398271547 2.04987897662586 2.95989264538684 1.95882100490969
0.0852709252526712 0.973180162541038 1.86991072270625 2.93764161491808 1.93576379035513
0.0906839694104674 0.978227549959862 1.97728296535468 2.90627864284876 2.02346716107157
0.0524143503758908 0.951248067807362 2.11894520432029 2.88255570629267 1.99482778744571
0.0519474772694082 0.89139221395912 2.14116167903128 2.91554730033922 2.02646407941581
0.063209745593691 0.933939820794589 1.87300184379454 2.95673807940062 2.00738665695365
0.0266671775714565 0.941226060124726 2.06484992762888 2.92788803138734 2.02709445002383
0.0293517011440994 0.847289395140478 2.15055157072117 2.89147590912517 1.94694108228919
0.0257488291542424 0.986581914672019 1.90855736864207 2.91389178763524 1.93268876187022
0.035289203508793 0.920338661806189 2.04724185279768 2.95368082720143 1.94654448414125
0.0399044839618144 0.95682792094258 2.04361808826385 2.96327964273904 1.99520965708644
0.0256732059523194 0.89816615940913 2.08349399777034 2.93422531931964 1.93292041359326
0.0189120705790528 0.978594612409236 2.02211772996655 2.92244097000409 1.93102925685737
0.0189503371635059 0.855934969477848 2.23473639346076 2.95951791528169 2.00471029486511
0.0350900080818663 0.947863280049724 2.05568118612394 2.94927013279859 1.94152986868347
0.0300107517656366 0.905406071983581 1.99529532781145 2.92917586497371 1.93103935534345
0.0253463402676653 0.871429400918785 2.11526527866067 2.96614312320162 1.98219005244121
0.0239891784409497 0.894264467316733 2.16059060391542 2.87849747880122 1.97760723148677
0.0430361337369775 0.942813568055724 2.18653941157022 2.92518443585029 2.02920259343562
0.0211429699105518 0.900640248821813 1.97519604950661 2.93898970646912 1.93367112606841
0.0459499490816285 0.860661405268348 2.22767980825256 2.9664347259848 1.97670846309634
0.0187656184795498 0.901842433461299 2.07721112064768 2.92504622700381 2.02950087073068
0.0369144142599022 0.908828346681146 2.08713624499006 2.91905163962544 1.93003444083875
0.0186128150470051 0.972438147557557 2.04743700086011 2.93429890623343 2.02789373607251
0.0174698049959474 0.997717525019301 1.90909896099859 2.88256757506415 1.95745534107456
0.0262484341711713 0.956462009789967 1.98068742867054 2.96357740814235 1.99868359582426
0.0208331242495225 0.882197848488041 2.00005374162085 2.89286177711155 1.94208798085101
0.0494687308051582 0.989827233162406 1.89090720011913 2.88481336307393 1.95264716076672
0.0173031101972035 0.970492670195813 1.85421735081035 2.91893522700092 1.9295988415463
0.0363838562139072 0.887563086322343 2.01485842531425 2.95224520181889 1.94235610629472
0.0215567546139604 0.919861183851095 2.11009789855526 2.91820112228199 1.92938776194711
0.0245765152940217 0.900975156035543 2.07569583826337 2.92277125721416 1.92902557952411
0.0222248076263457 0.819158361579452 2.20290544918445 2.96597219377046 1.96720437658944
0.0206251383210099 0.910557952847606 2.0898822918966 2.91364030325568 2.02966007379883
0.0220146618648635 0.9085340987945 2.04082110786751 2.96697697871387 1.98803135388731
0.0172378294976877 0.883005866604506 2.09923293765072 2.93611953969448 1.93118202016469
0.0144749987063303 0.944387869714177 1.98540645386289 2.91682820184172 1.92891097452486
0.0233088335230829 0.837200377012108 2.13072097451226 2.96720961122914 1.97076870477463
0.0170477817302755 0.921191032558859 2.07873325654596 2.88635928375006 1.94792900294215
0.0160499383247265 0.938353866272917 2.09649736526543 2.9676508075614 1.96959239598824
0.0154951847459141 0.921928735838358 1.97899972679709 2.96816450642481 1.98668734773522
0.0160385527203525 0.969165037703668 1.93924530807784 2.91457208180044 1.92836702180257
0.0155977940229347 0.963705828968944 2.00842208611518 2.9247615845656 1.92746403007514
0.025302949355275 0.92164036898403 2.15623964851334 2.90420180743581 1.93150693716596
0.0185936585911505 0.922208115464461 1.97462187202075 2.88972919962088 2.01714417796682
0.0156197039706279 0.981064876485524 1.96227064610866 2.95142740429903 2.02114262286796
0.0144216582739693 0.860490371675952 2.07305402868427 2.9247826674711 1.92695280589263
0.0839780828693296 0.940280512220478 2.04294828184851 2.9109663010369 2.03109216266632
0.0179373694026686 0.958411253243752 1.9727234416436 2.95483377974212 1.94131611795645
0.0183741310244538 0.864980505375534 2.12775886051302 2.9081106573557 1.92903322874537
0.0336076451444675 0.911370643832499 2.12440323458846 2.96933206635766 1.9745695180206
0.0256440238314427 0.974330981244883 2.02957698778106 2.95240211593174 1.93863966105547
0.0170412123429402 0.92810729391691 2.06960261495992 2.9553418814005 2.01810846430834
0.0143572577715416 0.90014336264505 2.05854871157878 2.95146725154809 1.93750520669511
0.0141993143310861 0.903706597467286 2.06892809715911 2.94830785491211 1.93487989354196
0.1113231849198 0.925086489859327 2.03650335237369 2.96309851154003 1.95209882051075
0.0159860935293284 0.957317424746 1.85637965785537 2.91584069560205 1.92619091576196
0.0157859065886948 0.920419336569164 2.048004296174 2.96358006326317 2.00758320486067
0.0129822681722393 0.930461084661983 2.04988403422097 2.91175704121902 1.92667616086363
0.013703703716663 0.951791733329079 1.97922677546127 2.95044048806576 1.93544238084462
0.012325944983834 0.978212705473504 1.89851496680684 2.9704693267584 1.98700664764491
0.0179693079385902 0.995221691252568 1.93800682421454 2.8745003452122 1.97046172184875
0.0122047917560517 0.914187370455329 2.01918483410005 2.87663289363524 1.9608852535515
0.011541753915834 0.953642521065996 2.02570697169022 2.9565796163545 2.01895161303279
0.0170332155351539 0.89806532850135 2.03470091606681 2.91767055611373 1.92501229232305
0.0154675256027792 0.881400087070193 2.10066002052031 2.88488033124254 1.94434215100078
0.013189337598288 0.987157288887477 1.76869048679745 2.89350064737998 1.93517002468628
0.0150896144112572 0.948215662737318 2.04998640639467 2.94638557919594 2.0278497648777
0.0139641201686358 0.984192128222711 1.89590972696286 2.95383380545747 1.93727862694204
0.0135517498396128 0.899115685929604 2.07130720764909 2.90876181572026 1.92651895218145
0.0163959291497185 0.972366172233833 1.98171561843831 2.91789709758218 1.92450414051724
0.0246319377993577 0.960393422519685 2.04379692319681 2.92459339600152 1.92425751544862
0.00998914001651982 0.940372389843718 1.92466325720731 2.97135327018105 1.97299824663094
0.0222453024199324 0.715412478798212 2.50358103394942 2.96676545269955 1.95460888149495
0.0133973215656777 0.991646399094981 1.99859446043501 2.87585052120978 1.95894116771841
0.0094011700374523 0.945776502135063 2.08753530071194 2.97226155600928 1.98510006595418
0.0114899066667146 0.9045275938921 2.12871271718039 2.91276904120302 2.03574966923499
0.0110623720628523 0.969822861544871 2.00448590901236 2.89376729656393 2.02682895900768
0.013576722820656 0.915631620705406 2.08523013200402 2.96271949487141 1.94521114256233
0.00886804315325534 0.858410114746116 2.09883791676492 2.93274102198321 1.92360940017827
0.0114296681829381 0.978866352311931 2.02653016025602 2.97008627417437 1.99962819265466
0.0102418995202445 0.997312975895797 1.9432503666526 2.8913145207147 2.02527027486172
0.00873361200132411 0.831412212619309 2.08572677421845 2.89716305762447 1.92977291048882
0.011119473719182 0.838546806376544 2.19572881450595 2.96540978703477 1.94884773638918
0.00891697979145765 0.905680851190416 2.09917680141539 2.97109273802883 1.99737552203223
0.0135801778638027 0.858149857055171 2.12840528126917 2.96628872037517 1.94973210819889
0.0195131895894978 0.866259552344953 2.09317218080302 2.87298189599879 1.99606010227384
0.0103085642856815 0.961448717571026 2.04194230963506 2.94143991009721 1.92578508381747
0.00984895907436326 0.955821708055718 2.0162874160245 2.87636448479752 2.00688159302022
0.0149130940590195 0.930904950756131 1.99341850617817 2.87077200879333 1.97037537834255
0.00962284628513023 0.97476408667578 1.99675337401773 2.97446427097676 1.98387152147304
0.021874304578998 0.902271685666552 1.97517741451726 2.97319283823107 1.96571904468233
0.0106282690360099 0.921838963216586 2.01263209479777 2.87525215410524 1.95380822862976
0.00928993681815487 0.976080880128209 1.90765299744326 2.87408860367732 1.95656250956859
0.0237798878748689 0.943689616694742 2.05383821071137 2.89371382842915 2.02937728560009
0.00906450689329677 0.936272579655965 2.04938830050968 2.90754964378907 1.92293550549694
0.0115910528369467 0.899541898355991 1.95645173512733 2.93368090610455 1.9216851911145
0.0109553767951234 0.821962491622892 2.22638216908916 2.90233105388568 1.92467908083261
0.0151078078084795 0.946330778270803 1.92575255623637 2.9624142253103 1.94099296178261
0.0110943437959252 0.864570042762453 2.12358928402682 2.94170969740649 2.03518783322325
0.0079566357100953 0.902469663617053 2.12759975536325 2.88478768233041 1.93778358384136
0.00908465036907524 0.879390289223359 2.078470280734 2.96489233723827 2.01563081428681
0.00794336029308295 0.951310234119624 1.96387543891496 2.87159557423671 1.96179721334014
0.0110527647073966 0.876701484022754 2.26344804258411 2.97534406496978 1.97447006573014
0.00748981492725879 0.887050329455884 2.09796568052803 2.95580876979317 2.02738133552943
0.0085092297376049 0.95032103037784 1.96343926074191 2.88618375055351 1.93463947042066
0.00821293983280044 0.953302764227428 1.98261209829849 2.87003631165415 1.99589792677504
0.0090747594444431 0.97773323792309 1.94725252386565 2.96523381402014 1.94234713164483
0.0142807106217056 0.812960240119646 2.22895847810321 2.91771948398407 1.91883650067903
0.00958774080098695 0.959567039852049 2.08114110539518 2.97618383857177 1.97158473723679
0.0106267120855703 0.954040959108417 2.08787758308598 2.97032490451346 1.95097378838764
0.00959141446673778 0.96713624534092 1.96357900643673 2.90607541611891 2.03836789675188
0.0107934530905979 0.918234363230493 1.97232931726185 2.89411035618178 1.92715350652207
0.0136862196150376 0.997433830570838 1.97025863009137 2.86771887807204 1.97639096778852
0.0218915578844204 0.9745153540088 2.02123789158663 2.97404479853757 2.00033920814395
0.00763647889549987 0.880574248484529 2.05198680886642 2.90819822551377 1.91950800317431
0.0090645539153365 0.92240602795413 2.09501283363472 2.9634389747795 1.93794337323539
0.00817800738144329 0.924953645806496 2.09673998111688 2.96156269212874 1.93568360937944
0.00817937654542776 0.989307021467863 1.88643892285362 2.90743375015476 1.91946972227466
0.00816844791433055 0.95560958876282 2.13772258855962 2.9744512038086 1.95766914382565
0.0255755615480751 0.980845781389223 2.00108403086654 2.97138870193462 2.00999934767243
0.0196171760308175 0.978633285029935 1.89243905279289 2.91392798438272 1.91733297870712
0.0273048826190189 0.847251224005708 2.17412846330095 2.97639336781899 1.96172754774031
0.00918700475264548 0.986323356385761 1.98030532264734 2.88426814125081 2.02680847449584
0.00900030087644212 0.986427648294585 2.01451679552742 2.95692613362499 1.92939939965173
0.0106971636768804 0.932539352055841 2.05282535760145 2.86610193419072 1.98826704360569
0.0169886835232462 0.965306145467145 1.93355336670355 2.8870420868066 1.92966480489821
0.00908998973363605 0.974839251912089 1.96541822782343 2.95314444533135 2.03376493056981
0.0118366229288871 0.895511333643351 2.06502506121063 2.91214707968978 1.91657571078688
0.01427642466878 0.961452744679395 2.0651030384985 2.89775249568973 1.92167758017537
0.0163306174300069 0.958504598846623 1.95754325374376 2.9001941917258 1.92031169122267
