1 0.909768202602516 2.18421257189161 2.92242029086279 1.98497692828509
1 0.956719472844565 1.92446939709135 2.92565242806634 1.99072076295653
1 0.894718866125162 2.03946345496259 2.93188465993262 1.97085181503642
1 0.918855399330879 2.10232087745117 2.93698497939764 1.98595647935807
1 0.95652950320008 2.05823312542905 2.93644585608015 1.99087361830762
1 0.896645756254384 2.08257512454144 2.92785371052887 1.96087254616566
1 0.947875640213758 1.98590870900959 2.93855267396666 1.96937801029227
1 0.945956763884372 2.04458694149153 2.9039555591635 1.97490328943268
1 0.978899552052154 1.99037311171183 2.93882794387209 1.99093748356237
1 0.973048569786607 1.9318102255102 2.94086452132854 1.96799793678812
1 0.957074828215812 2.00793985865486 2.90764924888293 1.99828832968116
1 0.859782883259769 2.09379594235295 2.91596309476662 1.95593746790941
1 0.87666614815106 2.12226753886722 2.90745950256946 1.96064489367775
1 0.900563782078124 2.048267004823 2.90115151795358 1.97003858227637
1 0.904669708330873 2.13358105489839 2.90938823487937 1.95748629812871
1 0.88405587743014 2.09601838210004 2.94618260010223 1.98230492097275
1 0.928395299704117 2.08992898964915 2.91166403639755 1.95535586012122
1 0.954532498822714 1.97009992050891 2.9322946451233 2.00495157005195
1 0.864303836411775 2.12580686172763 2.92780570639395 1.95240390279607
1 0.952066257287361 2.01777412103939 2.93958817556297 1.95937066007926
1 0.914532315885902 2.04160437832082 2.89634029606307 1.97693224663473
1 0.895924622267799 2.05408427164635 2.9466700729152 1.96808899114051
1 0.933542844869969 1.92610136969285 2.92685833955508 1.94872158194233
1 0.876587971607455 2.11291911305435 2.89494024540454 1.9896206767611
1 0.879952762871385 2.16600824752744 2.89321172118558 1.98030477335511
1 0.958365406634776 2.09930720344824 2.93897139023755 2.00845424745208
1 0.939217467252626 2.04079055751261 2.94575876761083 2.00292224048269
1 0.954133459579717 2.01703916055829 2.95471742719323 1.99285580556171
1 0.939353318810007 2.07188255440127 2.90212647226924 1.94838550773271
1 0.994283471624368 2.0551315750329 2.93562361917678 2.01641174654068
1 0.899514059119965 2.03919697239478 2.9515760260194 1.95757231723252
1 0.958926970820434 1.90612149117447 2.9278700040561 1.93946655886729
1 0.951246863333118 2.00239893195185 2.88616472258994 1.9750363219504
1 0.986778502132227 1.91346244922255 2.90302133082879 1.94483049242461
1 0.989965458866985 1.9388756264719 2.93731672001153 1.94206593310622
1 0.939893230901674 1.95884706595849 2.93108177504945 2.02187902130086
1 0.830658398271547 2.04987897662586 2.95989264538684 1.95882100490969
1 0.933939820794589 1.87300184379454 2.95673807940062 2.00738665695365
1 0.941226060124726 2.06484992762888 2.92788803138734 2.02709445002383
1 0.942813568055724 2.18653941157022 2.92518443585029 2.02920259343562
1 0.860661405268348 2.22767980825256 2.9664347259848 1.97670846309634
1 0.997717525019301 1.90909896099859 2.88256757506415 1.95745534107456
1 0.910557952847606 2.0898822918966 2.91364030325568 2.02966007379883
1 0.883005866604506 2.09923293765072 2.93611953969448 1.93118202016469
1 0.921191032558859 2.07873325654596 2.88635928375006 1.94792900294215
1 0.921928735838358 1.97899972679709 2.96816450642481 1.98668734773522
1 0.969165037703668 1.93924530807784 2.91457208180044 1.92836702180257
1 0.963705828968944 2.00842208611518 2.9247615845656 1.92746403007514
1 0.92164036898403 2.15623964851334 2.90420180743581 1.93150693716596
1 0.953642521065996 2.02570697169022 2.9565796163545 2.01895161303279
1 0.858410114746116 2.09883791676492 2.93274102198321 1.92360940017827
1 0.978866352311931 2.02653016025602 2.97008627417437 1.99962819265466
1 0.997312975895797 1.9432503666526 2.8913145207147 2.02527027486172
1 0.838546806376544 2.19572881450595 2.96540978703477 1.94884773638918
1 0.866259552344953 2.09317218080302 2.87298189599879 1.99606010227384
1 0.864570042762453 2.12358928402682 2.94170969740649 2.03518783322325
1 0.951310234119624 1.96387543891496 2.87159557423671 1.96179721334014
1 0.887050329455884 2.09796568052803 2.95580876979317 2.02738133552943
1 0.812960240119646 2.22895847810321 2.91771948398407 1.91883650067903
1 0.880574248484529 2.05198680886642 2.90819822551377 1.91950800317431
1 0.980845781389223 2.00108403086654 2.97138870193462 2.00999934767243
1 0.847251224005708 2.17412846330095 2.97639336781899 1.96172754774031
1 0.928767475782929 1.95612003735608 2.90900154992862 1.91559773918925
1 0.80340918945195 2.26625195693554 2.9576682096734 1.92484024429274
1 0.9252576779178 2.02545876949676 2.96873317271322 2.02413433439672
1 0.82306229572897 2.40473447457114 2.98209842451624 1.96407168508043
1 0.95029020543764 2.07979015405597 2.98364451186421 1.97210811323842
1 0.933709753488381 2.05366747596835 2.89266974925478 2.04179439297863
1 0.957057391443112 1.98191840781684 2.94226224976119 1.91256287284512
1 0.895483466634182 2.17970501935938 2.88258739558514 1.92481491264405
1 0.857472060750983 2.19201878743041 2.92075939835441 1.90847600177817
1 0.884804330733457 2.08556296061385 2.86167955576907 1.95857830327616
1 0.96118085565313 2.01761236249066 2.96966789163388 2.02786847095802
1 0.870313070288426 2.07504177300078 2.87463431442004 1.93183534741634
1 0.933612623465666 1.92191948273869 2.88403683342669 1.9214501464126
1 0.958593369146649 1.96913905893091 2.86435890768065 1.93914567924227
1 0.929987551821158 2.06640366985319 2.96834998223715 1.92274543633898
1 0.894949636697495 2.09536632846445 2.93126905889225 1.90256956198547
1 0.939284239309568 2.11620722319188 2.86132025887367 1.94296493546193
1 0.969067324579156 1.83843715007423 2.90506179743361 1.9029462315925
1 0.816283869952068 2.17726130281127 2.92901509261324 1.9003800711214
1 0.946696545138659 2.08936998466359 2.86533691067505 1.92743283614933
1 0.91499319082028 2.02069215227842 2.99678856957774 1.9810736805946
1 0.94922187878716 2.00832731141504 2.99435695516306 2.00217223313815
1 0.884636777380967 2.11543152205909 2.87300707935966 1.91580070249067
1 0.949430481970233 2.13151334976026 2.9596370085176 2.05347695375315
1 0.919714440794316 1.95393573597754 2.88104069109593 1.90819856030339
1 0.963551623043658 1.96101928739301 2.91284759121087 1.89473742695028
1 0.978693824936271 2.03221264828736 2.98047973787386 1.92441675563836
1 0.951761333771808 1.99563874243001 2.85660002339542 1.93603416662753
1 0.917339785896854 2.14457494236214 2.9897071736415 1.93658778389743
1 0.984889289264726 1.91891352462901 2.87394939621692 2.04831175371112
1 0.980637179106042 1.91356450410663 2.84532413050856 1.99418164435159
1 0.973245824249928 1.90514738549062 2.98203831000233 2.03653995879164
1 0.981348399236024 1.89673791000781 2.85478006514297 1.93281218644839
1 0.94907372252729 2.01395655458294 2.98553188500997 1.92285031428709
1 0.964443537575379 1.82337648535807 2.84509373090773 1.94748779612561
1 0.912541787914801 2.00197725902213 2.98577983629078 1.92001497964099
1 0.941671019742938 2.06502665157119 2.92016082138429 1.88626435445999
1 0.863481628621966 2.13933338086808 2.87759160121918 1.90079416945597
1 0.894102709683267 2.26325056980153 3.00621634729671 1.98559311952641
1 0.937878351687446 1.91642101762456 2.85585054843561 1.92172779663622
1 0.988026346198072 1.98145322086539 2.97857848452481 2.05086895692227
1 0.960141811483276 2.06307840745175 2.99664394589045 2.02706190829209
1 0.85257829543773 2.16186590680984 3.00256637249153 1.94532411898326
1 0.930916099701836 2.07072853300897 2.99958660410473 1.93741586992609
1 0.826676928589643 2.16077541209999 2.91809280396746 1.88280997515946
1 0.948674531198233 2.12443471258917 2.98796464665925 2.04278111475025
1 0.948002720978543 1.93545952416036 2.85734622295414 1.91441353406122
1 0.874100179622246 2.18065845520441 3.00896685712009 1.96878018941295
1 0.862866050502602 2.24803577311772 2.99489182643348 2.03451480522802
1 0.987832192408209 1.97273932427072 2.93896535706089 2.07645619217289
1 0.956592740048937 2.02987223126349 2.91429402376313 2.0783749699684
1 0.977423420624736 1.83027272705803 2.86305795401295 1.90654887846896
1 0.81414250566723 2.10627604332291 2.97770597889953 1.90232515582006
1 0.892487150183032 2.12664649092951 2.83805156219155 2.010530720777
1 0.870584046256763 2.00039327804516 2.92596764774227 1.8790305404167
1 0.847127031156119 2.17164939605524 2.91644466351082 1.87909972449188
1 0.803932806229425 2.38485412502409 3.00255757941957 1.934415362821
1 0.858703074705867 2.13721687852316 2.83807215045382 1.94480517553708
1 0.879740422258115 2.10988627473294 2.94393178650485 1.88141251968756
1 0.958880172583701 1.94624006858818 2.9868613834118 2.05109525098398
1 0.84456855012879 2.07423882673709 2.85115623997282 1.91600949260906
1 0.917392533782901 2.04267733301991 2.99259903551313 1.91444947214433
1 0.957388260154429 1.95589644682855 2.91159447829676 1.87765707258692
1 0.797609855997341 2.46482504236892 2.97109700639703 1.89249380230758
1 0.851676943809722 2.19839669404341 2.92820758501396 1.87682307181987
1 0.901298517942116 1.95176145562772 3.00710637955149 1.93952732632873
1 0.893636478146421 2.08151017573338 3.01461516812764 1.98908245469995
1 0.869644276593708 2.24888876861516 2.92067271323448 2.08472893075831
1 0.851279864286789 2.11311079467339 2.9527230261643 1.88010101616448
1 0.953934511164076 1.94966745832505 2.84686118884823 1.91638837078679
1 0.808257164367892 2.26501733545082 2.96458707786678 1.88395511404749
1 0.962546318169107 2.10185195856214 2.98688949424764 1.90060979598723
1 0.903959288043192 2.19648189380288 3.01593244299136 2.00308021800044
1 0.973296442640291 1.85446059826164 2.94496334318476 1.87429748064968
1 0.911101548061173 2.11651051505421 2.84311293238823 1.91765237169966
1 0.845947432768842 2.09545049994779 2.82571716850858 1.9720623138859
1 0.911570988037134 2.17380874817602 3.01989965355064 1.97870353238319
0.124379389926433 0.968683297734832 1.99828282747757 2.95880381796434 1.87695668656789
0.0982487712808728 0.86594947400762 2.23159849196549 3.00992466706947 2.02994895886564
0.096242586300831 0.999337060331567 2.00525477032236 2.89138635611555 2.08586072345924
0.119427401976982 0.906041302168009 2.12063983442185 2.89264634654796 2.08640104006249
0.125444354848304 0.941961528190385 2.15062413353314 2.98910653111148 2.06264804769365
0.149974439658244 0.841012669554035 2.19598303243673 2.95326906602424 1.87257398732264
0.124199265051398 0.985283976087911 2.10128110102713 2.89868931370617 2.08991253410524
0.106679376207313 0.929844773303265 1.98920103043136 2.97830645829865 2.0739775691515
0.175713335585571 0.988836823061821 1.86069085133774 2.88028738525385 1.8760269723659
0.109145940247648 0.992675341744838 1.75522451165725 2.91222893402458 1.86543195359485
0.101452081065047 0.940412769530376 2.06659214437633 2.97373965550156 1.8802149725682
0.097760452157181 0.853821474545406 2.21841713852169 2.98829066531299 1.89050361250743
0.0945869412847431 0.891023199975843 2.05741377525035 2.89352446577594 2.09141491264597
0.102413759484926 0.87573012958638 2.16190180766885 2.99406039441946 1.89449578055985
0.543696170803249 0.714570792225898 2.35816039274374 3.00118764824429 1.90169327511002
0.106418873128844 0.927630536170892 2.07806264676508 3.01498203671908 1.9232019179149
0.118853363194231 0.968792933143691 1.91804549326736 2.99618831284453 1.89471590806943
0.0662628448499912 0.93656612333138 2.1018031739224 2.96936191812182 1.87308793282204
0.0657937479200942 0.920667918868522 2.19621948432946 2.91727672542824 2.09895935776988
0.0714098417756966 0.990325191490107 1.94007996731966 3.02844506795652 1.96962042767499
0.0667416309153076 0.90226361635267 1.95076220333047 2.8375624195711 1.90598937564085
0.0637535055281697 0.91083848223685 2.18525947216819 3.02159648934378 2.02779904966748
0.0695457377931107 0.929317768624067 2.02753635850161 2.84691229051111 1.89256842193855
0.0981313279433114 0.901487605012002 2.02553359131414 2.83691167281509 1.90476465778255
0.085569045275453 0.953879206895103 2.02924221750279 3.01317749934872 2.04665259494343
0.0813084186400821 0.870504932002703 2.27430310651684 3.0310623813368 1.9787988109055
0.0769001238712755 0.923105059531602 2.02848799544186 2.95924537880951 1.86377526895926
0.072232797831353 0.889826574331571 2.2376323137391 3.02146556020749 1.92732692346023
0.0874243609951814 0.822402613682564 2.16461048079985 2.96051263391825 1.8640417248615
0.0758056997365765 0.871538148049481 2.09682500243527 2.94127007053525 1.85753311104825
0.0705396655653583 0.770040063817221 2.36914829401213 3.0158787671223 1.9134708447453
0.0852709252526712 0.941816737300045 1.99536105367691 2.82076327663323 1.93033101006058
0.0906839694104674 0.823648233693062 2.20420203944478 2.93463265419265 1.8557725738717
0.0524143503758908 0.994176412073448 2.0699229172045 3.01750975412123 2.04517786639092
0.0519474772694082 0.951561184557627 2.16398411667077 3.02901056274058 2.01759617820621
0.063209745593691 0.995753043040948 1.93511396291145 2.81099147586989 1.96152320737416
0.0266671775714565 0.887171113169605 2.10900423654569 3.02869073685845 2.02420760176772
0.0293517011440994 0.84208614315929 2.11573571767339 2.90666529900528 1.85261819166925
0.0257488291542424 0.751027711638815 2.47982552297944 3.03119415417838 1.94146585369916
0.035289203508793 0.959328727703118 2.08786375418804 3.03005039545219 2.02267927930307
0.0399044839618144 0.884257656325857 2.11924506485008 3.01878996422467 1.91044193086991
0.0256732059523194 0.918716854497402 2.08659616326644 3.03523287652919 1.95722808030588
0.0189120705790528 0.933935821590079 2.04093736887596 3.03159939085962 1.94041080336824
0.0189503371635059 0.947775744093739 2.00359342855154 2.97992780409343 1.86755008121362
0.0350900080818663 0.932808312659416 2.10198265644796 3.03040852981998 2.02485862473397
0.0300107517656366 0.902205255361798 2.16367051777903 3.02098041934776 2.04841790697805
0.0253463402676653 0.805085361838079 2.11578202016062 3.01793211024571 1.90565929327267
0.0239891784409497 0.892501418397211 1.97428987261556 2.89260230276127 1.8525418338509
0.0430361337369775 0.918928148245575 2.02667638673273 2.80741047563351 2.00384253579524
0.0211429699105518 0.953225565021428 1.90826460371335 2.80560589152086 1.96833964797642
0.0459499490816285 0.897361543658853 2.07303061137132 3.00902790308863 1.89078387498729
0.0187656184795498 0.804062622450227 2.26515088279333 2.93409760845736 1.84720293006987
0.0369144142599022 0.902254934232535 2.04936592417003 3.0080595982113 1.88748520367158
0.0186128150470051 0.992037063103816 1.92352982971441 2.80879945151269 1.941086374401
0.0174698049959474 0.896372471963894 2.14808922919943 3.03597723391916 2.01878774238235
0.0262484341711713 0.943591194541108 2.01414829090219 2.85751516134442 1.86737616073114
0.0208331242495225 0.954426086195746 1.98598818305783 2.95158784771591 2.11098206984522
0.0494687308051582 0.915016046713432 2.13151860928783 2.94977851540914 2.1119236225951
0.0173031101972035 0.989347824009528 1.89826518244174 2.83389018647176 1.88735176222813
0.0363838562139072 0.930869548783759 2.10914884856036 3.00007472627369 1.87526193249965
0.0215567546139604 0.993058354159955 1.9937963983505 3.03483624531231 2.03009122438584
0.0245765152940217 0.87352098354762 2.10186881498893 2.96749549288788 1.85309498624851
0.0222248076263457 0.765282620257304 2.27706895709622 2.81363572017128 1.9194622818464
0.0206251383210099 0.857566523529709 2.18289331997502 2.88967008801334 1.8474188888135
0.0220146618648635 0.929450208052093 2.0373825809543 2.96716382663412 1.85196329086149
0.0172378294976877 0.970683645022659 1.90493204836646 2.88284248796534 1.84953407487659
0.0144749987063303 0.8510423451559 2.0889802294113 2.97115258134562 1.85302666330714
0.0233088335230829 0.83396531657079 2.04008464030444 2.92813893354446 1.84150215964654
0.0170477817302755 0.861327711768856 2.14047671033912 2.8681433243803 1.85531964817468
0.0160499383247265 0.773185479646286 2.31552065233677 3.04390064594854 1.95664994844691
0.0154951847459141 0.964097740268219 1.88461757696978 2.90694285203105 1.84127505002019
0.0160385527203525 0.905120798830167 2.11160851890007 3.03826093389484 1.92963557299426
0.0155977940229347 0.896781095329873 2.14044195345021 2.82401951187523 1.89402654208317
0.025302949355275 0.940622857246522 2.04712342374208 2.81167687999594 1.91501339667018
0.0185936585911505 0.702383952252145 2.40693325687456 2.92688683162923 1.83893410506081
0.0156197039706279 0.946296394433181 2.08105598438611 2.89453406684805 2.11724466115342
0.0144216582739693 0.951984677670008 1.88596496262336 2.87357690133498 1.84985339163395
0.0839780828693296 0.875641020647701 2.25408929326729 3.04448372616116 2.01150642578262
0.0179373694026686 0.928416731361714 2.02230499035744 3.00286378766848 1.87136786388412
0.0183741310244538 0.84637100257341 2.21884496698696 2.98442962907745 1.85675138616989
0.0336076451444675 0.963996949959941 2.00202504368229 2.96228408758568 1.84556945816893
0.0256440238314427 0.847926589195523 2.16945311050944 3.02048822489214 1.89073647783392
0.0170412123429402 0.992058977547838 1.83730657497943 2.85661340371274 1.85844266817197
0.0143572577715416 0.821093813243448 2.33293274974602 3.02879584211862 2.05670274134583
0.0141993143310861 0.890833044547424 2.03464640224311 2.94082297708139 1.83850458803967
0.1113231849198 0.865242983165822 1.97761456842742 2.93926134879238 1.83800909340094
0.0159860935293284 0.93485665081354 1.96042411306355 2.85022862707519 1.86173164138956
0.0157859065886948 0.943561907599653 2.06830303892599 3.04956215901929 1.98172679829673
0.0129822681722393 0.888018573330123 2.19625588816174 3.04931228091054 1.98948899457073
0.013703703716663 0.950368237426081 2.16732211294418 3.04047431032956 2.0345928114946
0.012325944983834 0.739601420378019 2.36478941668618 3.00801495167066 1.87290818794456
0.0179693079385902 0.952844030247392 1.99978788299124 3.02282096012914 2.06887383115805
0.0122047917560517 0.953184574506385 2.0109075981383 2.93756061970784 1.83661308910638
0.011541753915834 0.944618250504971 2.04758784972223 2.91384261598304 1.83587478660929
0.0170332155351539 0.897254340163328 2.05003038343449 2.95987140079376 1.84176243268917
0.0154675256027792 0.931749857741303 2.09235630288087 3.0454437140447 1.93905800951512
0.013189337598288 0.906920041209944 2.00785121279238 2.81273304089482 2.05575173169893
0.0113074908398995 0.807642904326369 2.21798917191254 2.97166953641158 1.84555245471303
0.0146650465436408 0.969815490442158 1.92500367847369 2.84991380192656 1.85950051447887
0.0170070738357814 0.999609219440827 2.02942460193304 3.0521943911341 1.97779423405744
0.0892409147440773 0.87280801994853 2.18423560061383 3.00478085468828 1.86588418997742
0.0121833021315254 0.893746629531085 2.1246083935555 3.03053999443002 1.89477315076816
0.0138361263648198 0.991647443395148 1.88093074711246 2.80165637586516 2.04000381292436
0.0129744909369895 0.884368203643326 2.01949878548696 2.87672135314536 1.84006136238866
0.0141293741865343 0.919952564229383 2.09925300932527 3.03980446273713 1.91173105176007
0.0147896800213521 0.855942731222603 1.95555419135295 2.87080055045102 1.84250273447532
0.0166925422495229 0.994455671524426 1.84517612079216 2.86340495623892 1.84615905364419
0.0126731234064626 0.967847196521542 1.96929575593814 2.82553733047031 1.87797341813057
0.0179930735396981 0.895109516315691 2.14055837845017 3.01447009893879 1.87256814345973
0.0499265428507734 0.905780516112062 2.08301952981759 3.04234189365754 1.91604061321022
0.0129288331934835 0.940750402506109 2.1655306972092 3.05295996871303 2.00823289823658
0.0116254249740981 0.955533886225564 1.88878137768824 2.81037972807845 1.89855769620666
0.0443811358521041 0.812971662075557 2.22305256786458 2.82859322190861 1.87260215865647
0.0123536446060745 0.91003869187211 1.86796518666349 2.87410805425237 1.83918197395454
0.020010366471187 0.87610308227922 1.99399533851052 2.78879442011026 1.98868860584253
0.0150543312141696 0.788653382938106 2.49365729413829 3.05598813831162 1.9912143947421
0.0131496286382524 0.940706278827274 1.79595885868262 2.96098466931065 1.8350457422106
0.0120535016285268 0.894658930744832 1.88874388876481 2.97915770173559 1.84271461474233
0.0115478203319483 0.985635390920869 1.90330716570959 2.86323515267325 1.84323585446393
0.0114161186194778 0.949496811984429 2.02637088333328 3.01199796722696 1.86568079735312
0.013011918633979 0.809125086977184 2.20327748249002 2.93749238828434 1.82815399091227
0.013725818371666 0.898605305184036 2.11973725463824 2.79018157484597 1.94621091494353
0.022660116498697 0.981582007272324 1.80710641218349 2.84494347075242 1.85417026953321
0.0128916757981316 0.895899814768256 2.05449502483452 2.97853045582551 1.83992649448839
0.0127094747778919 0.89717851138692 2.03811958092351 2.81615562800974 1.88348714654754
0.0117983429748899 0.972858965905604 1.91731262871433 2.8807760347346 1.83335553742868
0.0131199643589898 0.863756559543634 2.326812053665 3.05672390109039 1.95163464182077
0.0150403461045243 0.883901381310555 2.16884403434146 3.02974441312916 1.88163283816755
0.0208659207833108 0.901117846928092 2.1843472148456 3.05738360365121 1.94580410182184
0.0246842238780668 0.914853053947817 2.03744508726159 2.97263403646399 1.83411851562459
0.0134444977088231 0.892295969440769 2.04352731618661 2.94714477516214 1.82593561930611
0.0118662345048804 0.849813457300976 2.30528135407775 3.0405316771361 1.897552003928
0.0122110728319613 0.766287257093376 2.26095339233234 3.01102974024108 1.85909867554009
0.0162947852696534 0.977670814578207 2.04101787150588 3.06106626894484 1.99506326190764
0.0203957606717712 0.92961511670439 1.90250243920548 2.80227906387913 1.89969615684302
0.0153810845666362 0.880829211606925 2.21943667545132 3.05882423769107 1.94685579889961
0.0122255209919858 0.931027578998304 2.20219448147908 3.06017613773297 2.00630347879766
0.0197283832845764 0.952873217719378 2.0306438172921 3.06174248917046 1.96614210235323
0.0120075446207299 0.961552539142236 2.02829196957063 3.06169077027368 1.96112204383917
0.0174808510514728 0.936243064940598 1.948961567913 2.9806835113436 1.83571019521211
0.0119229541491257 0.969597094372225 2.01096419714712 3.01094473041396 1.85653642044669
0.0209850015351207 0.8854026534598 2.02176716054095 2.84387424615156 1.84738224756563
0.0138118429378823 0.991193552739375 1.80065334861128 2.98022609024519 1.83425443985163
0.0117784053855603 0.964204804016591 2.05618476072646 3.06122510837662 1.94676099493055
0.0140576397305756 0.962333271503507 2.13969579522012 3.05407028180789 2.04021986813511
0.0140514033555532 0.970502687299267 1.96408675779272 3.05844160016984 1.93321854869742
0.014192238792704 0.894632074321328 2.14098893918474 3.02930890076819 2.08550855356586
0.0134078547866989 0.987176893093974 1.83465310879699 2.8516094670495 1.84020137609606
0.0269448363895685 0.812396638463428 2.34042980619211 2.99880480876416 1.84348892326377
0.0314674364069963 0.882084496119285 2.04452819815746 2.94253945842684 1.82010275132969
0.0121697785420715 0.848402840549886 2.20401925346562 2.99251198183342 1.83758970091808
0.023098567918028 0.968600917014253 2.04029276750917 3.03877879183822 2.07677867922659
0.0115929686505463 0.906688262303532 2.27204183690159 3.06745799148302 1.98569786257746
0.0115909793066191 0.847094087751215 2.30956326802937 3.00237192112916 1.84283540568115
0.0347490231754346 0.874922928249938 2.24730147562394 3.06117865543528 2.03164841649032
0.0129993466896015 0.793540607572047 2.29216196143214 2.85223552946217 1.83467417653273
0.0113940317644886 0.934943824434874 2.00447992838698 2.92151220536149 1.81436399347505
0.0122696576490448 0.879140133076006 2.10220010550192 3.01416287462582 1.85075210549089
0.0139290373987703 0.968646441247633 2.16214743057297 3.05292758358909 2.05540877447776
0.0120377781778239 0.886642158787129 2.14364797825297 2.9954279939587 1.83602862329838
0.0172531352648134 0.831743835664359 2.27762432205625 3.06229738917975 1.92918198931296
